id,label,prediction
0.0,0.0,0.023887183517217636
1.0,0.0,0.036167774349451065
2.0,0.0,0.05826232582330704
3.0,0.0,0.02207839861512184
4.0,0.0,0.02398207224905491
5.0,0.0,0.0012999485479667783
6.0,0.0,0.06198906525969505
7.0,0.0,0.019073618575930595
8.0,0.0,0.013356479816138744
9.0,0.0,0.023636609315872192
10.0,0.0,0.019770890474319458
11.0,0.0,0.06452606618404388
12.0,0.0,0.0008195864502340555
13.0,0.0,0.06428132206201553
14.0,1.0,0.36238032579421997
15.0,0.0,0.0034192120656371117
16.0,0.0,0.0012720894301310182
17.0,0.0,0.015856554731726646
18.0,0.0,0.02663862146437168
19.0,0.0,0.06087524816393852
20.0,0.0,0.0032570287585258484
21.0,1.0,0.4360010325908661
22.0,0.0,0.04019296169281006
23.0,0.0,0.05812613666057587
24.0,0.0,0.015413998626172543
25.0,0.0,0.025771109387278557
26.0,0.0,0.003459122497588396
27.0,0.0,0.023636609315872192
28.0,0.0,0.01685047335922718
29.0,0.0,0.4360010325908661
30.0,0.0,0.0013536671176552773
31.0,0.0,0.01729780063033104
32.0,0.0,0.023393183946609497
33.0,0.0,0.024906201288104057
34.0,0.0,0.026301685720682144
35.0,0.0,0.028621075674891472
36.0,0.0,0.04260427877306938
37.0,0.0,0.025005033239722252
38.0,0.0,0.018330127000808716
39.0,0.0,0.015916068106889725
40.0,0.0,0.0036289540585130453
41.0,0.0,0.013495939783751965
42.0,0.0,0.025771109387278557
43.0,0.0,0.023616880178451538
44.0,0.0,0.027234036475419998
45.0,0.0,0.0013714581727981567
46.0,0.0,0.023922305554151535
47.0,0.0,0.02445853315293789
48.0,0.0,0.04019111022353172
49.0,0.0,0.056640829890966415
50.0,0.0,0.0014202744932845235
51.0,0.0,0.041035208851099014
52.0,0.0,0.015878908336162567
53.0,0.0,0.0013047066750004888
54.0,0.0,0.03634200617671013
55.0,0.0,0.016994355246424675
56.0,0.0,0.0013714581727981567
57.0,0.0,0.027234036475419998
58.0,0.0,0.029283806681632996
59.0,0.0,0.0012717836070805788
60.0,0.0,0.04463106021285057
61.0,0.0,0.0028727175667881966
62.0,0.0,0.030939796939492226
63.0,0.0,0.023887183517217636
64.0,0.0,0.011111723259091377
65.0,0.0,0.014891373924911022
66.0,0.0,0.07257384061813354
67.0,0.0,0.02663862146437168
68.0,0.0,0.06344211101531982
69.0,0.0,0.024906201288104057
70.0,0.0,0.05454898998141289
71.0,0.0,0.015878908336162567
72.0,0.0,0.05812613666057587
73.0,0.0,0.033961985260248184
74.0,0.0,0.02314114384353161
75.0,0.0,0.014891373924911022
76.0,0.0,0.04236553981900215
77.0,0.0,0.024717602878808975
78.0,0.0,0.027234036475419998
79.0,0.0,0.025873281061649323
80.0,0.0,0.003551457542926073
81.0,0.0,0.025005033239722252
82.0,0.0,0.4226042330265045
83.0,0.0,0.0012720894301310182
84.0,0.0,0.04041016474366188
85.0,0.0,0.055439580231904984
86.0,0.0,0.023636609315872192
87.0,0.0,0.02544485405087471
88.0,0.0,0.026122327893972397
89.0,0.0,0.02323314920067787
90.0,1.0,0.06175331398844719
91.0,0.0,0.0012335442006587982
92.0,0.0,0.025771109387278557
93.0,0.0,0.026425663381814957
94.0,1.0,0.4169812500476837
95.0,1.0,0.02360360138118267
96.0,0.0,0.015590906143188477
97.0,0.0,0.016435613855719566
98.0,0.0,0.059844039380550385
99.0,0.0,0.06044430285692215
100.0,0.0,0.01574668474495411
101.0,0.0,0.03513512387871742
102.0,0.0,0.017810726538300514
103.0,0.0,0.025771109387278557
104.0,0.0,0.014243694953620434
105.0,0.0,0.0014202744932845235
106.0,0.0,0.0014513740316033363
107.0,0.0,0.02314114384353161
108.0,0.0,0.017810726538300514
109.0,0.0,0.028748469427227974
110.0,0.0,0.018040908500552177
111.0,0.0,0.029320085421204567
112.0,0.0,0.024871468544006348
113.0,0.0,0.025771109387278557
114.0,0.0,0.039917442947626114
115.0,0.0,0.031205356121063232
116.0,0.0,0.054293230175971985
117.0,0.0,0.4360010325908661
118.0,0.0,0.0012464794563129544
119.0,0.0,0.01678997464478016
120.0,0.0,0.06512225419282913
121.0,0.0,0.06113040819764137
122.0,0.0,0.06244385614991188
123.0,0.0,0.025873281061649323
124.0,0.0,0.023697391152381897
125.0,0.0,0.06266964226961136
126.0,0.0,0.023922305554151535
127.0,0.0,0.025771109387278557
128.0,0.0,0.014700775034725666
129.0,0.0,0.04339463636279106
130.0,0.0,0.025771109387278557
131.0,0.0,0.022331207990646362
132.0,0.0,0.02814936637878418
133.0,0.0,0.027386168017983437
134.0,0.0,0.04685603082180023
135.0,0.0,0.011426706798374653
136.0,0.0,0.029535578563809395
137.0,0.0,0.4476095139980316
138.0,0.0,0.010836593806743622
139.0,0.0,0.025771109387278557
140.0,0.0,0.02663862146437168
141.0,0.0,0.018032919615507126
142.0,0.0,0.0247221440076828
143.0,0.0,0.030163714662194252
144.0,0.0,0.07445419579744339
145.0,0.0,0.015223466791212559
146.0,0.0,0.016994355246424675
147.0,1.0,0.025771109387278557
148.0,0.0,0.05773843452334404
149.0,0.0,0.024871468544006348
150.0,0.0,0.05547303706407547
151.0,0.0,0.024906201288104057
152.0,0.0,0.01685047335922718
153.0,0.0,0.02628469653427601
154.0,0.0,0.023887183517217636
155.0,0.0,0.02663862146437168
156.0,0.0,0.017969094216823578
157.0,0.0,0.025873281061649323
158.0,0.0,0.022420059889554977
159.0,0.0,0.025810956954956055
160.0,0.0,0.028508367016911507
161.0,0.0,0.025771109387278557
162.0,0.0,0.01574668474495411
163.0,0.0,0.0597548745572567
164.0,0.0,0.01899777166545391
165.0,0.0,0.025771109387278557
166.0,0.0,0.025005033239722252
167.0,0.0,0.02445853315293789
168.0,0.0,0.016122156754136086
169.0,0.0,0.038531553000211716
170.0,0.0,0.026744144037365913
171.0,0.0,0.029535578563809395
172.0,0.0,0.038782041519880295
173.0,0.0,0.06198906525969505
174.0,0.0,0.0035027526319026947
175.0,0.0,0.0273841954767704
176.0,0.0,0.02358420193195343
177.0,0.0,0.011426706798374653
178.0,0.0,0.02628469653427601
179.0,0.0,0.43026041984558105
180.0,0.0,0.030141258612275124
181.0,0.0,0.001305232523009181
182.0,0.0,0.017969094216823578
183.0,0.0,0.02544485405087471
184.0,0.0,0.0014078195672482252
185.0,0.0,0.0014260467141866684
186.0,0.0,0.025771109387278557
187.0,0.0,0.025771109387278557
188.0,0.0,0.0012720894301310182
189.0,0.0,0.026284994557499886
190.0,0.0,0.0597548745572567
191.0,0.0,0.010159410536289215
192.0,0.0,0.02632135897874832
193.0,0.0,0.01574668474495411
194.0,0.0,0.02133302018046379
195.0,0.0,0.02651994675397873
196.0,0.0,0.015247267670929432
197.0,0.0,0.02355126105248928
198.0,1.0,0.417167991399765
199.0,0.0,0.027001334354281425
200.0,0.0,0.014891373924911022
201.0,0.0,0.001873705768957734
202.0,0.0,0.02632135897874832
203.0,0.0,0.025245940312743187
204.0,0.0,0.025771109387278557
205.0,0.0,0.02314114384353161
206.0,0.0,0.023705922067165375
207.0,0.0,0.015878908336162567
208.0,0.0,0.01883346401154995
209.0,0.0,0.01704694889485836
210.0,0.0,0.026425663381814957
211.0,0.0,0.06635303795337677
212.0,0.0,0.025771109387278557
213.0,0.0,0.07419709861278534
214.0,0.0,0.015413998626172543
215.0,0.0,0.05950922146439552
216.0,0.0,0.023135703057050705
217.0,0.0,0.014243694953620434
218.0,0.0,0.0013462231727316976
219.0,0.0,0.029283806681632996
220.0,0.0,0.04081787168979645
221.0,0.0,0.026425663381814957
222.0,0.0,0.015675872564315796
223.0,0.0,0.024871468544006348
224.0,0.0,0.023568198084831238
225.0,0.0,0.024717602878808975
226.0,0.0,0.027234036475419998
227.0,0.0,0.025771109387278557
228.0,0.0,0.025771109387278557
229.0,0.0,0.024906201288104057
230.0,0.0,0.02628469653427601
231.0,0.0,0.024717602878808975
232.0,0.0,0.4152277410030365
233.0,0.0,0.0015140610048547387
234.0,0.0,0.024289600551128387
235.0,0.0,0.02602090686559677
236.0,0.0,0.014777462929487228
237.0,0.0,0.0014202744932845235
238.0,0.0,0.024717602878808975
239.0,0.0,0.016435613855719566
240.0,0.0,0.061627063900232315
241.0,0.0,0.02481570467352867
242.0,0.0,0.027341853827238083
243.0,0.0,0.025550583377480507
244.0,0.0,0.05522727221250534
245.0,0.0,0.02358420193195343
246.0,0.0,0.4445684850215912
247.0,0.0,0.019178984686732292
248.0,0.0,0.038782041519880295
249.0,0.0,0.027001334354281425
250.0,0.0,0.0013193896738812327
251.0,0.0,0.02314114384353161
252.0,0.0,0.024556316435337067
253.0,0.0,0.024906201288104057
254.0,0.0,0.016435613855719566
255.0,0.0,0.022451452910900116
256.0,0.0,0.02314114384353161
257.0,0.0,0.018040908500552177
258.0,0.0,0.02323314920067787
259.0,0.0,0.0034105125814676285
260.0,0.0,0.03683403134346008
261.0,0.0,0.027234036475419998
262.0,0.0,0.025229530408978462
263.0,0.0,0.027234036475419998
264.0,0.0,0.022451452910900116
265.0,0.0,0.025229530408978462
266.0,0.0,0.022331207990646362
267.0,0.0,0.013825992122292519
268.0,0.0,0.024871468544006348
269.0,0.0,0.01441872026771307
270.0,0.0,0.0018020115094259381
271.0,0.0,0.0015030310023576021
272.0,0.0,0.4436468780040741
273.0,0.0,0.017810726538300514
274.0,0.0,0.015025421045720577
275.0,0.0,0.43164539337158203
276.0,0.0,0.02236247807741165
277.0,0.0,0.01255442202091217
278.0,0.0,0.014555196277797222
279.0,0.0,0.029936516657471657
280.0,0.0,0.023948587477207184
281.0,0.0,0.01757531799376011
282.0,1.0,0.018421942368149757
283.0,0.0,0.055310074239969254
284.0,0.0,0.02814936637878418
285.0,0.0,0.038453470915555954
286.0,0.0,0.016435613855719566
287.0,0.0,0.01823294162750244
288.0,0.0,0.014243694953620434
289.0,0.0,0.025771109387278557
290.0,0.0,0.003244467545300722
291.0,0.0,0.05826232582330704
292.0,0.0,0.01722889207303524
293.0,0.0,0.025550583377480507
294.0,0.0,0.025550583377480507
295.0,0.0,0.02544485405087471
296.0,0.0,0.025771109387278557
297.0,0.0,0.025771109387278557
298.0,0.0,0.014621013775467873
299.0,0.0,0.43125638365745544
300.0,1.0,0.3587191700935364
301.0,0.0,0.0014202744932845235
302.0,0.0,0.01629883050918579
303.0,0.0,0.02236247807741165
304.0,0.0,0.026141773909330368
305.0,0.0,0.06368388235569
306.0,1.0,0.025873281061649323
307.0,0.0,0.02360360138118267
308.0,0.0,0.017969094216823578
309.0,0.0,0.024717602878808975
310.0,0.0,0.025771109387278557
311.0,0.0,0.02358420193195343
312.0,0.0,0.011426706798374653
313.0,0.0,0.024555636569857597
314.0,0.0,0.4122503101825714
315.0,1.0,0.02532961592078209
316.0,0.0,0.025771109387278557
317.0,0.0,0.024906201288104057
318.0,0.0,0.026122327893972397
319.0,0.0,0.024017333984375
320.0,0.0,0.015590906143188477
321.0,0.0,0.0013792738318443298
322.0,0.0,0.025346089154481888
323.0,1.0,0.4816263020038605
324.0,0.0,0.025873281061649323
325.0,0.0,0.06574150919914246
326.0,0.0,0.023887183517217636
327.0,0.0,0.05787777155637741
328.0,0.0,0.0014202744932845235
329.0,0.0,0.0013973414897918701
330.0,0.0,0.014891373924911022
331.0,0.0,0.0014693202683702111
332.0,0.0,0.05522727221250534
333.0,0.0,0.0013140484225004911
334.0,0.0,0.0015549295349046588
335.0,0.0,0.023420259356498718
336.0,0.0,0.022135263308882713
337.0,0.0,0.035240884870290756
338.0,0.0,0.025771109387278557
339.0,0.0,0.02663862146437168
340.0,0.0,0.017969094216823578
341.0,0.0,0.0013714581727981567
342.0,0.0,0.024970166385173798
343.0,0.0,0.02521074190735817
344.0,0.0,0.0014693202683702111
345.0,0.0,0.014777462929487228
346.0,0.0,0.02544485405087471
347.0,0.0,0.0015775627689436078
348.0,0.0,0.026425663381814957
349.0,0.0,0.02544485405087471
350.0,0.0,0.0013770321384072304
351.0,0.0,0.025810956954956055
352.0,0.0,0.016097549349069595
353.0,0.0,0.0014260467141866684
354.0,1.0,0.02544485405087471
355.0,0.0,0.026405904442071915
356.0,0.0,0.03458906710147858
357.0,0.0,0.02207839861512184
358.0,0.0,0.026122327893972397
359.0,0.0,0.029936516657471657
360.0,0.0,0.025771109387278557
361.0,0.0,0.027234036475419998
362.0,0.0,0.026425663381814957
363.0,0.0,0.0014202744932845235
364.0,0.0,0.02624538727104664
365.0,0.0,0.02440434880554676
366.0,0.0,0.025771109387278557
367.0,1.0,0.03967888653278351
368.0,0.0,0.023780781775712967
369.0,0.0,0.0008104839362204075
370.0,0.0,0.02663862146437168
371.0,0.0,0.02814936637878418
372.0,0.0,0.026425663381814957
373.0,0.0,0.025873281061649323
374.0,0.0,0.0014075487852096558
375.0,0.0,0.0013714581727981567
376.0,0.0,0.022047515958547592
377.0,0.0,0.02481570467352867
378.0,0.0,0.02628469653427601
379.0,0.0,0.06244385614991188
380.0,0.0,0.025005033239722252
381.0,0.0,0.02236247807741165
382.0,0.0,0.0013750650687143207
383.0,0.0,0.017378058284521103
384.0,0.0,0.02481570467352867
385.0,0.0,0.0012772607151418924
386.0,1.0,0.06081767380237579
387.0,0.0,0.0013973414897918701
388.0,0.0,0.03627697005867958
389.0,0.0,0.013825992122292519
390.0,0.0,0.02360360138118267
391.0,0.0,0.024906201288104057
392.0,0.0,0.018226033076643944
393.0,0.0,0.024906201288104057
394.0,0.0,0.025771109387278557
395.0,0.0,0.015938570722937584
396.0,0.0,0.023568198084831238
397.0,0.0,0.02632135897874832
398.0,0.0,0.02361888997256756
399.0,0.0,0.016122156754136086
400.0,0.0,0.053343940526247025
401.0,0.0,0.02624538727104664
402.0,0.0,0.003345412900671363
403.0,0.0,0.32667824625968933
404.0,0.0,0.011426706798374653
405.0,0.0,0.05817730352282524
406.0,0.0,0.06344211101531982
407.0,0.0,0.014223608188331127
408.0,0.0,0.025873281061649323
409.0,0.0,0.024906201288104057
410.0,0.0,0.001317504676990211
411.0,0.0,0.016435613855719566
412.0,0.0,0.025550583377480507
413.0,0.0,0.02314114384353161
414.0,0.0,0.018330127000808716
415.0,0.0,0.027234036475419998
416.0,1.0,0.02632135897874832
417.0,0.0,0.02632135897874832
418.0,0.0,0.027234036475419998
419.0,0.0,0.025550583377480507
420.0,0.0,0.023636609315872192
421.0,0.0,0.02323314920067787
422.0,0.0,0.015916135162115097
423.0,0.0,0.024906201288104057
424.0,0.0,0.023922305554151535
425.0,0.0,0.024556316435337067
426.0,0.0,0.03634200617671013
427.0,0.0,0.05787777155637741
428.0,0.0,0.01729780063033104
429.0,0.0,0.02207839861512184
430.0,0.0,0.01574668474495411
431.0,0.0,0.025771109387278557
432.0,0.0,0.016225576400756836
433.0,0.0,0.02628469653427601
434.0,0.0,0.019073618575930595
435.0,0.0,0.024906201288104057
436.0,0.0,0.02544485405087471
437.0,0.0,0.018086470663547516
438.0,0.0,0.02358420193195343
439.0,0.0,0.014891373924911022
440.0,0.0,0.036484528332948685
441.0,0.0,0.02544485405087471
442.0,0.0,0.02323314920067787
443.0,0.0,0.01692560501396656
444.0,0.0,0.4406580328941345
445.0,0.0,0.02445853315293789
446.0,0.0,0.02314114384353161
447.0,0.0,0.02314114384353161
448.0,0.0,0.017969094216823578
449.0,0.0,0.024871468544006348
450.0,0.0,0.027001334354281425
451.0,0.0,0.024906201288104057
452.0,0.0,0.02445853315293789
453.0,0.0,0.0013694989029318094
454.0,0.0,0.024717602878808975
455.0,0.0,0.01574668474495411
456.0,0.0,0.0014202744932845235
457.0,0.0,0.023922305554151535
458.0,0.0,0.04667496308684349
459.0,0.0,0.018992016091942787
460.0,0.0,0.010952994227409363
461.0,0.0,0.038997992873191833
462.0,0.0,0.013825992122292519
463.0,0.0,0.025913292542099953
464.0,0.0,0.009848781861364841
465.0,0.0,0.016435613855719566
466.0,0.0,0.023948587477207184
467.0,0.0,0.0008162669837474823
468.0,0.0,0.02854803204536438
469.0,0.0,0.014891373924911022
470.0,0.0,0.02632135897874832
471.0,0.0,0.4532330334186554
472.0,0.0,0.02653190866112709
473.0,0.0,0.015096615068614483
474.0,0.0,0.025771109387278557
475.0,0.0,0.015878908336162567
476.0,0.0,0.027234036475419998
477.0,0.0,0.015413998626172543
478.0,0.0,0.024556316435337067
479.0,0.0,0.0629376545548439
480.0,0.0,0.05708349123597145
481.0,0.0,0.025642139837145805
482.0,0.0,0.025873281061649323
483.0,0.0,0.010245205834507942
484.0,0.0,0.017969094216823578
485.0,0.0,0.017969094216823578
486.0,0.0,0.0246882326900959
487.0,0.0,0.019827978685498238
488.0,1.0,0.41323480010032654
489.0,0.0,0.039076488465070724
490.0,0.0,0.017739813774824142
491.0,0.0,0.01506237406283617
492.0,0.0,0.014870388433337212
493.0,0.0,0.0012720894301310182
494.0,0.0,0.016109652817249298
495.0,0.0,0.026141773909330368
496.0,0.0,0.023887183517217636
497.0,0.0,0.02481570467352867
498.0,0.0,0.0014202744932845235
499.0,0.0,0.025229530408978462
500.0,0.0,0.02641528844833374
501.0,0.0,0.0014202744932845235
502.0,0.0,0.025005033239722252
503.0,0.0,0.4016226828098297
504.0,0.0,0.016994355246424675
505.0,0.0,0.0013608243316411972
506.0,0.0,0.01678997464478016
507.0,0.0,0.01629883050918579
508.0,0.0,0.023420259356498718
509.0,0.0,0.02544485405087471
510.0,0.0,0.024906201288104057
511.0,0.0,0.02445853315293789
512.0,0.0,0.0033562947064638138
513.0,0.0,0.01575755886733532
514.0,0.0,0.025771109387278557
515.0,0.0,0.0014513740316033363
516.0,0.0,0.01729780063033104
517.0,0.0,0.025771109387278557
518.0,0.0,0.024906201288104057
519.0,0.0,0.026744144037365913
520.0,0.0,0.022775495424866676
521.0,1.0,0.977886438369751
522.0,0.0,0.025245940312743187
523.0,0.0,0.02323314920067787
524.0,0.0,0.02279067598283291
525.0,0.0,0.0013608243316411972
526.0,0.0,0.025771109387278557
527.0,0.0,0.02188173681497574
528.0,0.0,0.025771109387278557
529.0,0.0,0.04081787168979645
530.0,0.0,0.0013714581727981567
531.0,0.0,0.023922305554151535
532.0,0.0,0.0013714581727981567
533.0,0.0,0.0014202744932845235
534.0,0.0,0.015223466791212559
535.0,0.0,0.029278311878442764
536.0,0.0,0.02544485405087471
537.0,0.0,0.014865498058497906
538.0,0.0,0.026141773909330368
539.0,0.0,0.01689310371875763
540.0,0.0,0.016122156754136086
541.0,0.0,0.05708349123597145
542.0,0.0,0.02042326331138611
543.0,0.0,0.02236247807741165
544.0,0.0,0.015028689987957478
545.0,0.0,0.0012970002135261893
546.0,0.0,0.01575755886733532
547.0,0.0,0.030163714662194252
548.0,0.0,0.023420259356498718
549.0,0.0,0.026301685720682144
550.0,0.0,0.0012283599935472012
551.0,0.0,0.025771109387278557
552.0,0.0,0.024717602878808975
553.0,0.0,0.06154433637857437
554.0,0.0,0.027234036475419998
555.0,0.0,0.02361888997256756
556.0,0.0,0.016994355246424675
557.0,0.0,0.06026450917124748
558.0,0.0,0.028332654386758804
559.0,0.0,0.058760810643434525
560.0,0.0,0.022420059889554977
561.0,0.0,0.03858567029237747
562.0,0.0,0.037436652928590775
563.0,0.0,0.05935477837920189
564.0,0.0,0.05607227236032486
565.0,0.0,0.003345412900671363
566.0,0.0,0.03444520756602287
567.0,0.0,0.01707693375647068
568.0,0.0,0.0597548745572567
569.0,0.0,0.06549248099327087
570.0,0.0,0.017378058284521103
571.0,0.0,0.015856554731726646
572.0,0.0,0.018040908500552177
573.0,0.0,0.04243891313672066
574.0,0.0,0.02519186958670616
575.0,0.0,0.015856554731726646
576.0,0.0,0.024717602878808975
577.0,0.0,0.06498931348323822
578.0,0.0,0.42014530301094055
579.0,0.0,0.02314114384353161
580.0,0.0,0.059674497693777084
581.0,0.0,0.026744144037365913
582.0,1.0,0.040762387216091156
583.0,0.0,0.015938570722937584
584.0,0.0,0.43026041984558105
585.0,0.0,0.0013608243316411972
586.0,0.0,0.024363409727811813
587.0,0.0,0.039073653519153595
588.0,0.0,0.028508367016911507
589.0,0.0,0.024871468544006348
590.0,0.0,0.030163714662194252
591.0,0.0,0.024970166385173798
592.0,1.0,0.44021958112716675
593.0,0.0,0.02412227913737297
594.0,0.0,0.023636609315872192
595.0,0.0,0.0182296484708786
596.0,0.0,0.0032541954424232244
597.0,0.0,0.01899777166545391
598.0,1.0,0.43026041984558105
599.0,0.0,0.02710825391113758
600.0,0.0,0.02547396719455719
601.0,0.0,0.02814936637878418
602.0,0.0,0.025550583377480507
603.0,0.0,0.0012720894301310182
604.0,0.0,0.023887183517217636
605.0,0.0,0.05817730352282524
606.0,0.0,0.024717602878808975
607.0,0.0,0.01899777166545391
608.0,0.0,0.01722889207303524
609.0,0.0,0.02314114384353161
610.0,0.0,0.025771109387278557
611.0,0.0,0.024590618908405304
612.0,0.0,0.025005033239722252
613.0,1.0,0.6049969792366028
614.0,0.0,0.42740845680236816
615.0,0.0,0.017115140333771706
616.0,0.0,0.027234036475419998
617.0,0.0,0.036167774349451065
618.0,0.0,0.03769870847463608
619.0,0.0,0.0246882326900959
620.0,1.0,0.47445109486579895
621.0,0.0,0.024906201288104057
622.0,0.0,0.024970166385173798
623.0,0.0,0.023948587477207184
624.0,0.0,0.004415337927639484
625.0,0.0,0.019121738150715828
626.0,0.0,0.06220649182796478
627.0,0.0,0.027234036475419998
628.0,0.0,0.026425663381814957
629.0,0.0,0.016435613855719566
630.0,1.0,0.9956631064414978
631.0,0.0,0.0014202744932845235
632.0,0.0,0.0035564068239182234
633.0,0.0,0.02304023690521717
634.0,0.0,0.4443788528442383
635.0,0.0,0.016122156754136086
636.0,0.0,0.027341853827238083
637.0,0.0,0.026122327893972397
638.0,0.0,0.025873281061649323
639.0,0.0,0.024590618908405304
640.0,0.0,0.0012124227359890938
641.0,0.0,0.4392189085483551
642.0,0.0,0.02440434880554676
643.0,0.0,0.0008621122688055038
644.0,0.0,0.025771109387278557
645.0,0.0,0.04266770929098129
646.0,0.0,0.016661789268255234
647.0,0.0,0.015086700208485126
648.0,0.0,0.024906201288104057
649.0,0.0,0.024590618908405304
650.0,0.0,0.027234036475419998
651.0,0.0,0.022451452910900116
652.0,0.0,0.04456484690308571
653.0,0.0,0.026982497423887253
654.0,0.0,0.015590906143188477
655.0,0.0,0.01230571698397398
656.0,0.0,0.02314114384353161
657.0,0.0,0.04075709730386734
658.0,0.0,0.4767190217971802
659.0,0.0,0.03301834315061569
660.0,0.0,0.4486140012741089
661.0,0.0,0.0031331481877714396
662.0,0.0,0.015938570722937584
663.0,0.0,0.016661789268255234
664.0,0.0,0.0651688203215599
665.0,0.0,0.016435613855719566
666.0,0.0,0.015878908336162567
667.0,0.0,0.02663862146437168
668.0,0.0,0.06175331398844719
669.0,0.0,0.026744144037365913
670.0,0.0,0.02544485405087471
671.0,0.0,0.02314114384353161
672.0,0.0,0.02624538727104664
673.0,0.0,0.02358420193195343
674.0,0.0,0.028361354023218155
675.0,0.0,0.015803491696715355
676.0,0.0,0.023887183517217636
677.0,0.0,0.0013714581727981567
678.0,0.0,0.0012283599935472012
679.0,0.0,0.025583310052752495
680.0,0.0,0.025771109387278557
681.0,0.0,0.023853830993175507
682.0,0.0,0.02663862146437168
683.0,0.0,0.024906201288104057
684.0,0.0,0.43026041984558105
685.0,0.0,0.025771109387278557
686.0,0.0,0.027234036475419998
687.0,0.0,0.023887183517217636
688.0,0.0,0.025771109387278557
689.0,0.0,0.02663862146437168
690.0,0.0,0.015878908336162567
691.0,0.0,0.026141773909330368
692.0,0.0,0.01704694889485836
693.0,0.0,0.028057031333446503
694.0,0.0,0.02624538727104664
695.0,0.0,0.003091011196374893
696.0,1.0,0.42605772614479065
697.0,0.0,0.025771109387278557
698.0,0.0,0.026141773909330368
699.0,0.0,0.015413998626172543
700.0,0.0,0.0016272624488919973
701.0,0.0,0.02547396719455719
702.0,0.0,0.024871468544006348
703.0,0.0,0.014777462929487228
704.0,0.0,0.0012266056146472692
705.0,0.0,0.02632135897874832
706.0,0.0,0.024218076840043068
707.0,0.0,0.024906201288104057
708.0,0.0,0.017810726538300514
709.0,0.0,0.017336970195174217
710.0,0.0,0.03965608775615692
711.0,0.0,0.0014877234352752566
712.0,0.0,0.025771109387278557
713.0,0.0,0.015734784305095673
714.0,0.0,0.06712701916694641
715.0,0.0,0.0012970002135261893
716.0,0.0,0.024906201288104057
717.0,0.0,0.0014401210937649012
718.0,0.0,0.024906201288104057
719.0,1.0,0.02660154178738594
720.0,1.0,0.4122503101825714
721.0,0.0,0.025771109387278557
722.0,0.0,0.06131014972925186
723.0,0.0,0.027913730591535568
724.0,0.0,0.055946215987205505
725.0,0.0,0.02314114384353161
726.0,0.0,0.014654797501862049
727.0,1.0,0.4461071491241455
728.0,0.0,0.4510480761528015
729.0,0.0,0.022685261443257332
730.0,0.0,0.024501239880919456
731.0,0.0,0.015986574813723564
732.0,0.0,0.03702286630868912
733.0,0.0,0.026301685720682144
734.0,0.0,0.025771109387278557
735.0,0.0,0.027341853827238083
736.0,0.0,0.02421925775706768
737.0,0.0,0.02445853315293789
738.0,0.0,0.025873281061649323
739.0,0.0,0.02663862146437168
740.0,1.0,0.4346681237220764
741.0,0.0,0.02426704578101635
742.0,0.0,0.015246058814227581
743.0,0.0,0.025005033239722252
744.0,0.0,0.4047689437866211
745.0,0.0,0.025771109387278557
746.0,0.0,0.027341853827238083
747.0,0.0,0.024717602878808975
748.0,0.0,0.02314114384353161
749.0,0.0,0.025873281061649323
750.0,0.0,0.014766983687877655
751.0,0.0,0.04322633892297745
752.0,0.0,0.02481570467352867
753.0,1.0,0.8499495983123779
754.0,0.0,0.06139259412884712
755.0,0.0,0.029535578563809395
756.0,1.0,0.8328288793563843
757.0,0.0,0.026141773909330368
758.0,0.0,0.0690503939986229
759.0,0.0,0.02440434880554676
760.0,0.0,0.06302212178707123
761.0,0.0,0.024906201288104057
762.0,0.0,0.024906201288104057
763.0,0.0,0.023393183946609497
764.0,1.0,0.4522433280944824
765.0,0.0,0.014248342253267765
766.0,0.0,0.06175331398844719
767.0,0.0,0.023887183517217636
768.0,0.0,0.014743927866220474
769.0,0.0,0.06290864944458008
770.0,0.0,0.025771109387278557
771.0,0.0,0.0015030310023576021
772.0,0.0,0.02314114384353161
773.0,0.0,0.024717602878808975
774.0,0.0,0.02749258652329445
775.0,0.0,0.02544485405087471
776.0,0.0,0.0013663552235811949
777.0,0.0,0.024906201288104057
778.0,0.0,0.025945642963051796
779.0,0.0,0.024921730160713196
780.0,0.0,0.02314114384353161
781.0,0.0,0.0014260467141866684
782.0,0.0,0.0219366904348135
783.0,0.0,0.025771109387278557
784.0,0.0,0.058941278606653214
785.0,0.0,0.01899777166545391
786.0,0.0,0.024906201288104057
787.0,0.0,0.024590618908405304
788.0,0.0,0.0244136955589056
789.0,0.0,0.0016403414774686098
790.0,0.0,0.025771109387278557
791.0,0.0,0.0012999485479667783
792.0,0.0,0.025771109387278557
793.0,0.0,0.02314114384353161
794.0,0.0,0.035320766270160675
795.0,0.0,0.01685047335922718
796.0,0.0,0.014891373924911022
797.0,0.0,0.011426706798374653
798.0,0.0,0.02663862146437168
799.0,0.0,0.018421942368149757
800.0,1.0,0.01618671976029873
801.0,0.0,0.02624538727104664
802.0,0.0,0.01629883050918579
803.0,1.0,0.3431324362754822
804.0,0.0,0.03513512387871742
805.0,0.0,0.061401501297950745
806.0,0.0,0.06131014972925186
807.0,0.0,0.0018093325197696686
808.0,0.0,0.025873281061649323
809.0,0.0,0.060100309550762177
810.0,0.0,0.024123454466462135
811.0,0.0,0.024906201288104057
812.0,0.0,0.019770890474319458
813.0,0.0,0.026744144037365913
814.0,0.0,0.003499495331197977
815.0,0.0,0.03957344591617584
816.0,0.0,0.02314114384353161
817.0,0.0,0.025771109387278557
818.0,0.0,0.015413998626172543
819.0,0.0,0.014243694953620434
820.0,0.0,0.02445853315293789
821.0,0.0,0.015050983056426048
822.0,0.0,0.0012772607151418924
823.0,0.0,0.0013694989029318094
824.0,0.0,0.014870388433337212
825.0,0.0,0.017992932349443436
826.0,0.0,0.02632135897874832
827.0,0.0,0.016122156754136086
828.0,0.0,0.01886281929910183
829.0,0.0,0.05983950197696686
830.0,0.0,0.02854803204536438
831.0,0.0,0.024717602878808975
832.0,0.0,0.0479184053838253
833.0,0.0,0.017969094216823578
834.0,0.0,0.058945007622241974
835.0,0.0,0.0014058093074709177
836.0,0.0,0.027341853827238083
837.0,0.0,0.027234036475419998
838.0,0.0,0.05582575500011444
839.0,0.0,0.05812613666057587
840.0,0.0,0.02632135897874832
841.0,0.0,0.015413998626172543
842.0,0.0,0.02663862146437168
843.0,1.0,0.4006469249725342
844.0,0.0,0.024906201288104057
845.0,0.0,0.004172900225967169
846.0,0.0,0.026814289391040802
847.0,0.0,0.024555636569857597
848.0,0.0,0.01562632992863655
849.0,0.0,0.023887183517217636
850.0,0.0,0.025229530408978462
851.0,0.0,0.41751599311828613
852.0,0.0,0.06139259412884712
853.0,0.0,0.04493342712521553
854.0,0.0,0.02628469653427601
855.0,0.0,0.05237181484699249
856.0,0.0,0.026425663381814957
857.0,0.0,0.03788267448544502
858.0,0.0,0.0014018514193594456
859.0,0.0,0.06266964226961136
860.0,0.0,0.010245205834507942
861.0,0.0,0.0013608243316411972
862.0,0.0,0.023887183517217636
863.0,0.0,0.03826010972261429
864.0,0.0,0.053454283624887466
865.0,0.0,0.015878908336162567
866.0,0.0,0.0014018514193594456
867.0,0.0,0.024906201288104057
868.0,0.0,0.025245940312743187
869.0,0.0,0.0014202744932845235
870.0,1.0,0.43026041984558105
871.0,0.0,0.05623804032802582
872.0,0.0,0.0182296484708786
873.0,0.0,0.027913730591535568
874.0,0.0,0.05582575500011444
875.0,0.0,0.014931535348296165
876.0,1.0,0.4316074550151825
877.0,1.0,0.926020622253418
878.0,0.0,0.0017724235076457262
879.0,0.0,0.0013808943331241608
880.0,0.0,0.024906201288104057
881.0,0.0,0.02814936637878418
882.0,0.0,0.02685079723596573
883.0,0.0,0.024501239880919456
884.0,0.0,0.025005033239722252
885.0,0.0,0.024906201288104057
886.0,0.0,0.02703808806836605
887.0,0.0,0.023636609315872192
888.0,0.0,0.01158476434648037
889.0,0.0,0.027234036475419998
890.0,0.0,0.43846964836120605
891.0,0.0,0.0031219860538840294
892.0,0.0,0.01521681435406208
893.0,0.0,0.024960659444332123
894.0,0.0,0.029163094237446785
895.0,0.0,0.011279945261776447
896.0,0.0,0.01562632992863655
897.0,0.0,0.0014752917923033237
898.0,0.0,0.0036219952162355185
899.0,0.0,0.0008162669837474823
900.0,0.0,0.0012124227359890938
901.0,0.0,0.024871468544006348
902.0,0.0,0.02624538727104664
903.0,0.0,0.026141773909330368
904.0,0.0,0.05607227236032486
905.0,0.0,0.028981421142816544
906.0,1.0,0.4693763256072998
907.0,0.0,0.05817730352282524
908.0,0.0,0.0013536671176552773
909.0,0.0,0.014992437325417995
910.0,0.0,0.025310751050710678
911.0,0.0,0.027913730591535568
912.0,0.0,0.01704694889485836
913.0,0.0,0.4338580071926117
914.0,0.0,0.05708349123597145
915.0,0.0,0.06198260933160782
916.0,0.0,0.027341853827238083
917.0,1.0,0.9795085191726685
918.0,0.0,0.029535578563809395
919.0,0.0,0.02663862146437168
920.0,0.0,0.04596911370754242
921.0,0.0,0.02361888997256756
922.0,0.0,0.014243694953620434
923.0,0.0,0.02445853315293789
924.0,0.0,0.025771109387278557
925.0,0.0,0.016097549349069595
926.0,0.0,0.24175959825515747
927.0,0.0,0.8454277515411377
928.0,0.0,0.04105062410235405
929.0,0.0,0.027994291856884956
930.0,0.0,0.041035208851099014
931.0,0.0,0.06496512144804001
932.0,0.0,0.016661789268255234
933.0,0.0,0.0012720894301310182
934.0,0.0,0.05795514956116676
935.0,0.0,0.027234036475419998
936.0,0.0,0.023887183517217636
937.0,0.0,0.02703228034079075
938.0,0.0,0.016435613855719566
939.0,1.0,0.029936516657471657
940.0,0.0,0.05826232582330704
941.0,0.0,0.04041016474366188
942.0,0.0,0.02445853315293789
943.0,0.0,0.0014693202683702111
944.0,0.0,0.025771109387278557
945.0,0.0,0.02445853315293789
946.0,0.0,0.02445853315293789
947.0,0.0,0.05998348444700241
948.0,0.0,0.02207839861512184
949.0,0.0,0.014777462929487228
950.0,0.0,0.012085461057722569
951.0,0.0,0.02314114384353161
952.0,0.0,0.025771109387278557
953.0,0.0,0.02314114384353161
954.0,0.0,0.02826070226728916
955.0,0.0,0.0014693202683702111
956.0,0.0,0.026141773909330368
957.0,0.0,0.002962704747915268
958.0,0.0,0.017115604132413864
959.0,0.0,0.023677917197346687
960.0,0.0,0.016270712018013
961.0,0.0,0.02314114384353161
962.0,0.0,0.05886192247271538
963.0,0.0,0.019941624253988266
964.0,0.0,0.025583310052752495
965.0,0.0,0.0012877800036221743
966.0,0.0,0.02544485405087471
967.0,0.0,0.0018661250360310078
968.0,0.0,0.0029911489691585302
969.0,0.0,0.03954440355300903
970.0,0.0,0.0014202744932845235
971.0,0.0,0.01574668474495411
972.0,0.0,0.024871468544006348
973.0,0.0,0.015413998626172543
974.0,0.0,0.024906201288104057
975.0,0.0,0.025545770302414894
976.0,0.0,0.016122156754136086
977.0,0.0,0.026141773909330368
978.0,0.0,0.04041016474366188
979.0,0.0,0.05764511972665787
980.0,0.0,0.0014693202683702111
981.0,0.0,0.016122156754136086
982.0,0.0,0.030163714662194252
983.0,0.0,0.015916068106889725
984.0,0.0,0.04081599414348602
985.0,0.0,0.02360360138118267
986.0,0.0,0.015413998626172543
987.0,0.0,0.017969094216823578
988.0,0.0,0.05812613666057587
989.0,0.0,0.02236247807741165
990.0,0.0,0.0012970002135261893
991.0,0.0,0.019757039844989777
992.0,0.0,0.017969094216823578
993.0,0.0,0.017378058284521103
994.0,0.0,0.01899777166545391
995.0,0.0,0.05520085245370865
996.0,1.0,0.016435613855719566
997.0,0.0,0.02624538727104664
998.0,0.0,0.025771109387278557
999.0,0.0,0.01678997464478016
1000.0,0.0,0.014891373924911022
1001.0,0.0,0.024590618908405304
1002.0,0.0,0.027001334354281425
1003.0,0.0,0.024906201288104057
1004.0,0.0,0.02766358107328415
1005.0,0.0,0.037499938160181046
1006.0,0.0,0.02663862146437168
1007.0,0.0,0.025771109387278557
1008.0,0.0,0.06139259412884712
1009.0,0.0,0.025771109387278557
1010.0,0.0,0.061310164630413055
1011.0,0.0,0.02641528844833374
1012.0,0.0,0.026122327893972397
1013.0,0.0,0.06131014972925186
1014.0,0.0,0.012391899712383747
1015.0,0.0,0.025771109387278557
1016.0,0.0,0.018215972930192947
1017.0,0.0,0.027341853827238083
1018.0,0.0,0.015979811549186707
1019.0,0.0,0.014027321711182594
1020.0,0.0,0.025771109387278557
1021.0,0.0,0.43026041984558105
1022.0,0.0,0.039073653519153595
1023.0,0.0,0.0014202744932845235
1024.0,0.0,0.02236247807741165
1025.0,0.0,0.017734073102474213
1026.0,0.0,0.02314114384353161
1027.0,0.0,0.026222925633192062
1028.0,1.0,0.43026041984558105
1029.0,0.0,0.0035319351591169834
1030.0,0.0,0.0636674016714096
1031.0,0.0,0.4360010325908661
1032.0,0.0,0.02445853315293789
1033.0,0.0,0.0015549295349046588
1034.0,0.0,0.0015030310023576021
1035.0,0.0,0.0031891600228846073
1036.0,0.0,0.03458906710147858
1037.0,1.0,0.02358420193195343
1038.0,0.0,0.014891373924911022
1039.0,0.0,0.02507074922323227
1040.0,0.0,0.4961549639701843
1041.0,0.0,0.02314114384353161
1042.0,0.0,0.026122327893972397
1043.0,0.0,0.015224582515656948
1044.0,0.0,0.025545770302414894
1045.0,0.0,0.0014260467141866684
1046.0,0.0,0.025771109387278557
1047.0,0.0,0.02663862146437168
1048.0,0.0,0.02445853315293789
1049.0,0.0,0.06113040819764137
1050.0,0.0,0.03901994973421097
1051.0,0.0,0.0015030310023576021
1052.0,1.0,0.03752155229449272
1053.0,0.0,0.04872221127152443
1054.0,0.0,0.029535578563809395
1055.0,0.0,0.0012124227359890938
1056.0,0.0,0.4426445960998535
1057.0,0.0,0.0663568452000618
1058.0,0.0,0.017203858122229576
1059.0,0.0,0.016435613855719566
1060.0,0.0,0.4508828818798065
1061.0,0.0,0.017969094216823578
1062.0,0.0,0.017968246713280678
1063.0,0.0,0.0342896431684494
1064.0,0.0,0.0008296406012959778
1065.0,0.0,0.01678997464478016
1066.0,0.0,0.03600543364882469
1067.0,0.0,0.02628469653427601
1068.0,0.0,0.014891373924911022
1069.0,1.0,0.024906201288104057
1070.0,0.0,0.015675872564315796
1071.0,0.0,0.0015030310023576021
1072.0,0.0,0.06344211101531982
1073.0,0.0,0.02632135897874832
1074.0,0.0,0.023616880178451538
1075.0,0.0,0.019073618575930595
1076.0,0.0,0.025310751050710678
1077.0,0.0,0.03876886144280434
1078.0,0.0,0.025005033239722252
1079.0,0.0,0.016170164570212364
1080.0,0.0,0.0013121713418513536
1081.0,0.0,0.024906201288104057
1082.0,0.0,0.023721186444163322
1083.0,0.0,0.02826070226728916
1084.0,0.0,0.02314114384353161
1085.0,0.0,0.05607227236032486
1086.0,0.0,0.33927401900291443
1087.0,0.0,0.024717602878808975
1088.0,1.0,0.9577417373657227
1089.0,1.0,0.5820875763893127
1090.0,0.0,0.014743927866220474
1091.0,0.0,0.024906201288104057
1092.0,0.0,0.025743823498487473
1093.0,0.0,0.027341853827238083
1094.0,0.0,0.025873281061649323
1095.0,0.0,0.058183833956718445
1096.0,0.0,0.027001334354281425
1097.0,0.0,0.039073653519153595
1098.0,0.0,0.05607227236032486
1099.0,0.0,0.02651994675397873
1100.0,0.0,0.02663862146437168
1101.0,0.0,0.0015030310023576021
1102.0,0.0,0.010970188304781914
1103.0,0.0,0.03409738466143608
1104.0,0.0,0.0008083566790446639
1105.0,0.0,0.025771109387278557
1106.0,0.0,0.024906201288104057
1107.0,0.0,0.025771403685212135
1108.0,0.0,0.024871468544006348
1109.0,0.0,0.02236247807741165
1110.0,0.0,0.02481570467352867
1111.0,0.0,0.024871468544006348
1112.0,0.0,0.02544485405087471
1113.0,0.0,0.02426442876458168
1114.0,0.0,0.026122327893972397
1115.0,0.0,0.03598108887672424
1116.0,0.0,0.0014018514193594456
1117.0,0.0,0.010159410536289215
1118.0,0.0,0.0014513740316033363
1119.0,0.0,0.025771109387278557
1120.0,0.0,0.0016337033594027162
1121.0,0.0,0.027234036475419998
1122.0,0.0,0.024906201288104057
1123.0,0.0,0.02660154178738594
1124.0,0.0,0.025771109387278557
1125.0,0.0,0.028508367016911507
1126.0,0.0,0.02663862146437168
1127.0,0.0,0.029037639498710632
1128.0,0.0,0.026301685720682144
1129.0,0.0,0.02663862146437168
1130.0,0.0,0.017968246713280678
1131.0,0.0,0.025771109387278557
1132.0,0.0,0.4360010325908661
1133.0,0.0,0.06335165351629257
1134.0,0.0,0.01729780063033104
1135.0,0.0,0.018421942368149757
1136.0,0.0,0.03627697005867958
1137.0,0.0,0.0014078195672482252
1138.0,0.0,0.053343940526247025
1139.0,0.0,0.025005033239722252
1140.0,0.0,0.024906201288104057
1141.0,0.0,0.017378058284521103
1142.0,0.0,0.02481570467352867
1143.0,0.0,0.025771109387278557
1144.0,0.0,0.47073468565940857
1145.0,0.0,0.0014513740316033363
1146.0,0.0,0.01692560501396656
1147.0,0.0,0.01574668474495411
1148.0,0.0,0.025005033239722252
1149.0,0.0,0.02314114384353161
1150.0,0.0,0.03844743221998215
1151.0,0.0,0.017378058284521103
1152.0,0.0,0.027234036475419998
1153.0,0.0,0.01729780063033104
1154.0,0.0,0.014588294550776482
1155.0,1.0,0.43061134219169617
1156.0,0.0,0.014243694953620434
1157.0,0.0,0.05787777155637741
1158.0,0.0,0.04041016474366188
1159.0,0.0,0.016435613855719566
1160.0,0.0,0.02663862146437168
1161.0,0.0,0.025810956954956055
1162.0,0.0,0.027234036475419998
1163.0,0.0,0.01562632992863655
1164.0,1.0,0.027234036475419998
1165.0,1.0,0.43061134219169617
1166.0,0.0,0.06689666211605072
1167.0,0.0,0.042522311210632324
1168.0,1.0,0.4532330334186554
1169.0,0.0,0.06021404266357422
1170.0,0.0,0.04270092770457268
1171.0,1.0,0.4287012219429016
1172.0,0.0,0.02632135897874832
1173.0,0.0,0.016435613855719566
1174.0,0.0,0.014276108704507351
1175.0,0.0,0.016225576400756836
1176.0,0.0,0.023922305554151535
1177.0,0.0,0.016122156754136086
1178.0,0.0,0.02632135897874832
1179.0,0.0,0.02544485405087471
1180.0,0.0,0.02481570467352867
1181.0,0.0,0.015856554731726646
1182.0,0.0,0.014743927866220474
1183.0,0.0,0.0246882326900959
1184.0,1.0,0.024906201288104057
1185.0,0.0,0.0014572733780369163
1186.0,0.0,0.01689310371875763
1187.0,0.0,0.04043019190430641
1188.0,0.0,0.03634200617671013
1189.0,0.0,0.023612098768353462
1190.0,0.0,0.010200626216828823
1191.0,0.0,0.01758851297199726
1192.0,0.0,0.024871468544006348
1193.0,0.0,0.036484528332948685
1194.0,0.0,0.023420259356498718
1195.0,0.0,0.024231432005763054
1196.0,0.0,0.05522727221250534
1197.0,0.0,0.4443788528442383
1198.0,1.0,0.02814936637878418
1199.0,0.0,0.025545770302414894
1200.0,1.0,0.4342096447944641
1201.0,0.0,0.04717712476849556
1202.0,0.0,0.003328826045617461
1203.0,0.0,0.027234036475419998
1204.0,0.0,0.025771109387278557
1205.0,0.0,0.0013591691385954618
1206.0,0.0,0.02314114384353161
1207.0,0.0,0.015223466791212559
1208.0,0.0,0.0013516949256882071
1209.0,0.0,0.01722751371562481
1210.0,0.0,0.02663862146437168
1211.0,0.0,0.03611791133880615
1212.0,0.0,0.03458906710147858
1213.0,1.0,0.4426445960998535
1214.0,0.0,0.04536348581314087
1215.0,0.0,0.016109652817249298
1216.0,0.0,0.024717602878808975
1217.0,0.0,0.035611413419246674
1218.0,1.0,0.5049108862876892
1219.0,0.0,0.05889163166284561
1220.0,0.0,0.01899777166545391
1221.0,0.0,0.02236247807741165
1222.0,0.0,0.3513956665992737
1223.0,0.0,0.025771109387278557
1224.0,0.0,0.003708237549290061
1225.0,0.0,0.014870388433337212
1226.0,0.0,0.016097549349069595
1227.0,0.0,0.023853830993175507
1228.0,0.0,0.015413998626172543
1229.0,0.0,0.024717602878808975
1230.0,0.0,0.06021404266357422
1231.0,0.0,0.02323314920067787
1232.0,0.0,0.03527308255434036
1233.0,0.0,0.016435613855719566
1234.0,0.0,0.0013694989029318094
1235.0,0.0,0.02544485405087471
1236.0,0.0,0.06148405745625496
1237.0,0.0,0.031205356121063232
1238.0,0.0,0.041035208851099014
1239.0,0.0,0.024906201288104057
1240.0,0.0,0.02445853315293789
1241.0,0.0,0.022331207990646362
1242.0,0.0,0.05834890156984329
1243.0,0.0,0.061310164630413055
1244.0,0.0,0.02314114384353161
1245.0,0.0,0.010575352236628532
1246.0,0.0,0.025873281061649323
1247.0,1.0,0.024871468544006348
1248.0,0.0,0.03634200617671013
1249.0,0.0,0.02632135897874832
1250.0,0.0,0.01574668474495411
1251.0,0.0,0.025514967739582062
1252.0,0.0,0.01899777166545391
1253.0,0.0,0.02814936637878418
1254.0,0.0,0.024590618908405304
1255.0,0.0,0.026744144037365913
1256.0,0.0,0.01521681435406208
1257.0,0.0,0.0012283599935472012
1258.0,0.0,0.024717602878808975
1259.0,0.0,0.025771109387278557
1260.0,0.0,0.01780283823609352
1261.0,0.0,0.025550583377480507
1262.0,0.0,0.06175331398844719
1263.0,0.0,0.024590618908405304
1264.0,0.0,0.02526475116610527
1265.0,0.0,0.015856554731726646
1266.0,0.0,0.02641528844833374
1267.0,0.0,0.024906201288104057
1268.0,0.0,0.025771109387278557
1269.0,0.0,0.028110241517424583
1270.0,0.0,0.0013047066750004888
1271.0,0.0,0.023922305554151535
1272.0,0.0,0.02517021633684635
1273.0,0.0,0.014621013775467873
1274.0,0.0,0.06629518419504166
1275.0,0.0,0.023853830993175507
1276.0,0.0,0.025771109387278557
1277.0,0.0,0.010713044553995132
1278.0,0.0,0.02314114384353161
1279.0,0.0,0.05787777155637741
1280.0,1.0,0.4316074550151825
1281.0,0.0,0.0015571024268865585
1282.0,0.0,0.016122156754136086
1283.0,1.0,0.9960038065910339
1284.0,0.0,0.05638376995921135
1285.0,0.0,0.016225576400756836
1286.0,1.0,0.02544485405087471
1287.0,0.0,0.01678997464478016
1288.0,0.0,0.024717602878808975
1289.0,0.0,0.03727003559470177
1290.0,0.0,0.017378058284521103
1291.0,0.0,0.0016337033594027162
1292.0,0.0,0.025771109387278557
1293.0,0.0,0.059325143694877625
1294.0,0.0,0.4384027123451233
1295.0,0.0,0.05592164024710655
1296.0,0.0,0.027234036475419998
1297.0,0.0,0.04019111022353172
1298.0,0.0,0.017336970195174217
1299.0,0.0,0.0013714581727981567
1300.0,0.0,0.024363409727811813
1301.0,0.0,0.022847406566143036
1302.0,0.0,0.039073653519153595
1303.0,0.0,0.028444690629839897
1304.0,0.0,0.025310751050710678
1305.0,0.0,0.024717602878808975
1306.0,0.0,0.06689666211605072
1307.0,0.0,0.012085461057722569
1308.0,0.0,0.03876886144280434
1309.0,0.0,0.014243694953620434
1310.0,0.0,0.023887183517217636
1311.0,0.0,0.02398207224905491
1312.0,0.0,0.026141773909330368
1313.0,0.0,0.04326498880982399
1314.0,0.0,0.025073513388633728
1315.0,0.0,0.0219366904348135
1316.0,0.0,0.027234036475419998
1317.0,0.0,0.025771109387278557
1318.0,0.0,0.01607489213347435
1319.0,0.0,0.053454283624887466
1320.0,0.0,0.02641528844833374
1321.0,0.0,0.03954440355300903
1322.0,0.0,0.4360010325908661
1323.0,0.0,0.02663862146437168
1324.0,0.0,0.02531747706234455
1325.0,0.0,0.039073653519153595
1326.0,0.0,0.015856554731726646
1327.0,0.0,0.041035208851099014
1328.0,0.0,0.027234036475419998
1329.0,0.0,0.0610368438065052
1330.0,0.0,0.010952994227409363
1331.0,0.0,0.016674311831593513
1332.0,0.0,0.025005033239722252
1333.0,0.0,0.018225423991680145
1334.0,0.0,0.001389697310514748
1335.0,0.0,0.055364664644002914
1336.0,0.0,0.025005033239722252
1337.0,0.0,0.015638090670108795
1338.0,0.0,0.02641528844833374
1339.0,0.0,0.025771109387278557
1340.0,0.0,0.02314114384353161
1341.0,0.0,0.025771109387278557
1342.0,0.0,0.02481570467352867
1343.0,0.0,0.05515262857079506
1344.0,0.0,0.025873281061649323
1345.0,0.0,0.023730525746941566
1346.0,0.0,0.015916135162115097
1347.0,0.0,0.0014202744932845235
1348.0,0.0,0.02632135897874832
1349.0,0.0,0.025771109387278557
1350.0,0.0,0.025771109387278557
1351.0,0.0,0.0014513740316033363
1352.0,0.0,0.36442863941192627
1353.0,0.0,0.0014202744932845235
1354.0,0.0,0.05237181484699249
1355.0,0.0,0.015246058814227581
1356.0,0.0,0.028398972004652023
1357.0,0.0,0.037497278302907944
1358.0,0.0,0.02236247807741165
1359.0,0.0,0.029652222990989685
1360.0,0.0,0.0262258630245924
1361.0,0.0,0.022451452910900116
1362.0,0.0,0.02314114384353161
1363.0,0.0,0.02663862146437168
1364.0,0.0,0.0014513740316033363
1365.0,0.0,0.0014202744932845235
1366.0,0.0,0.024555588141083717
1367.0,0.0,0.025771109387278557
1368.0,0.0,0.02314114384353161
1369.0,0.0,0.022685261443257332
1370.0,0.0,0.02544485405087471
1371.0,0.0,0.0013431700645014644
1372.0,0.0,0.0013629813911393285
1373.0,0.0,0.05708349123597145
1374.0,0.0,0.39747893810272217
1375.0,0.0,0.024231432005763054
1376.0,0.0,0.026744144037365913
1377.0,0.0,0.041363924741744995
1378.0,0.0,0.017739813774824142
1379.0,0.0,0.058941278606653214
1380.0,0.0,0.04019296169281006
1381.0,0.0,0.02445853315293789
1382.0,0.0,0.06639550626277924
1383.0,0.0,0.016121400520205498
1384.0,0.0,0.041236624121665955
1385.0,0.0,0.0013714581727981567
1386.0,0.0,0.0597548745572567
1387.0,0.0,0.025229530408978462
1388.0,0.0,0.0161045603454113
1389.0,0.0,0.024871468544006348
1390.0,0.0,0.010713044553995132
1391.0,0.0,0.017968246713280678
1392.0,0.0,0.014743927866220474
1393.0,0.0,0.01448389608412981
1394.0,0.0,0.0014202744932845235
1395.0,0.0,0.02445853315293789
1396.0,1.0,0.9775524139404297
1397.0,0.0,0.0013121713418513536
1398.0,0.0,0.015878908336162567
1399.0,0.0,0.01722889207303524
1400.0,0.0,0.024906201288104057
1401.0,0.0,0.017969094216823578
1402.0,0.0,0.015938570722937584
1403.0,0.0,0.025873281061649323
1404.0,0.0,0.05983950197696686
1405.0,0.0,0.024641184136271477
1406.0,0.0,0.026301685720682144
1407.0,0.0,0.025771109387278557
1408.0,0.0,0.027234036475419998
1409.0,0.0,0.015878908336162567
1410.0,0.0,0.0013714581727981567
1411.0,0.0,0.026141773909330368
1412.0,0.0,0.02854803204536438
1413.0,0.0,0.022451452910900116
1414.0,0.0,0.025229530408978462
1415.0,0.0,0.018215972930192947
1416.0,0.0,0.0013714581727981567
1417.0,1.0,0.43061134219169617
1418.0,0.0,0.023853830993175507
1419.0,0.0,0.02814936637878418
1420.0,0.0,0.02663862146437168
1421.0,0.0,0.01575755886733532
1422.0,0.0,0.029535578563809395
1423.0,0.0,0.027234036475419998
1424.0,0.0,0.02663862146437168
1425.0,0.0,0.06021404266357422
1426.0,0.0,0.0015115386340767145
1427.0,0.0,0.0012266056146472692
1428.0,0.0,0.0014075487852096558
1429.0,0.0,0.06175331398844719
1430.0,0.0,0.024906201288104057
1431.0,0.0,0.014891373924911022
1432.0,0.0,0.42740845680236816
1433.0,0.0,0.02314114384353161
1434.0,0.0,0.0031458595767617226
1435.0,0.0,0.024501239880919456
1436.0,0.0,0.024717602878808975
1437.0,0.0,0.02814936637878418
1438.0,0.0,0.02314114384353161
1439.0,0.0,0.029652222990989685
1440.0,0.0,0.03981105983257294
1441.0,0.0,0.015878908336162567
1442.0,0.0,0.0013770321384072304
1443.0,0.0,0.01907660812139511
1444.0,1.0,0.9961983561515808
1445.0,0.0,0.025545770302414894
1446.0,0.0,0.037021830677986145
1447.0,0.0,0.017969094216823578
1448.0,0.0,0.012233770452439785
1449.0,0.0,0.02641528844833374
1450.0,0.0,0.010284747928380966
1451.0,0.0,0.02663862146437168
1452.0,0.0,0.017969094216823578
1453.0,0.0,0.04326498880982399
1454.0,0.0,0.02632135897874832
1455.0,0.0,0.02236247807741165
1456.0,0.0,0.010836593806743622
1457.0,0.0,0.03508663550019264
1458.0,0.0,0.024906201288104057
1459.0,0.0,0.0015030310023576021
1460.0,0.0,0.027234036475419998
1461.0,0.0,0.027234036475419998
1462.0,0.0,0.02279067598283291
1463.0,0.0,0.02236247807741165
1464.0,0.0,0.02440434880554676
1465.0,1.0,0.05862895026803017
1466.0,0.0,0.02236247807741165
1467.0,0.0,0.023887183517217636
1468.0,0.0,0.016994355246424675
1469.0,0.0,0.025771109387278557
1470.0,0.0,0.024717602878808975
1471.0,0.0,0.016994355246424675
1472.0,0.0,0.023887183517217636
1473.0,0.0,0.015246058814227581
1474.0,0.0,0.45423975586891174
1475.0,1.0,0.3311502933502197
1476.0,0.0,0.0031937125604599714
1477.0,0.0,0.05795514956116676
1478.0,0.0,0.015413998626172543
1479.0,0.0,0.02814936637878418
1480.0,0.0,0.025873281061649323
1481.0,0.0,0.01722889207303524
1482.0,0.0,0.02632135897874832
1483.0,0.0,0.0014202744932845235
1484.0,0.0,0.0014018514193594456
1485.0,0.0,0.023474901914596558
1486.0,0.0,0.024906201288104057
1487.0,0.0,0.023568198084831238
1488.0,0.0,0.03624822944402695
1489.0,0.0,0.027234036475419998
1490.0,0.0,0.0012333538616076112
1491.0,0.0,0.0262258630245924
1492.0,0.0,0.022331207990646362
1493.0,0.0,0.016435613855719566
1494.0,0.0,0.024717602878808975
1495.0,0.0,0.017378058284521103
1496.0,0.0,0.016435613855719566
1497.0,0.0,0.015202022157609463
1498.0,0.0,0.02663862146437168
1499.0,0.0,0.025245940312743187
1500.0,0.0,0.024906201288104057
1501.0,0.0,0.024906201288104057
1502.0,0.0,0.0013629813911393285
1503.0,0.0,0.05257376283407211
1504.0,0.0,0.03833799064159393
1505.0,0.0,0.0159847903996706
1506.0,0.0,0.018468478694558144
1507.0,0.0,0.02544485405087471
1508.0,0.0,0.02314114384353161
1509.0,0.0,0.029535578563809395
1510.0,0.0,0.06368388235569
1511.0,0.0,0.026301685720682144
1512.0,0.0,0.017969094216823578
1513.0,0.0,0.015675872564315796
1514.0,0.0,0.02475586347281933
1515.0,0.0,0.02544485405087471
1516.0,0.0,0.05623804032802582
1517.0,0.0,0.02445853315293789
1518.0,0.0,0.026913220062851906
1519.0,0.0,0.024871468544006348
1520.0,0.0,0.027234036475419998
1521.0,0.0,0.02632135897874832
1522.0,0.0,0.05264653265476227
1523.0,0.0,0.05515262857079506
1524.0,0.0,0.02544485405087471
1525.0,0.0,0.023636609315872192
1526.0,0.0,0.025073513388633728
1527.0,0.0,0.02663862146437168
1528.0,0.0,0.0013354358961805701
1529.0,0.0,0.027234036475419998
1530.0,0.0,0.025771109387278557
1531.0,0.0,0.02632135897874832
1532.0,0.0,0.02323314920067787
1533.0,0.0,0.02502305433154106
1534.0,0.0,0.017645586282014847
1535.0,0.0,0.027234036475419998
1536.0,1.0,0.0013916846364736557
1537.0,0.0,0.05454898998141289
1538.0,0.0,0.025282183662056923
1539.0,0.0,0.026122327893972397
1540.0,0.0,0.022420059889554977
1541.0,0.0,0.015903720632195473
1542.0,0.0,0.015578271821141243
1543.0,0.0,0.010159410536289215
1544.0,0.0,0.017739813774824142
1545.0,0.0,0.016225576400756836
1546.0,0.0,0.01722889207303524
1547.0,0.0,0.025283005088567734
1548.0,1.0,0.4360010325908661
1549.0,0.0,0.02606891840696335
1550.0,0.0,0.02544485405087471
1551.0,0.0,0.024906201288104057
1552.0,0.0,0.010245205834507942
1553.0,0.0,0.024871468544006348
1554.0,0.0,0.027949275448918343
1555.0,0.0,0.05454898998141289
1556.0,0.0,0.015903720632195473
1557.0,0.0,0.015780072659254074
1558.0,0.0,0.01707693375647068
1559.0,1.0,0.42840272188186646
1560.0,0.0,0.04715581238269806
1561.0,0.0,0.024717602878808975
1562.0,0.0,0.0012720894301310182
1563.0,0.0,0.02814936637878418
1564.0,0.0,0.02628469653427601
1565.0,1.0,0.06431885063648224
1566.0,0.0,0.04243891313672066
1567.0,0.0,0.0015030310023576021
1568.0,0.0,0.0017569639021530747
1569.0,0.0,0.017968246713280678
1570.0,0.0,0.0034105125814676285
1571.0,0.0,0.024501239880919456
1572.0,0.0,0.024906201288104057
1573.0,0.0,0.024906201288104057
1574.0,0.0,0.023853830993175507
1575.0,0.0,0.013305281288921833
1576.0,0.0,0.022685261443257332
1577.0,0.0,0.01618671976029873
1578.0,0.0,0.01899777166545391
1579.0,0.0,0.01899777166545391
1580.0,0.0,0.01899777166545391
1581.0,0.0,0.03634200617671013
1582.0,0.0,0.024717602878808975
1583.0,0.0,0.0013536671176552773
1584.0,1.0,0.9342663884162903
1585.0,0.0,0.056776631623506546
1586.0,0.0,0.0013770321384072304
1587.0,0.0,0.015938570722937584
1588.0,0.0,0.02854803204536438
1589.0,0.0,0.0014202744932845235
1590.0,0.0,0.003405652241781354
1591.0,0.0,0.016225576400756836
1592.0,0.0,0.05645400658249855
1593.0,0.0,0.02440434880554676
1594.0,0.0,0.022451452910900116
1595.0,0.0,0.4445684850215912
1596.0,0.0,0.040982529520988464
1597.0,0.0,0.014621013775467873
1598.0,0.0,0.02445853315293789
1599.0,0.0,0.0012720894301310182
1600.0,0.0,0.024906201288104057
1601.0,0.0,0.017969094216823578
1602.0,0.0,0.02207839861512184
1603.0,0.0,0.43125638365745544
1604.0,0.0,0.026744144037365913
1605.0,0.0,0.025550583377480507
1606.0,0.0,0.0012124227359890938
1607.0,0.0,0.01657029427587986
1608.0,0.0,0.0015549295349046588
1609.0,0.0,0.022847406566143036
1610.0,0.0,0.025873281061649323
1611.0,0.0,0.025743823498487473
1612.0,0.0,0.014243694953620434
1613.0,0.0,0.015878908336162567
1614.0,0.0,0.027234036475419998
1615.0,1.0,0.4392189085483551
1616.0,0.0,0.022331207990646362
1617.0,0.0,0.05616211146116257
1618.0,0.0,0.02358420193195343
1619.0,0.0,0.025642139837145805
1620.0,0.0,0.4100680947303772
1621.0,0.0,0.025005033239722252
1622.0,0.0,0.029826074838638306
1623.0,0.0,0.015938570722937584
1624.0,0.0,0.024906201288104057
1625.0,0.0,0.039917442947626114
1626.0,0.0,0.026196282356977463
1627.0,0.0,0.023875262588262558
1628.0,0.0,0.0008202852914109826
1629.0,0.0,0.023887183517217636
1630.0,0.0,0.02814936637878418
1631.0,0.0,0.02785809524357319
1632.0,0.0,0.05616211146116257
1633.0,0.0,0.026141773909330368
1634.0,0.0,0.07461477071046829
1635.0,0.0,0.024017333984375
1636.0,0.0,0.025771109387278557
1637.0,0.0,0.026744144037365913
1638.0,0.0,0.022768335416913033
1639.0,0.0,0.44021958112716675
1640.0,0.0,0.02360360138118267
1641.0,1.0,0.4122503101825714
1642.0,0.0,0.03833239525556564
1643.0,0.0,0.015107985585927963
1644.0,0.0,0.015173593536019325
1645.0,0.0,0.02544485405087471
1646.0,0.0,0.024906201288104057
1647.0,0.0,0.05708349123597145
1648.0,0.0,0.015413998626172543
1649.0,0.0,0.0262258630245924
1650.0,0.0,0.02314114384353161
1651.0,0.0,0.0013214809587225318
1652.0,0.0,0.023887183517217636
1653.0,0.0,0.01704694889485836
1654.0,0.0,0.02481570467352867
1655.0,0.0,0.02314114384353161
1656.0,0.0,0.05599725991487503
1657.0,0.0,0.027234036475419998
1658.0,0.0,0.029535578563809395
1659.0,0.0,0.02236247807741165
1660.0,0.0,0.02355126105248928
1661.0,0.0,0.027234036475419998
1662.0,0.0,0.0013714581727981567
1663.0,0.0,0.024906201288104057
1664.0,0.0,0.05522727221250534
1665.0,0.0,0.025346089154481888
1666.0,0.0,0.03740875422954559
1667.0,0.0,0.03634200617671013
1668.0,0.0,0.0013906233943998814
1669.0,0.0,0.026785459369421005
1670.0,0.0,0.4197966754436493
1671.0,0.0,0.025245940312743187
1672.0,0.0,0.014743927866220474
1673.0,0.0,0.055439580231904984
1674.0,0.0,0.0014202744932845235
1675.0,0.0,0.019073618575930595
1676.0,0.0,0.015878908336162567
1677.0,0.0,0.0014260467141866684
1678.0,0.0,0.044757403433322906
1679.0,1.0,0.36442863941192627
1680.0,0.0,0.016435613855719566
1681.0,0.0,0.0013770321384072304
1682.0,1.0,0.02481570467352867
1683.0,0.0,0.025245940312743187
1684.0,0.0,0.025346089154481888
1685.0,0.0,0.06777822971343994
1686.0,0.0,0.024590618908405304
1687.0,0.0,0.02628469653427601
1688.0,0.0,0.025771109387278557
1689.0,0.0,0.4316074550151825
1690.0,0.0,0.0485917404294014
1691.0,0.0,0.02628469653427601
1692.0,0.0,0.0012772607151418924
1693.0,0.0,0.001447077956981957
1694.0,0.0,0.025771109387278557
1695.0,0.0,0.0012266056146472692
1696.0,0.0,0.026122327893972397
1697.0,0.0,0.017336970195174217
1698.0,0.0,0.025771109387278557
1699.0,0.0,0.02358420193195343
1700.0,0.0,0.03391548618674278
1701.0,0.0,0.058941278606653214
1702.0,0.0,0.04056795686483383
1703.0,0.0,0.0013315248070284724
1704.0,0.0,0.02314114384353161
1705.0,0.0,0.024717602878808975
1706.0,0.0,0.024590618908405304
1707.0,1.0,0.43061134219169617
1708.0,0.0,0.03527308255434036
1709.0,0.0,0.02481570467352867
1710.0,0.0,0.024906201288104057
1711.0,0.0,0.015438084490597248
1712.0,0.0,0.017969094216823578
1713.0,0.0,0.015413998626172543
1714.0,0.0,0.024906201288104057
1715.0,0.0,0.024906201288104057
1716.0,0.0,0.016435613855719566
1717.0,0.0,0.037028223276138306
1718.0,0.0,0.0014202744932845235
1719.0,0.0,0.024906201288104057
1720.0,0.0,0.01678997464478016
1721.0,0.0,0.03819773718714714
1722.0,0.0,0.023887183517217636
1723.0,0.0,0.025005033239722252
1724.0,0.0,0.05983950197696686
1725.0,0.0,0.028332654386758804
1726.0,0.0,0.03683403134346008
1727.0,0.0,0.016435613855719566
1728.0,0.0,0.0013608243316411972
1729.0,1.0,0.4169633090496063
1730.0,0.0,0.0033138839062303305
1731.0,0.0,0.024717602878808975
1732.0,0.0,0.0012720894301310182
1733.0,0.0,0.024717602878808975
1734.0,0.0,0.027001334354281425
1735.0,0.0,0.0015030310023576021
1736.0,0.0,0.024906201288104057
1737.0,0.0,0.016936318948864937
1738.0,0.0,0.055040765553712845
1739.0,0.0,0.02826070226728916
1740.0,0.0,0.02660154178738594
1741.0,0.0,0.12957501411437988
1742.0,0.0,0.025283005088567734
1743.0,0.0,0.025771109387278557
1744.0,1.0,0.9296510815620422
1745.0,0.0,0.024717602878808975
1746.0,1.0,0.024970166385173798
1747.0,0.0,0.029535578563809395
1748.0,0.0,0.0009841283317655325
1749.0,0.0,0.02628469653427601
1750.0,0.0,0.0012124227359890938
1751.0,0.0,0.05529327318072319
1752.0,0.0,0.01678997464478016
1753.0,0.0,0.029652222990989685
1754.0,0.0,0.024906201288104057
1755.0,0.0,0.062166977673769
1756.0,0.0,0.01506237406283617
1757.0,0.0,0.02314114384353161
1758.0,0.0,0.4037907123565674
1759.0,0.0,0.024590618908405304
1760.0,0.0,0.027234036475419998
1761.0,0.0,0.017739813774824142
1762.0,0.0,0.0263888631016016
1763.0,0.0,0.016435613855719566
1764.0,1.0,0.027001334354281425
1765.0,0.0,0.024717602878808975
1766.0,0.0,0.022847406566143036
1767.0,0.0,0.024906201288104057
1768.0,0.0,0.024556316435337067
1769.0,0.0,0.01562632992863655
1770.0,0.0,0.025283005088567734
1771.0,0.0,0.02663862146437168
1772.0,0.0,0.01506237406283617
1773.0,1.0,0.026141773909330368
1774.0,0.0,0.02544485405087471
1775.0,0.0,0.0016565273981541395
1776.0,0.0,0.05638376995921135
1777.0,0.0,0.022938264533877373
1778.0,0.0,0.010245205834507942
1779.0,0.0,0.01646127924323082
1780.0,0.0,0.027234036475419998
1781.0,0.0,0.015938570722937584
1782.0,0.0,0.014276108704507351
1783.0,1.0,0.024289600551128387
1784.0,0.0,0.041035208851099014
1785.0,0.0,0.023636609315872192
1786.0,0.0,0.0015485414769500494
1787.0,0.0,0.024906201288104057
1788.0,0.0,0.026405904442071915
1789.0,0.0,0.01722889207303524
1790.0,0.0,0.024906201288104057
1791.0,0.0,0.0014513740316033363
1792.0,0.0,0.02544485405087471
1793.0,0.0,0.02663862146437168
1794.0,0.0,0.024717602878808975
1795.0,0.0,0.04475943744182587
1796.0,0.0,0.02314114384353161
1797.0,0.0,0.027234036475419998
1798.0,0.0,0.015556056052446365
1799.0,0.0,0.4342096447944641
1800.0,0.0,0.025771109387278557
1801.0,0.0,0.01678997464478016
1802.0,0.0,0.03740875422954559
1803.0,0.0,0.03865246847271919
1804.0,0.0,0.025651903823018074
1805.0,0.0,0.016435613855719566
1806.0,0.0,0.05515262857079506
1807.0,0.0,0.017968246713280678
1808.0,0.0,0.024906201288104057
1809.0,0.0,0.02663862146437168
1810.0,0.0,0.001482709776610136
1811.0,0.0,0.01575755886733532
1812.0,0.0,0.017969094216823578
1813.0,0.0,0.05898585543036461
1814.0,0.0,0.06139259412884712
1815.0,1.0,0.6040259003639221
1816.0,1.0,0.4392189085483551
1817.0,0.0,0.025550583377480507
1818.0,0.0,0.01608697883784771
1819.0,0.0,0.026146462187170982
1820.0,0.0,0.001297096605412662
1821.0,0.0,0.06175331398844719
1822.0,0.0,0.017378058284521103
1823.0,0.0,0.060015689581632614
1824.0,0.0,0.016225576400756836
1825.0,0.0,0.027234036475419998
1826.0,0.0,0.025005033239722252
1827.0,0.0,0.016994355246424675
1828.0,0.0,0.024871468544006348
1829.0,0.0,0.027001334354281425
1830.0,0.0,0.026122327893972397
1831.0,0.0,0.029535578563809395
1832.0,0.0,0.01678997464478016
1833.0,0.0,0.016352578997612
1834.0,0.0,0.022331207990646362
1835.0,0.0,0.0014075487852096558
1836.0,0.0,0.022847406566143036
1837.0,0.0,0.0014058093074709177
1838.0,0.0,0.027234036475419998
1839.0,0.0,0.02544485405087471
1840.0,0.0,0.0015030310023576021
1841.0,0.0,0.027537278831005096
1842.0,0.0,0.06080447882413864
1843.0,0.0,0.027424313127994537
1844.0,1.0,0.8570403456687927
1845.0,0.0,0.017969094216823578
1846.0,0.0,0.02663862146437168
1847.0,0.0,0.02419760823249817
1848.0,0.0,0.02618446946144104
1849.0,0.0,0.02314114384353161
1850.0,0.0,0.05983950197696686
1851.0,0.0,0.023887183517217636
1852.0,0.0,0.4532330334186554
1853.0,0.0,0.027234036475419998
1854.0,0.0,0.010952994227409363
1855.0,0.0,0.017097270116209984
1856.0,0.0,0.025771109387278557
1857.0,0.0,0.059844039380550385
1858.0,0.0,0.016435613855719566
1859.0,0.0,0.053454283624887466
1860.0,0.0,0.01729780063033104
1861.0,0.0,0.02660154178738594
1862.0,1.0,0.07049787789583206
1863.0,1.0,0.4392189085483551
1864.0,0.0,0.025545770302414894
1865.0,0.0,0.027341853827238083
1866.0,0.0,0.025771109387278557
1867.0,0.0,0.02663862146437168
1868.0,0.0,0.023474901914596558
1869.0,0.0,0.017969094216823578
1870.0,0.0,0.02663862146437168
1871.0,0.0,0.0014202744932845235
1872.0,0.0,0.0035027526319026947
1873.0,0.0,0.02544485405087471
1874.0,0.0,0.023453351110219955
1875.0,0.0,0.0014513740316033363
1876.0,0.0,0.05916696786880493
1877.0,0.0,0.4122503101825714
1878.0,0.0,0.02663862146437168
1879.0,0.0,0.05522727221250534
1880.0,0.0,0.061310164630413055
1881.0,0.0,0.019073618575930595
1882.0,0.0,0.0013694989029318094
1883.0,0.0,0.0015030310023576021
1884.0,0.0,0.023730525746941566
1885.0,0.0,0.017478905618190765
1886.0,0.0,0.025545770302414894
1887.0,0.0,0.02521074190735817
1888.0,0.0,0.0013517334591597319
1889.0,0.0,0.016435613855719566
1890.0,0.0,0.0219366904348135
1891.0,0.0,0.003551457542926073
1892.0,0.0,0.04596911370754242
1893.0,0.0,0.02398207224905491
1894.0,0.0,0.016994355246424675
1895.0,0.0,0.01230571698397398
1896.0,0.0,0.016435613855719566
1897.0,0.0,0.025545770302414894
1898.0,0.0,0.06044430285692215
1899.0,0.0,0.0015268349088728428
1900.0,0.0,0.025771109387278557
1901.0,0.0,0.015116751194000244
1902.0,0.0,0.023887183517217636
1903.0,0.0,0.02826070226728916
1904.0,0.0,0.02207839861512184
1905.0,0.0,0.01886281929910183
1906.0,1.0,0.8586709499359131
1907.0,0.0,0.02314114384353161
1908.0,0.0,0.024717602878808975
1909.0,0.0,0.0013193896738812327
1910.0,0.0,0.025245940312743187
1911.0,0.0,0.02236247807741165
1912.0,0.0,0.0015549295349046588
1913.0,0.0,0.025873281061649323
1914.0,0.0,0.0012460793368518353
1915.0,0.0,0.02628469653427601
1916.0,0.0,0.03962787613272667
1917.0,1.0,0.0013608243316411972
1918.0,0.0,0.08421601355075836
1919.0,0.0,0.024871468544006348
1920.0,0.0,0.027341853827238083
1921.0,0.0,0.44021958112716675
1922.0,0.0,0.0014401210937649012
1923.0,0.0,0.0013213740894570947
1924.0,0.0,0.04322633892297745
1925.0,0.0,0.02440434880554676
1926.0,0.0,0.025771109387278557
1927.0,0.0,0.024717602878808975
1928.0,1.0,0.026122327893972397
1929.0,0.0,0.02632135897874832
1930.0,0.0,0.02526475116610527
1931.0,0.0,0.022451452910900116
1932.0,0.0,0.025771109387278557
1933.0,0.0,0.01729780063033104
1934.0,0.0,0.023887183517217636
1935.0,0.0,0.0014412200544029474
1936.0,0.0,0.019178984686732292
1937.0,0.0,0.0015775627689436078
1938.0,0.0,0.017969094216823578
1939.0,0.0,0.02355126105248928
1940.0,0.0,0.02632135897874832
1941.0,0.0,0.02632135897874832
1942.0,0.0,0.0246882326900959
1943.0,0.0,0.017094489187002182
1944.0,0.0,0.02236247807741165
1945.0,0.0,0.019562629982829094
1946.0,0.0,0.024717602878808975
1947.0,0.0,0.4237212538719177
1948.0,0.0,0.0013663552235811949
1949.0,0.0,0.025247754529118538
1950.0,0.0,0.025771109387278557
1951.0,0.0,0.058446720242500305
1952.0,0.0,0.014743927866220474
1953.0,0.0,0.024717602878808975
1954.0,0.0,0.0017342758364975452
1955.0,0.0,0.025227047502994537
1956.0,0.0,0.023636609315872192
1957.0,0.0,0.4426445960998535
1958.0,0.0,0.016435613855719566
1959.0,0.0,0.015423089265823364
1960.0,0.0,0.026425663381814957
1961.0,0.0,0.023887183517217636
1962.0,0.0,0.024590618908405304
1963.0,0.0,0.023721186444163322
1964.0,0.0,0.024906201288104057
1965.0,0.0,0.02440434880554676
1966.0,0.0,0.024906201288104057
1967.0,0.0,0.025873281061649323
1968.0,0.0,0.024906201288104057
1969.0,0.0,0.024906201288104057
1970.0,0.0,0.3513956665992737
1971.0,0.0,0.02358420193195343
1972.0,0.0,0.016122156754136086
1973.0,0.0,0.023853830993175507
1974.0,0.0,0.02358420193195343
1975.0,0.0,0.024501239880919456
1976.0,0.0,0.02314114384353161
1977.0,0.0,0.022451452910900116
1978.0,0.0,0.025283005088567734
1979.0,0.0,0.025245940312743187
1980.0,0.0,0.02440434880554676
1981.0,0.0,0.025550583377480507
1982.0,0.0,0.01899777166545391
1983.0,0.0,0.0034695363137871027
1984.0,0.0,0.03278540074825287
1985.0,0.0,0.013337628915905952
1986.0,0.0,0.027234036475419998
1987.0,0.0,0.024906201288104057
1988.0,0.0,0.0015775627689436078
1989.0,0.0,0.01575755886733532
1990.0,0.0,0.0014693202683702111
1991.0,0.0,0.025771109387278557
1992.0,1.0,0.8984830379486084
1993.0,0.0,0.0014202744932845235
1994.0,0.0,0.0034105125814676285
1995.0,0.0,0.024363409727811813
1996.0,0.0,0.0166352316737175
1997.0,0.0,0.42089858651161194
1998.0,0.0,0.0013315248070284724
1999.0,0.0,0.0014513740316033363
2000.0,0.0,0.02667977847158909
2001.0,0.0,0.017378058284521103
2002.0,0.0,0.038453470915555954
2003.0,0.0,0.04524300992488861
2004.0,0.0,0.025771109387278557
2005.0,0.0,0.05436822399497032
2006.0,0.0,0.011279945261776447
2007.0,0.0,0.02632135897874832
2008.0,0.0,0.02445853315293789
2009.0,0.0,0.025005033239722252
2010.0,1.0,0.7089234590530396
2011.0,0.0,0.016435613855719566
2012.0,0.0,0.059325143694877625
2013.0,0.0,0.025771109387278557
2014.0,0.0,0.017810726538300514
2015.0,0.0,0.04233984649181366
2016.0,0.0,0.017969094216823578
2017.0,0.0,0.027341853827238083
2018.0,0.0,0.02314114384353161
2019.0,1.0,0.4532330334186554
2020.0,0.0,0.024871468544006348
2021.0,0.0,0.027234036475419998
2022.0,0.0,0.024970166385173798
2023.0,0.0,0.023948587477207184
2024.0,0.0,0.01955374702811241
2025.0,0.0,0.02632135897874832
2026.0,0.0,0.014743927866220474
2027.0,0.0,0.03950551897287369
2028.0,0.0,0.02532961592078209
2029.0,0.0,0.01740630343556404
2030.0,0.0,0.02360360138118267
2031.0,0.0,0.026444673538208008
2032.0,0.0,0.02814936637878418
2033.0,0.0,0.05708349123597145
2034.0,0.0,0.03634200617671013
2035.0,0.0,0.02521074190735817
2036.0,0.0,0.08187968283891678
2037.0,0.0,0.026122327893972397
2038.0,0.0,0.024906201288104057
2039.0,0.0,0.025005033239722252
2040.0,0.0,0.05795514956116676
2041.0,0.0,0.024906201288104057
2042.0,0.0,0.05708349123597145
2043.0,0.0,0.0013536671176552773
2044.0,0.0,0.02663862146437168
2045.0,0.0,0.022047515958547592
2046.0,0.0,0.0015091396635398269
2047.0,0.0,0.06175331398844719
2048.0,0.0,0.024871468544006348
2049.0,1.0,0.017212171107530594
2050.0,0.0,0.0013536671176552773
2051.0,0.0,0.02663862146437168
2052.0,0.0,0.025771109387278557
2053.0,0.0,0.017969094216823578
2054.0,0.0,0.4316074550151825
2055.0,0.0,0.05628763884305954
2056.0,0.0,0.02437962405383587
2057.0,0.0,0.04260427877306938
2058.0,0.0,0.011279945261776447
2059.0,0.0,0.015856554731726646
2060.0,0.0,0.009604624472558498
2061.0,0.0,0.33876457810401917
2062.0,0.0,0.03624436631798744
2063.0,0.0,0.023922305554151535
2064.0,0.0,0.02651994675397873
2065.0,0.0,0.02663862146437168
2066.0,0.0,0.01607489213347435
2067.0,0.0,0.010713044553995132
2068.0,0.0,0.041947539895772934
2069.0,0.0,0.025310751050710678
2070.0,0.0,0.0012970002135261893
2071.0,0.0,0.024906201288104057
2072.0,0.0,0.022847406566143036
2073.0,0.0,0.01635638438165188
2074.0,0.0,0.03685896098613739
2075.0,0.0,0.023887183517217636
2076.0,0.0,0.02880288101732731
2077.0,0.0,0.02521074190735817
2078.0,0.0,0.04511493071913719
2079.0,0.0,0.026744144037365913
2080.0,0.0,0.025873281061649323
2081.0,0.0,0.025550583377480507
2082.0,0.0,0.0012999485479667783
2083.0,0.0,0.025873281061649323
2084.0,0.0,0.02526475116610527
2085.0,0.0,0.05708349123597145
2086.0,0.0,0.0013608243316411972
2087.0,0.0,0.027234036475419998
2088.0,0.0,0.014700775034725666
2089.0,0.0,0.025550583377480507
2090.0,0.0,0.04006950929760933
2091.0,0.0,0.02314114384353161
2092.0,0.0,0.016232429072260857
2093.0,0.0,0.015590906143188477
2094.0,1.0,0.9755629301071167
2095.0,0.0,0.01766781136393547
2096.0,0.0,0.024433191865682602
2097.0,0.0,0.02323314920067787
2098.0,0.0,0.06428132206201553
2099.0,0.0,0.023585906252264977
2100.0,0.0,0.02526475116610527
2101.0,0.0,0.022420059889554977
2102.0,1.0,0.4122503101825714
2103.0,0.0,0.02663862146437168
2104.0,0.0,0.0015549295349046588
2105.0,0.0,0.04788393899798393
2106.0,0.0,0.019641229882836342
2107.0,0.0,0.43061134219169617
2108.0,0.0,0.01678997464478016
2109.0,0.0,0.024906201288104057
2110.0,1.0,0.016097549349069595
2111.0,0.0,0.015878908336162567
2112.0,0.0,0.025005033239722252
2113.0,0.0,0.0232691653072834
2114.0,0.0,0.02236247807741165
2115.0,0.0,0.06721670180559158
2116.0,0.0,0.024906201288104057
2117.0,0.0,0.0014018514193594456
2118.0,0.0,0.024906201288104057
2119.0,0.0,0.06536997854709625
2120.0,0.0,0.031205356121063232
2121.0,0.0,0.05599655583500862
2122.0,0.0,0.02358420193195343
2123.0,0.0,0.017969094216823578
2124.0,0.0,0.0663568452000618
2125.0,0.0,0.04041016474366188
2126.0,0.0,0.0013714581727981567
2127.0,0.0,0.025550583377480507
2128.0,0.0,0.06335165351629257
2129.0,0.0,0.038809921592473984
2130.0,0.0,0.02663862146437168
2131.0,0.0,0.003027476603165269
2132.0,0.0,0.0014513740316033363
2133.0,0.0,0.027234036475419998
2134.0,0.0,0.025873281061649323
2135.0,0.0,0.025005033239722252
2136.0,0.0,0.04097719117999077
2137.0,0.0,0.06571268290281296
2138.0,0.0,0.027397723868489265
2139.0,0.0,0.025771109387278557
2140.0,0.0,0.0033102568704634905
2141.0,0.0,0.028508367016911507
2142.0,0.0,0.014124889858067036
2143.0,0.0,0.02532712183892727
2144.0,1.0,0.3737911283969879
2145.0,0.0,0.024556316435337067
2146.0,0.0,0.02236247807741165
2147.0,0.0,0.05983950197696686
2148.0,0.0,0.05708349123597145
2149.0,0.0,0.023653477430343628
2150.0,0.0,0.022451452910900116
2151.0,0.0,0.025771109387278557
2152.0,0.0,0.027021421119570732
2153.0,0.0,0.024717602878808975
2154.0,0.0,0.026744144037365913
2155.0,0.0,0.03170543164014816
2156.0,0.0,0.023853830993175507
2157.0,0.0,0.025005033239722252
2158.0,1.0,0.026141773909330368
2159.0,0.0,0.0012720894301310182
2160.0,0.0,0.02314114384353161
2161.0,0.0,0.04788393899798393
2162.0,0.0,0.0013121713418513536
2163.0,0.0,0.0013770321384072304
2164.0,0.0,0.026141773909330368
2165.0,0.0,0.039073653519153595
2166.0,0.0,0.05915085971355438
2167.0,0.0,0.025771109387278557
2168.0,0.0,0.015878908336162567
2169.0,0.0,0.028147684410214424
2170.0,0.0,0.0013517334591597319
2171.0,0.0,0.015046621672809124
2172.0,0.0,0.024231432005763054
2173.0,0.0,0.02663862146437168
2174.0,0.0,0.02826070226728916
2175.0,0.0,0.025873281061649323
2176.0,0.0,0.025771109387278557
2177.0,0.0,0.01704694889485836
2178.0,0.0,0.05889163166284561
2179.0,0.0,0.026141773909330368
2180.0,0.0,0.023887183517217636
2181.0,0.0,0.009882061742246151
2182.0,0.0,0.02445853315293789
2183.0,0.0,0.026122327893972397
2184.0,0.0,0.016435613855719566
2185.0,0.0,0.038738228380680084
2186.0,1.0,0.02632135897874832
2187.0,0.0,0.02314114384353161
2188.0,0.0,0.024906201288104057
2189.0,0.0,0.06021404266357422
2190.0,1.0,0.9958117008209229
2191.0,0.0,0.01899777166545391
2192.0,0.0,0.0013694989029318094
2193.0,0.0,0.025005033239722252
2194.0,0.0,0.027234036475419998
2195.0,0.0,0.06511613726615906
2196.0,0.0,0.0014401210937649012
2197.0,0.0,0.025771109387278557
2198.0,0.0,0.0033240800257772207
2199.0,0.0,0.01678997464478016
2200.0,0.0,0.026425663381814957
2201.0,0.0,0.025283005088567734
2202.0,0.0,0.024906201288104057
2203.0,0.0,0.0014459739904850721
2204.0,1.0,0.016122156754136086
2205.0,0.0,0.018040908500552177
2206.0,0.0,0.027234036475419998
2207.0,0.0,0.022166267037391663
2208.0,0.0,0.02236247807741165
2209.0,0.0,0.0030231603886932135
2210.0,0.0,0.02314114384353161
2211.0,0.0,0.056600261479616165
2212.0,0.0,0.4316074550151825
2213.0,0.0,0.02207839861512184
2214.0,0.0,0.009604624472558498
2215.0,0.0,0.06266964226961136
2216.0,0.0,0.026814289391040802
2217.0,0.0,0.014844920486211777
2218.0,0.0,0.015269888564944267
2219.0,0.0,0.024906201288104057
2220.0,0.0,0.4169633090496063
2221.0,0.0,0.023393183946609497
2222.0,1.0,0.34404850006103516
2223.0,0.0,0.02531747706234455
2224.0,0.0,0.04021724313497543
2225.0,0.0,0.02826070226728916
2226.0,1.0,0.4454721212387085
2227.0,0.0,0.0008371466537937522
2228.0,0.0,0.025771109387278557
2229.0,0.0,0.014027321711182594
2230.0,0.0,0.016777299344539642
2231.0,0.0,0.024906201288104057
2232.0,0.0,0.024906201288104057
2233.0,0.0,0.025873281061649323
2234.0,0.0,0.01618671976029873
2235.0,0.0,0.016435613855719566
2236.0,0.0,0.02432887814939022
2237.0,0.0,0.02236247807741165
2238.0,0.0,0.014124889858067036
2239.0,0.0,0.027234036475419998
2240.0,0.0,0.022365860641002655
2241.0,0.0,0.02544485405087471
2242.0,0.0,0.03893374651670456
2243.0,0.0,0.4486140012741089
2244.0,0.0,0.04041016474366188
2245.0,0.0,0.025771109387278557
2246.0,0.0,0.02236247807741165
2247.0,0.0,0.034017689526081085
2248.0,0.0,0.06166466325521469
2249.0,0.0,0.024871468544006348
2250.0,0.0,0.023853830993175507
2251.0,0.0,0.026141773909330368
2252.0,0.0,0.027341853827238083
2253.0,0.0,0.0014632827369496226
2254.0,0.0,0.024871468544006348
2255.0,0.0,0.06021404266357422
2256.0,1.0,0.025873281061649323
2257.0,0.0,0.06021404266357422
2258.0,0.0,0.8444064259529114
2259.0,0.0,0.0013714581727981567
2260.0,0.0,0.02663862146437168
2261.0,0.0,0.024556316435337067
2262.0,0.0,0.026744144037365913
2263.0,0.0,0.025771109387278557
2264.0,0.0,0.003584557678550482
2265.0,0.0,0.0182296484708786
2266.0,0.0,0.017378058284521103
2267.0,0.0,0.016435613855719566
2268.0,0.0,0.02398207224905491
2269.0,0.0,0.02481570467352867
2270.0,0.0,0.010268616490066051
2271.0,0.0,0.03969156742095947
2272.0,0.0,0.025771109387278557
2273.0,0.0,0.05795514956116676
2274.0,0.0,0.025771109387278557
2275.0,0.0,0.022938264533877373
2276.0,0.0,0.037499938160181046
2277.0,0.0,0.017228078097105026
2278.0,0.0,0.02445853315293789
2279.0,0.0,0.025545770302414894
2280.0,0.0,0.0013608243316411972
2281.0,0.0,0.0012315916828811169
2282.0,0.0,0.017739813774824142
2283.0,1.0,0.417167991399765
2284.0,0.0,0.0173247791826725
2285.0,0.0,0.01158476434648037
2286.0,0.0,0.02641528844833374
2287.0,0.0,0.02663862146437168
2288.0,0.0,0.0014018514193594456
2289.0,0.0,0.01899777166545391
2290.0,0.0,0.05804179608821869
2291.0,0.0,0.02544485405087471
2292.0,0.0,0.02481570467352867
2293.0,0.0,0.024906201288104057
2294.0,0.0,0.02536497637629509
2295.0,0.0,0.016435613855719566
2296.0,0.0,0.4392189085483551
2297.0,0.0,0.032343778759241104
2298.0,0.0,0.024906201288104057
2299.0,0.0,0.02660154178738594
2300.0,0.0,0.026122327893972397
2301.0,0.0,0.015938570722937584
2302.0,0.0,0.024717602878808975
2303.0,0.0,0.02440434880554676
2304.0,0.0,0.02323314920067787
2305.0,0.0,0.06721670180559158
2306.0,0.0,0.0319456122815609
2307.0,0.0,0.037240318953990936
2308.0,0.0,0.022420059889554977
2309.0,0.0,0.027234036475419998
2310.0,0.0,0.038059405982494354
2311.0,1.0,0.9214271306991577
2312.0,0.0,0.06428132206201553
2313.0,0.0,0.016435613855719566
2314.0,0.0,0.06166466325521469
2315.0,0.0,0.0012720894301310182
2316.0,0.0,0.06549248099327087
2317.0,0.0,0.016435613855719566
2318.0,0.0,0.03391548618674278
2319.0,0.0,0.04536348581314087
2320.0,0.0,0.025771109387278557
2321.0,0.0,0.0015030310023576021
2322.0,1.0,0.026744144037365913
2323.0,0.0,0.024624401703476906
2324.0,0.0,0.028978295624256134
2325.0,0.0,0.058594658970832825
2326.0,0.0,0.017969094216823578
2327.0,0.0,0.025810956954956055
2328.0,0.0,0.025373326614499092
2329.0,0.0,0.0014260467141866684
2330.0,0.0,0.023636609315872192
2331.0,0.0,0.02314114384353161
2332.0,0.0,0.023922305554151535
2333.0,0.0,0.025172991678118706
2334.0,0.0,0.01575755886733532
2335.0,0.0,0.017739813774824142
2336.0,0.0,0.32667824625968933
2337.0,0.0,0.025283005088567734
2338.0,0.0,0.025550583377480507
2339.0,0.0,0.02314114384353161
2340.0,0.0,0.014743927866220474
2341.0,0.0,0.0015030310023576021
2342.0,0.0,0.05708349123597145
2343.0,0.0,0.02624538727104664
2344.0,0.0,0.025873281061649323
2345.0,0.0,0.013124067336320877
2346.0,0.0,0.019073618575930595
2347.0,0.0,0.016122156754136086
2348.0,0.0,0.022938264533877373
2349.0,0.0,0.02395937219262123
2350.0,0.0,0.02207839861512184
2351.0,0.0,0.025005033239722252
2352.0,0.0,0.017969094216823578
2353.0,0.0,0.014891373924911022
2354.0,0.0,0.026425663381814957
2355.0,0.0,0.0014202744932845235
2356.0,0.0,0.025771109387278557
2357.0,0.0,0.016435613855719566
2358.0,0.0,0.039615631103515625
2359.0,1.0,0.4392189085483551
2360.0,0.0,0.024717602878808975
2361.0,0.0,0.0014401210937649012
2362.0,0.0,0.0015030310023576021
2363.0,0.0,0.015856554731726646
2364.0,0.0,0.02361888997256756
2365.0,0.0,0.06384751200675964
2366.0,0.0,0.04070216044783592
2367.0,0.0,0.025771109387278557
2368.0,0.0,0.018040908500552177
2369.0,0.0,0.02826070226728916
2370.0,0.0,0.024717602878808975
2371.0,0.0,0.027234036475419998
2372.0,0.0,0.02653190866112709
2373.0,0.0,0.025550583377480507
2374.0,0.0,0.025873281061649323
2375.0,0.0,0.015878908336162567
2376.0,0.0,0.02632135897874832
2377.0,0.0,0.023636609315872192
2378.0,0.0,0.0034331486094743013
2379.0,0.0,0.05865941196680069
2380.0,0.0,0.022685261443257332
2381.0,0.0,0.014223608188331127
2382.0,0.0,0.02481570467352867
2383.0,0.0,0.014870388433337212
2384.0,0.0,0.0014566865283995867
2385.0,0.0,0.01629883050918579
2386.0,0.0,0.02544485405087471
2387.0,0.0,0.017969094216823578
2388.0,0.0,0.017969094216823578
2389.0,0.0,0.0017358994809910655
2390.0,0.0,0.027341853827238083
2391.0,0.0,0.36442863941192627
2392.0,0.0,0.02445853315293789
2393.0,0.0,0.025873281061649323
2394.0,0.0,0.024590618908405304
2395.0,0.0,0.02314114384353161
2396.0,0.0,0.01607489213347435
2397.0,0.0,0.4476095139980316
2398.0,0.0,0.0013193896738812327
2399.0,0.0,0.016097549349069595
2400.0,0.0,0.0014202744932845235
2401.0,0.0,0.024717602878808975
2402.0,0.0,0.025873281061649323
2403.0,0.0,0.026425663381814957
2404.0,0.0,0.016122156754136086
2405.0,0.0,0.030939796939492226
2406.0,0.0,0.43026041984558105
2407.0,0.0,0.014297300949692726
2408.0,0.0,0.022331207990646362
2409.0,0.0,0.02826070226728916
2410.0,0.0,0.04019296169281006
2411.0,0.0,0.025005033239722252
2412.0,0.0,0.2395450472831726
2413.0,0.0,0.017478905618190765
2414.0,0.0,0.056377820670604706
2415.0,0.0,0.025005033239722252
2416.0,0.0,0.02339089661836624
2417.0,0.0,0.04266770929098129
2418.0,0.0,0.0013714581727981567
2419.0,0.0,0.025771109387278557
2420.0,0.0,0.025771109387278557
2421.0,0.0,0.026425663381814957
2422.0,0.0,0.027234036475419998
2423.0,0.0,0.42014530301094055
2424.0,0.0,0.001392714912071824
2425.0,1.0,0.44283321499824524
2426.0,0.0,0.023853830993175507
2427.0,0.0,0.02663702517747879
2428.0,0.0,0.015590906143188477
2429.0,1.0,0.8210725784301758
2430.0,0.0,0.028332654386758804
2431.0,0.0,0.025771109387278557
2432.0,0.0,0.0014693202683702111
2433.0,0.0,0.014743927866220474
2434.0,0.0,0.0015030310023576021
2435.0,0.0,0.01618671976029873
2436.0,0.0,0.010713044553995132
2437.0,1.0,0.4476095139980316
2438.0,0.0,0.0013140484225004911
2439.0,0.0,0.029738491401076317
2440.0,0.0,0.015878908336162567
2441.0,0.0,0.015878908336162567
2442.0,0.0,0.03697721287608147
2443.0,0.0,0.0014513740316033363
2444.0,0.0,0.02445853315293789
2445.0,0.0,0.028552323579788208
2446.0,0.0,0.03513512387871742
2447.0,0.0,0.025771109387278557
2448.0,0.0,0.04019296169281006
2449.0,0.0,0.02544485405087471
2450.0,0.0,0.02544485405087471
2451.0,0.0,0.02314114384353161
2452.0,0.0,0.024555636569857597
2453.0,0.0,0.43402186036109924
2454.0,0.0,0.024906201288104057
2455.0,0.0,0.024906201288104057
2456.0,0.0,0.025005033239722252
2457.0,0.0,0.024871468544006348
2458.0,1.0,0.024717602878808975
2459.0,0.0,0.028221415355801582
2460.0,0.0,0.015413998626172543
2461.0,0.0,0.025771109387278557
2462.0,0.0,0.026481470093131065
2463.0,0.0,0.024871468544006348
2464.0,0.0,0.025873281061649323
2465.0,0.0,0.4426445960998535
2466.0,0.0,0.0013431700645014644
2467.0,0.0,0.02814936637878418
2468.0,0.0,0.027913730591535568
2469.0,0.0,0.018040908500552177
2470.0,0.0,0.0014202744932845235
2471.0,0.0,0.0013431700645014644
2472.0,0.0,0.010245205834507942
2473.0,0.0,0.025771109387278557
2474.0,0.0,0.014870388433337212
2475.0,0.0,0.0013694989029318094
2476.0,0.0,0.04353320226073265
2477.0,0.0,0.02536497637629509
2478.0,0.0,0.02236247807741165
2479.0,0.0,0.022451452910900116
2480.0,0.0,0.02663862146437168
2481.0,0.0,0.030525844544172287
2482.0,0.0,0.016994355246424675
2483.0,0.0,0.02440434880554676
2484.0,0.0,0.02505970373749733
2485.0,0.0,0.025346089154481888
2486.0,0.0,0.024717602878808975
2487.0,0.0,0.02314114384353161
2488.0,0.0,0.02632135897874832
2489.0,0.0,0.01757531799376011
2490.0,0.0,0.017997104674577713
2491.0,0.0,0.06344211101531982
2492.0,0.0,0.023887183517217636
2493.0,0.0,0.03965608775615692
2494.0,0.0,0.024906201288104057
2495.0,0.0,0.017739813774824142
2496.0,0.0,0.0014566865283995867
2497.0,0.0,0.015878908336162567
2498.0,0.0,0.025771109387278557
2499.0,0.0,0.024906201288104057
2500.0,0.0,0.016122156754136086
2501.0,0.0,0.0397828184068203
2502.0,0.0,0.024717602878808975
2503.0,0.0,0.003702954389154911
2504.0,0.0,0.025771109387278557
2505.0,0.0,0.022847406566143036
2506.0,0.0,0.01587403006851673
2507.0,1.0,0.3513956665992737
2508.0,0.0,0.015086700208485126
2509.0,0.0,0.028110241517424583
2510.0,0.0,0.0014260467141866684
2511.0,0.0,0.003296883078292012
2512.0,0.0,0.02398207224905491
2513.0,0.0,0.05623804032802582
2514.0,0.0,0.014979436062276363
2515.0,0.0,0.0014202744932845235
2516.0,0.0,0.025771109387278557
2517.0,1.0,0.015803491696715355
2518.0,0.0,0.026196282356977463
2519.0,0.0,0.0013770321384072304
2520.0,0.0,0.062242891639471054
2521.0,0.0,0.024501239880919456
2522.0,0.0,0.03984667360782623
2523.0,0.0,0.017739813774824142
2524.0,0.0,0.026425663381814957
2525.0,1.0,0.026913220062851906
2526.0,0.0,0.06021404266357422
2527.0,0.0,0.035082001239061356
2528.0,0.0,0.016409974545240402
2529.0,0.0,0.0013714581727981567
2530.0,0.0,0.03744565322995186
2531.0,0.0,0.01707693375647068
2532.0,0.0,0.02632135897874832
2533.0,0.0,0.02544485405087471
2534.0,0.0,0.4464757442474365
2535.0,0.0,0.02641528844833374
2536.0,1.0,0.9800788760185242
2537.0,0.0,0.0014260467141866684
2538.0,0.0,0.030525844544172287
2539.0,0.0,0.01722889207303524
2540.0,0.0,0.025873281061649323
2541.0,0.0,0.05708349123597145
2542.0,0.0,0.02814936637878418
2543.0,0.0,0.027234036475419998
2544.0,0.0,0.025771109387278557
2545.0,0.0,0.024717602878808975
2546.0,0.0,0.025771109387278557
2547.0,0.0,0.0013591691385954618
2548.0,0.0,0.0597548745572567
2549.0,0.0,0.017645586282014847
2550.0,0.0,0.02398207224905491
2551.0,0.0,0.015878908336162567
2552.0,0.0,0.003499495331197977
2553.0,0.0,0.025550583377480507
2554.0,0.0,0.027234036475419998
2555.0,0.0,0.014243694953620434
2556.0,0.0,0.024717602878808975
2557.0,0.0,0.02314114384353161
2558.0,0.0,0.015413998626172543
2559.0,1.0,0.06006842106580734
2560.0,0.0,0.02641528844833374
2561.0,0.0,0.0014202744932845235
2562.0,0.0,0.038809921592473984
2563.0,0.0,0.01565380021929741
2564.0,1.0,0.04581095650792122
2565.0,0.0,0.016994355246424675
2566.0,0.0,0.026744144037365913
2567.0,0.0,0.05522727221250534
2568.0,0.0,0.024590618908405304
2569.0,0.0,0.004036225378513336
2570.0,0.0,0.014891373924911022
2571.0,0.0,0.04041016474366188
2572.0,1.0,0.44021958112716675
2573.0,1.0,0.027234036475419998
2574.0,0.0,0.01729780063033104
2575.0,0.0,0.04094049707055092
2576.0,0.0,0.016661789268255234
2577.0,0.0,0.024556316435337067
2578.0,0.0,0.023853830993175507
2579.0,0.0,0.02207839861512184
2580.0,0.0,0.02880288101732731
2581.0,0.0,0.026425663381814957
2582.0,0.0,0.01678997464478016
2583.0,0.0,0.025771109387278557
2584.0,0.0,0.0016632580664008856
2585.0,0.0,0.02632135897874832
2586.0,0.0,0.04618122801184654
2587.0,0.0,0.02314114384353161
2588.0,0.0,0.02826070226728916
2589.0,0.0,0.018215972930192947
2590.0,1.0,0.003244467545300722
2591.0,0.0,0.02502305433154106
2592.0,0.0,0.0013906233943998814
2593.0,0.0,0.025771109387278557
2594.0,0.0,0.003934082109481096
2595.0,0.0,0.06777822971343994
2596.0,0.0,0.05199820175766945
2597.0,0.0,0.025771109387278557
2598.0,0.0,0.027234036475419998
2599.0,0.0,0.02544485405087471
2600.0,0.0,0.023887183517217636
2601.0,0.0,0.0014459739904850721
2602.0,0.0,0.025771109387278557
2603.0,0.0,0.016766361892223358
2604.0,0.0,0.025545770302414894
2605.0,0.0,0.030646273866295815
2606.0,0.0,0.03634200617671013
2607.0,1.0,0.42740845680236816
2608.0,0.0,0.0014202744932845235
2609.0,0.0,0.0012333538616076112
2610.0,0.0,0.011279945261776447
2611.0,0.0,0.026425663381814957
2612.0,0.0,0.023474901914596558
2613.0,0.0,0.05623804032802582
2614.0,0.0,0.02360360138118267
2615.0,0.0,0.025771109387278557
2616.0,0.0,0.016994355246424675
2617.0,0.0,0.025771109387278557
2618.0,0.0,0.025005033239722252
2619.0,0.0,0.027234036475419998
2620.0,0.0,0.027234036475419998
2621.0,0.0,0.025245940312743187
2622.0,0.0,0.06123312562704086
2623.0,0.0,0.03928789868950844
2624.0,0.0,0.02481570467352867
2625.0,0.0,0.013337628915905952
2626.0,0.0,0.02544485405087471
2627.0,0.0,0.016994355246424675
2628.0,0.0,0.0036289540585130453
2629.0,0.0,0.02544485405087471
2630.0,0.0,0.014276108704507351
2631.0,0.0,0.018199829384684563
2632.0,0.0,0.02445853315293789
2633.0,1.0,0.42705121636390686
2634.0,0.0,0.019502442330121994
2635.0,0.0,0.025801602751016617
2636.0,0.0,0.025043737143278122
2637.0,0.0,0.02323314920067787
2638.0,0.0,0.025771109387278557
2639.0,0.0,0.01704694889485836
2640.0,0.0,0.04475943744182587
2641.0,0.0,0.4122503101825714
2642.0,0.0,0.014555196277797222
2643.0,0.0,0.06474325805902481
2644.0,0.0,0.024871468544006348
2645.0,0.0,0.34169960021972656
2646.0,0.0,0.024717602878808975
2647.0,0.0,0.027234036475419998
2648.0,0.0,0.015355028212070465
2649.0,0.0,0.06639550626277924
2650.0,0.0,0.021197669208049774
2651.0,0.0,0.0013140484225004911
2652.0,0.0,0.025383293628692627
2653.0,0.0,0.02536497637629509
2654.0,0.0,0.022685261443257332
2655.0,0.0,0.0014513740316033363
2656.0,0.0,0.025873281061649323
2657.0,0.0,0.01766781136393547
2658.0,0.0,0.025771109387278557
2659.0,0.0,0.014276108704507351
2660.0,0.0,0.026122327893972397
2661.0,0.0,0.02697308547794819
2662.0,0.0,0.02481570467352867
2663.0,0.0,0.017008891329169273
2664.0,0.0,0.02632135897874832
2665.0,0.0,0.025346089154481888
2666.0,0.0,0.03554240241646767
2667.0,0.0,0.039917442947626114
2668.0,0.0,0.02544485405087471
2669.0,0.0,0.019073618575930595
2670.0,0.0,0.06290864944458008
2671.0,0.0,0.02358420193195343
2672.0,0.0,0.017336970195174217
2673.0,0.0,0.06220649182796478
2674.0,0.0,0.024970166385173798
2675.0,0.0,0.010713044553995132
2676.0,0.0,0.02445853315293789
2677.0,0.0,0.018215972930192947
2678.0,0.0,0.017969094216823578
2679.0,0.0,0.025945642963051796
2680.0,0.0,0.025771109387278557
2681.0,0.0,0.0031331481877714396
2682.0,0.0,0.025172991678118706
2683.0,0.0,0.01521681435406208
2684.0,0.0,0.023853830993175507
2685.0,0.0,0.025873281061649323
2686.0,0.0,0.019770890474319458
2687.0,0.0,0.024871468544006348
2688.0,0.0,0.026141773909330368
2689.0,0.0,0.03967888653278351
2690.0,0.0,0.024717602878808975
2691.0,0.0,0.010113470256328583
2692.0,0.0,0.016435613855719566
2693.0,0.0,0.02323314920067787
2694.0,0.0,0.02628469653427601
2695.0,0.0,0.025873281061649323
2696.0,0.0,0.023853830993175507
2697.0,0.0,0.02236247807741165
2698.0,0.0,0.027234036475419998
2699.0,0.0,0.02323314920067787
2700.0,0.0,0.017739813774824142
2701.0,1.0,0.023853830993175507
2702.0,0.0,0.027800418436527252
2703.0,0.0,0.0013694989029318094
2704.0,0.0,0.028147684410214424
2705.0,0.0,0.015116751194000244
2706.0,0.0,0.025073513388633728
2707.0,0.0,0.003358983201906085
2708.0,0.0,0.026122327893972397
2709.0,0.0,0.010333484970033169
2710.0,0.0,0.0014202744932845235
2711.0,0.0,0.023887183517217636
2712.0,0.0,0.02330528199672699
2713.0,0.0,0.06474325805902481
2714.0,0.0,0.0013714581727981567
2715.0,0.0,0.03740875422954559
2716.0,0.0,0.024590618908405304
2717.0,0.0,0.030236968770623207
2718.0,0.0,0.01410497073084116
2719.0,0.0,0.01899777166545391
2720.0,0.0,0.02814936637878418
2721.0,0.0,0.022938264533877373
2722.0,0.0,0.014276108704507351
2723.0,0.0,0.030346466228365898
2724.0,0.0,0.02751954458653927
2725.0,1.0,0.4374698996543884
2726.0,0.0,0.014743927866220474
2727.0,0.0,0.027234036475419998
2728.0,0.0,0.025545770302414894
2729.0,0.0,0.029889458790421486
2730.0,0.0,0.02854803204536438
2731.0,0.0,0.024906201288104057
2732.0,0.0,0.024555636569857597
2733.0,0.0,0.023887183517217636
2734.0,0.0,0.0015091396635398269
2735.0,0.0,0.0013140484225004911
2736.0,1.0,0.43061134219169617
2737.0,0.0,0.39747893810272217
2738.0,0.0,0.015553967095911503
2739.0,0.0,0.017378058284521103
2740.0,0.0,0.02236247807741165
2741.0,0.0,0.024717602878808975
2742.0,1.0,0.4633311629295349
2743.0,0.0,0.024906201288104057
2744.0,0.0,0.014870388433337212
2745.0,0.0,0.02814936637878418
2746.0,0.0,0.0013663552235811949
2747.0,0.0,0.0013770321384072304
2748.0,1.0,0.44283321499824524
2749.0,0.0,0.025771109387278557
2750.0,0.0,0.025873281061649323
2751.0,0.0,0.016964009031653404
2752.0,0.0,0.023453351110219955
2753.0,0.0,0.02854803204536438
2754.0,0.0,0.02663862146437168
2755.0,0.0,0.016122156754136086
2756.0,0.0,0.025771109387278557
2757.0,0.0,0.025771109387278557
2758.0,0.0,0.04260427877306938
2759.0,0.0,0.028024164959788322
2760.0,0.0,0.016121400520205498
2761.0,0.0,0.014743927866220474
2762.0,0.0,0.023887183517217636
2763.0,0.0,0.06006842106580734
2764.0,0.0,0.02236247807741165
2765.0,0.0,0.017336970195174217
2766.0,0.0,0.026425663381814957
2767.0,0.0,0.022685261443257332
2768.0,0.0,0.4476095139980316
2769.0,0.0,0.0013140484225004911
2770.0,0.0,0.03935639187693596
2771.0,0.0,0.015856554731726646
2772.0,0.0,0.04339463636279106
2773.0,0.0,0.02544485405087471
2774.0,0.0,0.0273841954767704
2775.0,1.0,0.4287012219429016
2776.0,0.0,0.054085057228803635
2777.0,0.0,0.0014401210937649012
2778.0,0.0,0.05599655583500862
2779.0,0.0,0.015979811549186707
2780.0,0.0,0.037593062967061996
2781.0,0.0,0.06131014972925186
2782.0,0.0,0.013337628915905952
2783.0,0.0,0.05522727221250534
2784.0,0.0,0.024017333984375
2785.0,0.0,0.039073653519153595
2786.0,0.0,0.024970166385173798
2787.0,0.0,0.027234036475419998
2788.0,0.0,0.02663862146437168
2789.0,0.0,0.0576346293091774
2790.0,0.0,0.05708349123597145
2791.0,0.0,0.4486140012741089
2792.0,0.0,0.06615528464317322
2793.0,0.0,0.34169960021972656
2794.0,0.0,0.02628469653427601
2795.0,0.0,0.4270581603050232
2796.0,0.0,0.06344211101531982
2797.0,0.0,0.05522727221250534
2798.0,0.0,0.025005033239722252
2799.0,0.0,0.025172991678118706
2800.0,0.0,0.012085461057722569
2801.0,0.0,0.01685047335922718
2802.0,0.0,0.02440434880554676
2803.0,0.0,0.02314114384353161
2804.0,0.0,0.025771109387278557
2805.0,0.0,0.02526475116610527
2806.0,0.0,0.016293639317154884
2807.0,0.0,0.022135263308882713
2808.0,0.0,0.0014693202683702111
2809.0,0.0,0.027234036475419998
2810.0,0.0,0.01704694889485836
2811.0,0.0,0.4476095139980316
2812.0,0.0,0.04092149809002876
2813.0,0.0,0.010370426811277866
2814.0,0.0,0.027234036475419998
2815.0,0.0,0.02663862146437168
2816.0,0.0,0.027001334354281425
2817.0,0.0,0.015223466791212559
2818.0,0.0,0.003839910728856921
2819.0,0.0,0.025005033239722252
2820.0,0.0,0.07367170602083206
2821.0,0.0,0.0013608243316411972
2822.0,0.0,0.024590618908405304
2823.0,0.0,0.025771109387278557
2824.0,0.0,0.024970166385173798
2825.0,0.0,0.02555767446756363
2826.0,0.0,0.06175331398844719
2827.0,1.0,0.05554807558655739
2828.0,0.0,0.014743927866220474
2829.0,0.0,0.01758851297199726
2830.0,0.0,0.024906201288104057
2831.0,0.0,0.05708349123597145
2832.0,0.0,0.02061801590025425
2833.0,0.0,0.0015030310023576021
2834.0,0.0,0.017969094216823578
2835.0,0.0,0.017378058284521103
2836.0,0.0,0.025005033239722252
2837.0,0.0,0.0031837711576372385
2838.0,0.0,0.01899777166545391
2839.0,0.0,0.01574668474495411
2840.0,0.0,0.016122156754136086
2841.0,0.0,0.02663862146437168
2842.0,0.0,0.026744144037365913
2843.0,0.0,0.02323314920067787
2844.0,0.0,0.017969094216823578
2845.0,0.0,0.010245205834507942
2846.0,0.0,0.025005033239722252
2847.0,0.0,0.025346089154481888
2848.0,0.0,0.42740845680236816
2849.0,0.0,0.025810956954956055
2850.0,0.0,0.0015091396635398269
2851.0,0.0,0.01899777166545391
2852.0,0.0,0.02663862146437168
2853.0,0.0,0.027234036475419998
2854.0,0.0,0.024717602878808975
2855.0,0.0,0.015878908336162567
2856.0,0.0,0.015413998626172543
2857.0,0.0,0.014175931923091412
2858.0,1.0,0.9938541650772095
2859.0,0.0,0.0012960999738425016
2860.0,0.0,0.02419760823249817
2861.0,0.0,0.014870388433337212
2862.0,0.0,0.02481570467352867
2863.0,0.0,0.024970166385173798
2864.0,0.0,0.055310074239969254
2865.0,0.0,0.030525844544172287
2866.0,0.0,0.02207839861512184
2867.0,0.0,0.02323314920067787
2868.0,0.0,0.02358420193195343
2869.0,0.0,0.028866562992334366
2870.0,0.0,0.01629883050918579
2871.0,0.0,0.011426706798374653
2872.0,0.0,0.016225576400756836
2873.0,0.0,0.014243694953620434
2874.0,0.0,0.0012283599935472012
2875.0,0.0,0.02445853315293789
2876.0,0.0,0.027001334354281425
2877.0,1.0,0.4360010325908661
2878.0,0.0,0.017969094216823578
2879.0,0.0,0.0015091396635398269
2880.0,0.0,0.0263888631016016
2881.0,0.0,0.025873281061649323
2882.0,0.0,0.025873281061649323
2883.0,0.0,0.06512225419282913
2884.0,0.0,0.016270712018013
2885.0,0.0,0.026141773909330368
2886.0,0.0,0.024556316435337067
2887.0,0.0,0.025005033239722252
2888.0,0.0,0.0013354358961805701
2889.0,0.0,0.02314114384353161
2890.0,0.0,0.024906201288104057
2891.0,0.0,0.018215972930192947
2892.0,0.0,0.024717602878808975
2893.0,0.0,0.01491465698927641
2894.0,0.0,0.02445853315293789
2895.0,0.0,0.05795514956116676
2896.0,0.0,0.02179497294127941
2897.0,0.0,0.017378058284521103
2898.0,0.0,0.014124889858067036
2899.0,0.0,0.026425663381814957
2900.0,0.0,0.024433191865682602
2901.0,0.0,0.02236247807741165
2902.0,1.0,0.36442863941192627
2903.0,0.0,0.025651903823018074
2904.0,0.0,0.03984667360782623
2905.0,0.0,0.02544485405087471
2906.0,1.0,0.4338580071926117
2907.0,0.0,0.025771109387278557
2908.0,0.0,0.024871468544006348
2909.0,1.0,0.30695635080337524
2910.0,0.0,0.019121738150715828
2911.0,0.0,0.025545770302414894
2912.0,0.0,0.02314114384353161
2913.0,0.0,0.02814936637878418
2914.0,0.0,0.05274798348546028
2915.0,0.0,0.037028223276138306
2916.0,0.0,0.024717602878808975
2917.0,0.0,0.015590906143188477
2918.0,0.0,0.033961985260248184
2919.0,0.0,0.4392189085483551
2920.0,0.0,0.12983481585979462
2921.0,0.0,0.01899777166545391
2922.0,0.0,0.06021404266357422
2923.0,0.0,0.023579120635986328
2924.0,0.0,0.05237181484699249
2925.0,0.0,0.023853830993175507
2926.0,0.0,0.024717602878808975
2927.0,0.0,0.014891373924911022
2928.0,0.0,0.02632135897874832
2929.0,0.0,0.003526357701048255
2930.0,0.0,0.024906201288104057
2931.0,0.0,0.024906201288104057
2932.0,0.0,0.05623804032802582
2933.0,0.0,0.017969094216823578
2934.0,0.0,0.01575755886733532
2935.0,0.0,0.016435613855719566
2936.0,0.0,0.02628469653427601
2937.0,0.0,0.019562629982829094
2938.0,0.0,0.013825992122292519
2939.0,0.0,0.023393183946609497
2940.0,0.0,0.05623804032802582
2941.0,0.0,0.4532330334186554
2942.0,0.0,0.04243891313672066
2943.0,0.0,0.024906201288104057
2944.0,0.0,0.025771109387278557
2945.0,0.0,0.026122327893972397
2946.0,0.0,0.016853002831339836
2947.0,0.0,0.015675872564315796
2948.0,0.0,0.025771109387278557
2949.0,0.0,0.03167172521352768
2950.0,0.0,0.0013629813911393285
2951.0,0.0,0.02398207224905491
2952.0,0.0,0.041386403143405914
2953.0,0.0,0.027234036475419998
2954.0,0.0,0.025771109387278557
2955.0,0.0,0.0664389505982399
2956.0,0.0,0.027234036475419998
2957.0,0.0,0.028187638148665428
2958.0,0.0,0.055439580231904984
2959.0,0.0,0.025771109387278557
2960.0,0.0,0.02663862146437168
2961.0,0.0,0.029652222990989685
2962.0,0.0,0.0013193896738812327
2963.0,0.0,0.02445853315293789
2964.0,0.0,0.024906201288104057
2965.0,0.0,0.06021404266357422
2966.0,0.0,0.8397490978240967
2967.0,0.0,0.01704694889485836
2968.0,0.0,0.026141773909330368
2969.0,0.0,0.023679625242948532
2970.0,0.0,0.016122156754136086
2971.0,0.0,0.0014572733780369163
2972.0,0.0,0.018040908500552177
2973.0,0.0,0.0013714581727981567
2974.0,1.0,0.8483741283416748
2975.0,0.0,0.013166645541787148
2976.0,0.0,0.017969094216823578
2977.0,0.0,0.01707693375647068
2978.0,0.0,0.027234036475419998
2979.0,0.0,0.06431885063648224
2980.0,0.0,0.01448389608412981
2981.0,0.0,0.02591816894710064
2982.0,0.0,0.017969094216823578
2983.0,0.0,0.024871468544006348
2984.0,0.0,0.02314114384353161
2985.0,0.0,0.02641528844833374
2986.0,0.0,0.0036289540585130453
2987.0,0.0,0.4169633090496063
2988.0,0.0,0.02878052182495594
2989.0,0.0,0.025073513388633728
2990.0,0.0,0.02555767446756363
2991.0,0.0,0.009754943661391735
2992.0,0.0,0.0262258630245924
2993.0,0.0,0.025771109387278557
2994.0,0.0,0.0035631826613098383
2995.0,0.0,0.02709067240357399
2996.0,0.0,0.4122503101825714
2997.0,0.0,0.023721186444163322
2998.0,0.0,0.4037907123565674
2999.0,0.0,0.014743927866220474
3000.0,0.0,0.014061274006962776
3001.0,0.0,0.002987996442243457
3002.0,1.0,0.34842145442962646
3003.0,0.0,0.015878908336162567
3004.0,0.0,0.025245940312743187
3005.0,0.0,0.017378058284521103
3006.0,0.0,0.017969094216823578
3007.0,0.0,0.022331207990646362
3008.0,0.0,0.015280703082680702
3009.0,0.0,0.0013608243316411972
3010.0,0.0,0.01692560501396656
3011.0,0.0,0.025771109387278557
3012.0,0.0,0.02641528844833374
3013.0,0.0,0.02536497637629509
3014.0,0.0,0.025771109387278557
3015.0,0.0,0.025005033239722252
3016.0,0.0,0.024871468544006348
3017.0,0.0,0.030025148764252663
3018.0,0.0,0.06021404266357422
3019.0,0.0,0.016435613855719566
3020.0,0.0,0.0015775627689436078
3021.0,0.0,0.025005033239722252
3022.0,0.0,0.025771109387278557
3023.0,0.0,0.0013770321384072304
3024.0,0.0,0.024906201288104057
3025.0,0.0,0.026122327893972397
3026.0,0.0,0.023420259356498718
3027.0,0.0,0.027341853827238083
3028.0,0.0,0.0014412200544029474
3029.0,0.0,0.014870388433337212
3030.0,0.0,0.02660154178738594
3031.0,0.0,0.02398207224905491
3032.0,0.0,0.025005033239722252
3033.0,0.0,0.024906201288104057
3034.0,0.0,0.024906201288104057
3035.0,0.0,0.016994355246424675
3036.0,0.0,0.0012772607151418924
3037.0,0.0,0.02632135897874832
3038.0,0.0,0.02663862146437168
3039.0,0.0,0.035886865109205246
3040.0,0.0,0.056640829890966415
3041.0,1.0,0.9964537620544434
3042.0,0.0,0.024906201288104057
3043.0,0.0,0.017336970195174217
3044.0,0.0,0.02663862146437168
3045.0,0.0,0.0013916846364736557
3046.0,0.0,0.0015030310023576021
3047.0,0.0,0.025245940312743187
3048.0,0.0,0.03858567029237747
3049.0,0.0,0.028187638148665428
3050.0,0.0,0.023636609315872192
3051.0,0.0,0.0032576294615864754
3052.0,1.0,0.4595222473144531
3053.0,0.0,0.0229489766061306
3054.0,0.0,0.015590906143188477
3055.0,1.0,0.9144589304924011
3056.0,0.0,0.015938570722937584
3057.0,0.0,0.02821015939116478
3058.0,0.0,0.022938264533877373
3059.0,0.0,0.028332654386758804
3060.0,0.0,0.043715283274650574
3061.0,0.0,0.025771109387278557
3062.0,0.0,0.001449301722459495
3063.0,0.0,0.023922305554151535
3064.0,0.0,0.026141773909330368
3065.0,0.0,0.0013663552235811949
3066.0,0.0,0.015246058814227581
3067.0,0.0,0.056640829890966415
3068.0,0.0,0.0014412200544029474
3069.0,0.0,0.039917442947626114
3070.0,0.0,0.0517096146941185
3071.0,0.0,0.0031268694438040257
3072.0,0.0,0.022938264533877373
3073.0,0.0,0.017739813774824142
3074.0,0.0,0.014297300949692726
3075.0,1.0,0.015878908336162567
3076.0,0.0,0.0014202744932845235
3077.0,0.0,0.030483517795801163
3078.0,0.0,0.040982529520988464
3079.0,0.0,0.4426445960998535
3080.0,0.0,0.023922305554151535
3081.0,0.0,0.06474325805902481
3082.0,0.0,0.015556056052446365
3083.0,0.0,0.055439580231904984
3084.0,0.0,0.011426706798374653
3085.0,0.0,0.017969094216823578
3086.0,0.0,0.0012720894301310182
3087.0,0.0,0.026425663381814957
3088.0,0.0,0.02544485405087471
3089.0,0.0,0.0015030310023576021
3090.0,0.0,0.024906201288104057
3091.0,0.0,0.4824769198894501
3092.0,0.0,0.025005033239722252
3093.0,0.0,0.05522727221250534
3094.0,0.0,0.02507074922323227
3095.0,0.0,0.017070453613996506
3096.0,0.0,0.37390127778053284
3097.0,1.0,0.015916068106889725
3098.0,0.0,0.030146073549985886
3099.0,0.0,0.025771109387278557
3100.0,1.0,0.023612098768353462
3101.0,0.0,0.024906201288104057
3102.0,0.0,0.025005033239722252
3103.0,0.0,0.016435613855719566
3104.0,0.0,0.014027321711182594
3105.0,0.0,0.025073513388633728
3106.0,0.0,0.025873281061649323
3107.0,0.0,0.4476095139980316
3108.0,0.0,0.025771109387278557
3109.0,0.0,0.02314114384353161
3110.0,0.0,0.02314114384353161
3111.0,0.0,0.03098991885781288
3112.0,0.0,0.0036289540585130453
3113.0,0.0,0.0014202744932845235
3114.0,0.0,0.017228078097105026
3115.0,0.0,0.02663862146437168
3116.0,0.0,0.02560640685260296
3117.0,0.0,0.025771109387278557
3118.0,0.0,0.025873281061649323
3119.0,0.0,0.023887183517217636
3120.0,0.0,0.053454283624887466
3121.0,0.0,0.02323314920067787
3122.0,0.0,0.025771109387278557
3123.0,0.0,0.012391899712383747
3124.0,0.0,0.015878908336162567
3125.0,0.0,0.01618671976029873
3126.0,0.0,0.025873281061649323
3127.0,0.0,0.01575755886733532
3128.0,0.0,0.06021404266357422
3129.0,0.0,0.023887183517217636
3130.0,0.0,0.015202022157609463
3131.0,0.0,0.026744144037365913
3132.0,0.0,0.037497278302907944
3133.0,0.0,0.05183758959174156
3134.0,0.0,0.027234036475419998
3135.0,0.0,0.0015716943889856339
3136.0,0.0,0.024906201288104057
3137.0,0.0,0.04260427877306938
3138.0,1.0,0.02624538727104664
3139.0,0.0,0.02236247807741165
3140.0,0.0,0.058941278606653214
3141.0,0.0,0.015413998626172543
3142.0,0.0,0.025005033239722252
3143.0,0.0,0.01899777166545391
3144.0,0.0,0.02526475116610527
3145.0,0.0,0.02323314920067787
3146.0,0.0,0.016121400520205498
3147.0,1.0,0.8499495983123779
3148.0,0.0,0.0014078195672482252
3149.0,0.0,0.05698017776012421
3150.0,0.0,0.02519186958670616
3151.0,0.0,0.01722889207303524
3152.0,0.0,0.025771109387278557
3153.0,0.0,0.4907330572605133
3154.0,0.0,0.43026041984558105
3155.0,0.0,0.024590618908405304
3156.0,0.0,0.02663862146437168
3157.0,0.0,0.0013462231727316976
3158.0,0.0,0.0012999485479667783
3159.0,0.0,0.02361888997256756
3160.0,0.0,0.025771109387278557
3161.0,0.0,0.06139259412884712
3162.0,0.0,0.01722889207303524
3163.0,0.0,0.019396280869841576
3164.0,0.0,0.02544485405087471
3165.0,0.0,0.3513956665992737
3166.0,0.0,0.026141773909330368
3167.0,0.0,0.017969094216823578
3168.0,0.0,0.027632083743810654
3169.0,0.0,0.009799270890653133
3170.0,0.0,0.05998348444700241
3171.0,0.0,0.01618671976029873
3172.0,0.0,0.0013608243316411972
3173.0,0.0,0.02544485405087471
3174.0,0.0,0.04682797193527222
3175.0,0.0,0.025873281061649323
3176.0,0.0,0.06549248099327087
3177.0,0.0,0.026141773909330368
3178.0,1.0,0.018225423991680145
3179.0,0.0,0.0033562947064638138
3180.0,0.0,0.05935477837920189
3181.0,0.0,0.025873281061649323
3182.0,0.0,0.02236247807741165
3183.0,0.0,0.025771109387278557
3184.0,0.0,0.01618671976029873
3185.0,0.0,0.024906201288104057
3186.0,0.0,0.0013160249218344688
3187.0,0.0,0.0014693202683702111
3188.0,1.0,0.0014202744932845235
3189.0,0.0,0.014243694953620434
3190.0,0.0,0.07183172553777695
3191.0,0.0,0.052849479019641876
3192.0,0.0,0.0008083566790446639
3193.0,0.0,0.026122327893972397
3194.0,0.0,0.03975638747215271
3195.0,0.0,0.025771109387278557
3196.0,0.0,0.02323314920067787
3197.0,0.0,0.0399782694876194
3198.0,0.0,0.016994355246424675
3199.0,0.0,0.025771109387278557
3200.0,0.0,0.0013714581727981567
3201.0,0.0,0.0013770321384072304
3202.0,0.0,0.02445853315293789
3203.0,0.0,0.026963751763105392
3204.0,0.0,0.0014202744932845235
3205.0,0.0,0.003708237549290061
3206.0,0.0,0.01575755886733532
3207.0,0.0,0.0015485414769500494
3208.0,0.0,0.027341853827238083
3209.0,0.0,0.0013714581727981567
3210.0,0.0,0.014223608188331127
3211.0,0.0,0.02632135897874832
3212.0,0.0,0.025771109387278557
3213.0,0.0,0.025245940312743187
3214.0,0.0,0.0014693202683702111
3215.0,0.0,0.02323314920067787
3216.0,0.0,0.003203291678801179
3217.0,0.0,0.0016969741554930806
3218.0,0.0,0.04407826438546181
3219.0,1.0,0.05741441249847412
3220.0,0.0,0.0033631601836532354
3221.0,0.0,0.027001334354281425
3222.0,0.0,0.02544485405087471
3223.0,0.0,0.024717602878808975
3224.0,0.0,0.024906201288104057
3225.0,0.0,0.04243891313672066
3226.0,0.0,0.025043737143278122
3227.0,0.0,0.025771109387278557
3228.0,0.0,0.0013140484225004911
3229.0,0.0,0.0014693202683702111
3230.0,0.0,0.053420014679431915
3231.0,0.0,0.02628469653427601
3232.0,0.0,0.04596911370754242
3233.0,0.0,0.024717602878808975
3234.0,0.0,0.0013663552235811949
3235.0,0.0,0.024590618908405304
3236.0,0.0,0.02236247807741165
3237.0,0.0,0.024717602878808975
3238.0,0.0,0.06021404266357422
3239.0,0.0,0.024906201288104057
3240.0,0.0,0.03500868007540703
3241.0,0.0,0.01899777166545391
3242.0,0.0,0.012085461057722569
3243.0,0.0,0.025771109387278557
3244.0,0.0,0.046390924602746964
3245.0,0.0,0.022822577506303787
3246.0,1.0,0.9910832643508911
3247.0,0.0,0.017969094216823578
3248.0,0.0,0.04041016474366188
3249.0,0.0,0.030025148764252663
3250.0,0.0,0.030054710805416107
3251.0,0.0,0.0014078195672482252
3252.0,0.0,0.057061124593019485
3253.0,0.0,0.026744144037365913
3254.0,0.0,0.01899777166545391
3255.0,0.0,0.02544485405087471
3256.0,0.0,0.027167392894625664
3257.0,0.0,0.02591816894710064
3258.0,0.0,0.01533604972064495
3259.0,0.0,0.2373291254043579
3260.0,0.0,0.025873281061649323
3261.0,0.0,0.015878908336162567
3262.0,0.0,0.022847406566143036
3263.0,0.0,0.025771109387278557
3264.0,0.0,0.031328391283750534
3265.0,0.0,0.017969094216823578
3266.0,0.0,0.014243694953620434
3267.0,0.0,0.014891373924911022
3268.0,0.0,0.027913730591535568
3269.0,0.0,0.016994355246424675
3270.0,0.0,0.02061801590025425
3271.0,0.0,0.0013536671176552773
3272.0,1.0,0.4532330334186554
3273.0,0.0,0.013879301957786083
3274.0,0.0,0.017739813774824142
3275.0,0.0,0.023887183517217636
3276.0,1.0,0.9775838851928711
3277.0,0.0,0.024906201288104057
3278.0,1.0,0.42840272188186646
3279.0,0.0,0.0034005448687821627
3280.0,0.0,0.02314114384353161
3281.0,0.0,0.05795514956116676
3282.0,0.0,0.023636609315872192
3283.0,0.0,0.3513956665992737
3284.0,0.0,0.018074018880724907
3285.0,0.0,0.0014551917556673288
3286.0,0.0,0.015202022157609463
3287.0,0.0,0.015553967095911503
3288.0,0.0,0.055310074239969254
3289.0,0.0,0.02526475116610527
3290.0,0.0,0.015938570722937584
3291.0,0.0,0.0012303078547120094
3292.0,0.0,0.0013160249218344688
3293.0,0.0,0.02814936637878418
3294.0,0.0,0.0015415605157613754
3295.0,0.0,0.01678997464478016
3296.0,0.0,0.029936516657471657
3297.0,0.0,0.02663862146437168
3298.0,0.0,0.05998764932155609
3299.0,0.0,0.027234036475419998
3300.0,0.0,0.05756740644574165
3301.0,0.0,0.015878908336162567
3302.0,0.0,0.02719457447528839
3303.0,0.0,0.02663862146437168
3304.0,0.0,0.015878908336162567
3305.0,0.0,0.03692832589149475
3306.0,0.0,0.01618671976029873
3307.0,0.0,0.025771109387278557
3308.0,0.0,0.024717602878808975
3309.0,0.0,0.015590906143188477
3310.0,0.0,0.0185039434581995
3311.0,0.0,0.027234036475419998
3312.0,0.0,0.0013714581727981567
3313.0,0.0,0.018330127000808716
3314.0,0.0,0.01587403006851673
3315.0,0.0,0.01899777166545391
3316.0,0.0,0.025771109387278557
3317.0,0.0,0.0013516949256882071
3318.0,0.0,0.02236247807741165
3319.0,0.0,0.015856554731726646
3320.0,0.0,0.016994355246424675
3321.0,1.0,0.025245940312743187
3322.0,0.0,0.016853002831339836
3323.0,1.0,0.34842145442962646
3324.0,0.0,0.025771109387278557
3325.0,0.0,0.02445853315293789
3326.0,1.0,0.4392189085483551
3327.0,0.0,0.02663862146437168
3328.0,0.0,0.04300350323319435
3329.0,0.0,0.037497278302907944
3330.0,0.0,0.024717602878808975
3331.0,0.0,0.02323314920067787
3332.0,0.0,0.02663862146437168
3333.0,0.0,0.0014018514193594456
3334.0,0.0,0.01562632992863655
3335.0,0.0,0.013356479816138744
3336.0,0.0,0.02632135897874832
3337.0,0.0,0.025771109387278557
3338.0,0.0,0.05983950197696686
3339.0,0.0,0.015413998626172543
3340.0,0.0,0.015280703082680702
3341.0,0.0,0.0014202744932845235
3342.0,0.0,0.06689666211605072
3343.0,0.0,0.0013536671176552773
3344.0,0.0,0.0013694989029318094
3345.0,0.0,0.02314114384353161
3346.0,0.0,0.016674311831593513
3347.0,0.0,0.025771109387278557
3348.0,0.0,0.3517572283744812
3349.0,0.0,0.017378058284521103
3350.0,0.0,0.025771109387278557
3351.0,0.0,0.026405904442071915
3352.0,0.0,0.02314114384353161
3353.0,0.0,0.0013663552235811949
3354.0,0.0,0.001447077956981957
3355.0,0.0,0.02814936637878418
3356.0,0.0,0.02398207224905491
3357.0,0.0,0.017810726538300514
3358.0,0.0,0.027913730591535568
3359.0,0.0,0.0036034060176461935
3360.0,0.0,0.017969094216823578
3361.0,0.0,0.023853830993175507
3362.0,0.0,0.02660154178738594
3363.0,0.0,0.026122327893972397
3364.0,0.0,0.06113040819764137
3365.0,0.0,0.02445853315293789
3366.0,0.0,0.028660891577601433
3367.0,0.0,0.02521074190735817
3368.0,0.0,0.027554333209991455
3369.0,0.0,0.025771109387278557
3370.0,0.0,0.019941624253988266
3371.0,0.0,0.026122327893972397
3372.0,0.0,0.023887183517217636
3373.0,0.0,0.0013714581727981567
3374.0,0.0,0.003643670119345188
3375.0,0.0,0.0013694989029318094
3376.0,1.0,0.024590618908405304
3377.0,0.0,0.025583310052752495
3378.0,1.0,0.058941278606653214
3379.0,0.0,0.06428132206201553
3380.0,0.0,0.039532795548439026
3381.0,0.0,0.015413998626172543
3382.0,0.0,0.015194912441074848
3383.0,1.0,0.7168864011764526
3384.0,0.0,0.026913220062851906
3385.0,0.0,0.02236247807741165
3386.0,0.0,0.06044430285692215
3387.0,0.0,0.058765873312950134
3388.0,0.0,0.03967888653278351
3389.0,0.0,0.023721186444163322
3390.0,0.0,0.016225576400756836
3391.0,0.0,0.01899777166545391
3392.0,0.0,0.025771109387278557
3393.0,0.0,0.027234036475419998
3394.0,0.0,0.025873281061649323
3395.0,0.0,0.010952994227409363
3396.0,0.0,0.025771109387278557
3397.0,0.0,0.0014202744932845235
3398.0,0.0,0.01830248348414898
3399.0,0.0,0.024590618908405304
3400.0,0.0,0.030528919771313667
3401.0,0.0,0.03683403134346008
3402.0,0.0,0.06044430285692215
3403.0,0.0,0.02628469653427601
3404.0,0.0,0.01830248348414898
3405.0,0.0,0.024871468544006348
3406.0,0.0,0.023922305554151535
3407.0,0.0,0.025651903823018074
3408.0,0.0,0.013825992122292519
3409.0,0.0,0.023887183517217636
3410.0,0.0,0.017969094216823578
3411.0,0.0,0.017969094216823578
3412.0,0.0,0.02628469653427601
3413.0,0.0,0.0031837711576372385
3414.0,0.0,0.016122156754136086
3415.0,0.0,0.03556228429079056
3416.0,0.0,0.03772217407822609
3417.0,0.0,0.016270712018013
3418.0,0.0,0.02784525230526924
3419.0,1.0,0.4287012219429016
3420.0,0.0,0.02445853315293789
3421.0,0.0,0.001449301722459495
3422.0,0.0,0.016225576400756836
3423.0,1.0,0.8397490978240967
3424.0,0.0,0.003296883078292012
3425.0,0.0,0.05628763884305954
3426.0,0.0,0.0263888631016016
3427.0,0.0,0.016994355246424675
3428.0,0.0,0.022613143548369408
3429.0,0.0,0.04041016474366188
3430.0,0.0,0.016158010810613632
3431.0,0.0,0.026141773909330368
3432.0,0.0,0.001350261503830552
3433.0,0.0,0.37733975052833557
3434.0,0.0,0.001449301722459495
3435.0,1.0,0.8353279232978821
3436.0,0.0,0.023948587477207184
3437.0,0.0,0.026301685720682144
3438.0,0.0,0.06319110095500946
3439.0,0.0,0.017336970195174217
3440.0,0.0,0.024906201288104057
3441.0,0.0,0.016994355246424675
3442.0,0.0,0.027983561158180237
3443.0,0.0,0.02236247807741165
3444.0,0.0,0.025229530408978462
3445.0,0.0,0.02236247807741165
3446.0,0.0,0.017739813774824142
3447.0,1.0,0.4545174837112427
3448.0,0.0,0.02800784446299076
3449.0,0.0,0.027913730591535568
3450.0,0.0,0.023636609315872192
3451.0,1.0,0.4360010325908661
3452.0,0.0,0.018225423991680145
3453.0,0.0,0.017008891329169273
3454.0,0.0,0.0626082718372345
3455.0,0.0,0.01899777166545391
3456.0,0.0,0.024944746866822243
3457.0,0.0,0.03893652930855751
3458.0,0.0,0.01722889207303524
3459.0,0.0,0.01678997464478016
3460.0,0.0,0.34842145442962646
3461.0,0.0,0.06044430285692215
3462.0,0.0,0.02785809524357319
3463.0,0.0,0.025771109387278557
3464.0,0.0,0.04774094372987747
3465.0,0.0,0.028621075674891472
3466.0,0.0,0.011112970300018787
3467.0,0.0,0.011426706798374653
3468.0,0.0,0.02526475116610527
3469.0,0.0,0.01629883050918579
3470.0,0.0,0.023474901914596558
3471.0,0.0,0.024906201288104057
3472.0,0.0,0.016122156754136086
3473.0,0.0,0.0013591691385954618
3474.0,0.0,0.024970166385173798
3475.0,0.0,0.02730223536491394
3476.0,0.0,0.016225576400756836
3477.0,0.0,0.43125638365745544
3478.0,0.0,0.025282183662056923
3479.0,0.0,0.002861025044694543
3480.0,0.0,0.025545770302414894
3481.0,0.0,0.025771109387278557
3482.0,0.0,0.016435613855719566
3483.0,1.0,0.46861183643341064
3484.0,0.0,0.023697391152381897
3485.0,0.0,0.001496331999078393
3486.0,0.0,0.0014260467141866684
3487.0,0.0,0.009604624472558498
3488.0,0.0,0.038738228380680084
3489.0,1.0,0.026425663381814957
3490.0,0.0,0.025771109387278557
3491.0,0.0,0.025771109387278557
3492.0,0.0,0.023888908326625824
3493.0,0.0,0.05607227236032486
3494.0,0.0,0.02663862146437168
3495.0,0.0,0.06344211101531982
3496.0,0.0,0.02653190866112709
3497.0,0.0,0.016435613855719566
3498.0,0.0,0.0012515462003648281
3499.0,0.0,0.024717602878808975
3500.0,0.0,0.023474901914596558
3501.0,0.0,0.02314114384353161
3502.0,0.0,0.024501239880919456
3503.0,0.0,0.027234036475419998
3504.0,0.0,0.027234036475419998
3505.0,0.0,0.024871468544006348
3506.0,0.0,0.0013516949256882071
3507.0,0.0,0.023922305554151535
3508.0,0.0,0.024970166385173798
3509.0,0.0,0.014276108704507351
3510.0,0.0,0.024906201288104057
3511.0,0.0,0.027234036475419998
3512.0,0.0,0.028018031269311905
3513.0,0.0,0.024906201288104057
3514.0,0.0,0.001295147929340601
3515.0,0.0,0.023853830993175507
3516.0,1.0,0.026425663381814957
3517.0,0.0,0.024717602878808975
3518.0,0.0,0.026425663381814957
3519.0,0.0,0.017378058284521103
3520.0,0.0,0.0013694989029318094
3521.0,0.0,0.05708349123597145
3522.0,0.0,0.025283005088567734
3523.0,0.0,0.025005033239722252
3524.0,0.0,0.0015091396635398269
3525.0,0.0,0.025005033239722252
3526.0,0.0,0.023636609315872192
3527.0,0.0,0.02663862146437168
3528.0,0.0,0.026122327893972397
3529.0,0.0,0.04021724313497543
3530.0,0.0,0.01722889207303524
3531.0,0.0,0.022331207990646362
3532.0,0.0,0.017693044617772102
3533.0,0.0,0.0013431700645014644
3534.0,0.0,0.025005033239722252
3535.0,0.0,0.023730525746941566
3536.0,0.0,0.025172991678118706
3537.0,0.0,0.025771109387278557
3538.0,0.0,0.027913730591535568
3539.0,0.0,0.06610185652971268
3540.0,0.0,0.014223608188331127
3541.0,0.0,0.023887183517217636
3542.0,0.0,0.025771109387278557
3543.0,0.0,0.017969094216823578
3544.0,0.0,0.06212304159998894
3545.0,0.0,0.014777462929487228
3546.0,0.0,0.025771109387278557
3547.0,0.0,0.06198906525969505
3548.0,0.0,0.01697045937180519
3549.0,0.0,0.04041016474366188
3550.0,0.0,0.022938264533877373
3551.0,0.0,0.017378058284521103
3552.0,0.0,0.03683403134346008
3553.0,0.0,0.025545770302414894
3554.0,0.0,0.001280923024751246
3555.0,0.0,0.017969094216823578
3556.0,0.0,0.003893982619047165
3557.0,0.0,0.015938570722937584
3558.0,0.0,0.017969094216823578
3559.0,0.0,0.02481570467352867
3560.0,1.0,0.43439170718193054
3561.0,0.0,0.023887183517217636
3562.0,0.0,0.035611413419246674
3563.0,1.0,0.027234036475419998
3564.0,0.0,0.02632135897874832
3565.0,0.0,0.4169633090496063
3566.0,0.0,0.02591816894710064
3567.0,0.0,0.03527308255434036
3568.0,0.0,0.0014401210937649012
3569.0,0.0,0.025771109387278557
3570.0,0.0,0.025873281061649323
3571.0,0.0,0.024906201288104057
3572.0,0.0,0.0007870682748034596
3573.0,0.0,0.05924532189965248
3574.0,0.0,0.02734609693288803
3575.0,0.0,0.024906201288104057
3576.0,0.0,0.0014572733780369163
3577.0,0.0,0.030025148764252663
3578.0,0.0,0.024871468544006348
3579.0,0.0,0.0012106910580769181
3580.0,0.0,0.0013770321384072304
3581.0,0.0,0.01618671976029873
3582.0,0.0,0.02440434880554676
3583.0,0.0,0.024717602878808975
3584.0,0.0,0.0014260467141866684
3585.0,0.0,0.01697045937180519
3586.0,0.0,0.02453019469976425
3587.0,0.0,0.017969094216823578
3588.0,0.0,0.05889163166284561
3589.0,0.0,0.04332609102129936
3590.0,0.0,0.01575755886733532
3591.0,0.0,0.024590618908405304
3592.0,0.0,0.016994355246424675
3593.0,0.0,0.04518317058682442
3594.0,0.0,0.02314114384353161
3595.0,0.0,0.02445853315293789
3596.0,0.0,0.027234036475419998
3597.0,0.0,0.0029911489691585302
3598.0,1.0,0.4047689437866211
3599.0,0.0,0.02641528844833374
3600.0,0.0,0.02314114384353161
3601.0,0.0,0.010861334390938282
3602.0,0.0,0.06350570917129517
3603.0,0.0,0.014276108704507351
3604.0,0.0,0.02314114384353161
3605.0,0.0,0.05795514956116676
3606.0,0.0,0.4122503101825714
3607.0,0.0,0.33318042755126953
3608.0,0.0,0.0013714581727981567
3609.0,0.0,0.027234036475419998
3610.0,0.0,0.024871468544006348
3611.0,0.0,0.01618671976029873
3612.0,0.0,0.03819773718714714
3613.0,0.0,0.02663862146437168
3614.0,0.0,0.0032361075282096863
3615.0,1.0,0.4316074550151825
3616.0,0.0,0.0014202744932845235
3617.0,0.0,0.02663862146437168
3618.0,0.0,0.025550583377480507
3619.0,0.0,0.024871468544006348
3620.0,0.0,0.02544485405087471
3621.0,0.0,0.045307617634534836
3622.0,0.0,0.030466215685009956
3623.0,0.0,0.003460709238424897
3624.0,0.0,0.015938570722937584
3625.0,0.0,0.023721186444163322
3626.0,0.0,0.010952994227409363
3627.0,0.0,0.022047515958547592
3628.0,0.0,0.06731072813272476
3629.0,0.0,0.02440434880554676
3630.0,0.0,0.03696532920002937
3631.0,0.0,0.024906201288104057
3632.0,0.0,0.024906201288104057
3633.0,0.0,0.4185042083263397
3634.0,0.0,0.024871468544006348
3635.0,0.0,0.01757531799376011
3636.0,0.0,0.02481570467352867
3637.0,0.0,0.0014078195672482252
3638.0,0.0,0.025771109387278557
3639.0,0.0,0.03624822944402695
3640.0,0.0,0.02061801590025425
3641.0,0.0,0.025873281061649323
3642.0,0.0,0.017969094216823578
3643.0,0.0,0.02314114384353161
3644.0,0.0,0.021031131967902184
3645.0,0.0,0.016225576400756836
3646.0,0.0,0.001447077956981957
3647.0,0.0,0.025005033239722252
3648.0,0.0,0.016435613855719566
3649.0,0.0,0.023887183517217636
3650.0,0.0,0.0014260467141866684
3651.0,0.0,0.025771109387278557
3652.0,1.0,0.34019145369529724
3653.0,0.0,0.0013608243316411972
3654.0,0.0,0.04056795686483383
3655.0,0.0,0.0014202744932845235
3656.0,0.0,0.024717602878808975
3657.0,0.0,0.01697045937180519
3658.0,0.0,0.056776631623506546
3659.0,0.0,0.02632135897874832
3660.0,0.0,0.017540395259857178
3661.0,1.0,0.4016226828098297
3662.0,0.0,0.02526475116610527
3663.0,0.0,0.013825992122292519
3664.0,0.0,0.014777462929487228
3665.0,0.0,0.024906201288104057
3666.0,0.0,0.015675872564315796
3667.0,0.0,0.025771109387278557
3668.0,0.0,0.013337628915905952
3669.0,0.0,0.0012720894301310182
3670.0,0.0,0.0013694989029318094
3671.0,0.0,0.02608109824359417
3672.0,0.0,0.05607227236032486
3673.0,0.0,0.025283005088567734
3674.0,0.0,0.013825992122292519
3675.0,0.0,0.015979811549186707
3676.0,0.0,0.02632135897874832
3677.0,0.0,0.07380152493715286
3678.0,0.0,0.027234036475419998
3679.0,0.0,0.05898585543036461
3680.0,0.0,0.0013770321384072304
3681.0,0.0,0.022331207990646362
3682.0,0.0,0.038782041519880295
3683.0,0.0,0.852695107460022
3684.0,0.0,0.03400560840964317
3685.0,0.0,0.024906201288104057
3686.0,0.0,0.0016762526938691735
3687.0,0.0,0.33927401900291443
3688.0,0.0,0.016661789268255234
3689.0,0.0,0.025283005088567734
3690.0,0.0,0.0012720894301310182
3691.0,0.0,0.016122156754136086
3692.0,0.0,0.024906201288104057
3693.0,0.0,0.02826070226728916
3694.0,0.0,0.4360010325908661
3695.0,0.0,0.016435613855719566
3696.0,1.0,0.02632135897874832
3697.0,0.0,0.024717602878808975
3698.0,0.0,0.4750063121318817
3699.0,0.0,0.026122327893972397
3700.0,0.0,0.020962970331311226
3701.0,0.0,0.0013462231727316976
3702.0,0.0,0.012085461057722569
3703.0,0.0,0.025771109387278557
3704.0,0.0,0.43061134219169617
3705.0,0.0,0.059325143694877625
3706.0,0.0,0.0037309988401830196
3707.0,0.0,0.023636609315872192
3708.0,0.0,0.4616709053516388
3709.0,0.0,0.0012720894301310182
3710.0,0.0,0.06162022054195404
3711.0,0.0,0.05708349123597145
3712.0,0.0,0.0034143375232815742
3713.0,0.0,0.045855917036533356
3714.0,0.0,0.02398207224905491
3715.0,0.0,0.02632135897874832
3716.0,0.0,0.027234036475419998
3717.0,0.0,0.04041016474366188
3718.0,0.0,0.0012266056146472692
3719.0,0.0,0.02632135897874832
3720.0,0.0,0.024906201288104057
3721.0,0.0,0.024906201288104057
3722.0,0.0,0.021634334698319435
3723.0,0.0,0.026301685720682144
3724.0,0.0,0.010713044553995132
3725.0,0.0,0.02534790337085724
3726.0,0.0,0.0008638596627861261
3727.0,0.0,0.028110241517424583
3728.0,0.0,0.02481570467352867
3729.0,0.0,0.04081787168979645
3730.0,0.0,0.04407826438546181
3731.0,0.0,0.025771109387278557
3732.0,0.0,0.0392918735742569
3733.0,0.0,0.02663862146437168
3734.0,0.0,0.0170412827283144
3735.0,0.0,0.02660154178738594
3736.0,0.0,0.024906201288104057
3737.0,0.0,0.00289787445217371
3738.0,0.0,0.015413998626172543
3739.0,0.0,0.01574668474495411
3740.0,0.0,0.015884090214967728
3741.0,0.0,0.058941278606653214
3742.0,0.0,0.02445853315293789
3743.0,0.0,0.018421942368149757
3744.0,0.0,0.02412227913737297
3745.0,0.0,0.3903573453426361
3746.0,0.0,0.024555636569857597
3747.0,0.0,0.039073653519153595
3748.0,0.0,0.015413998626172543
3749.0,0.0,0.018622351810336113
3750.0,0.0,0.027234036475419998
3751.0,0.0,0.015878908336162567
3752.0,0.0,0.0014075487852096558
3753.0,0.0,0.04041016474366188
3754.0,0.0,0.023585906252264977
3755.0,0.0,0.04226604104042053
3756.0,0.0,0.024970166385173798
3757.0,0.0,0.033961985260248184
3758.0,0.0,0.024871468544006348
3759.0,0.0,0.018040908500552177
3760.0,0.0,0.01899777166545391
3761.0,0.0,0.01678997464478016
3762.0,0.0,0.025245940312743187
3763.0,0.0,0.003499495331197977
3764.0,0.0,0.016225576400756836
3765.0,0.0,0.01886281929910183
3766.0,0.0,0.027153557166457176
3767.0,0.0,0.02641528844833374
3768.0,0.0,0.0014202744932845235
3769.0,0.0,0.025771403685212135
3770.0,0.0,0.02445853315293789
3771.0,0.0,0.0007913999725133181
3772.0,0.0,0.024906201288104057
3773.0,0.0,0.016710296273231506
3774.0,0.0,0.023922305554151535
3775.0,0.0,0.04300350323319435
3776.0,0.0,0.05730250105261803
3777.0,0.0,0.016760852187871933
3778.0,0.0,0.024555636569857597
3779.0,0.0,0.01575755886733532
3780.0,0.0,0.018040908500552177
3781.0,0.0,0.0037465007044374943
3782.0,0.0,0.013825992122292519
3783.0,0.0,0.027234036475419998
3784.0,0.0,0.022406302392482758
3785.0,0.0,0.027341853827238083
3786.0,0.0,0.025005033239722252
3787.0,0.0,0.025514967739582062
3788.0,0.0,0.024433191865682602
3789.0,0.0,0.003424345515668392
3790.0,0.0,0.02628469653427601
3791.0,0.0,0.04851684346795082
3792.0,0.0,0.01899777166545391
3793.0,0.0,0.015413998626172543
3794.0,0.0,0.02279067598283291
3795.0,0.0,0.04536348581314087
3796.0,0.0,0.025771109387278557
3797.0,0.0,0.016122156754136086
3798.0,0.0,0.0013663552235811949
3799.0,0.0,0.02663862146437168
3800.0,0.0,0.018040908500552177
3801.0,0.0,0.025771109387278557
3802.0,0.0,0.039073653519153595
3803.0,1.0,0.4122503101825714
3804.0,0.0,0.014124889858067036
3805.0,0.0,0.027234036475419998
3806.0,0.0,0.023887183517217636
3807.0,0.0,0.03220509737730026
3808.0,0.0,0.02445853315293789
3809.0,0.0,0.02314114384353161
3810.0,0.0,0.027234036475419998
3811.0,0.0,0.022775495424866676
3812.0,0.0,0.02440434880554676
3813.0,0.0,0.0008335117599926889
3814.0,0.0,0.01608537882566452
3815.0,0.0,0.015028689987957478
3816.0,1.0,0.06368388235569
3817.0,0.0,0.025771109387278557
3818.0,0.0,0.01521681435406208
3819.0,0.0,0.027234036475419998
3820.0,0.0,0.01704694889485836
3821.0,0.0,0.0014572733780369163
3822.0,0.0,0.023636609315872192
3823.0,0.0,0.0014572733780369163
3824.0,0.0,0.027879901230335236
3825.0,1.0,0.024906201288104057
3826.0,0.0,0.03542834520339966
3827.0,0.0,0.024871468544006348
3828.0,0.0,0.04081787168979645
3829.0,0.0,0.025005033239722252
3830.0,0.0,0.02709795907139778
3831.0,0.0,0.016225576400756836
3832.0,0.0,0.025873281061649323
3833.0,0.0,0.02854803204536438
3834.0,0.0,0.02663862146437168
3835.0,0.0,0.025873281061649323
3836.0,1.0,0.025771109387278557
3837.0,0.0,0.0008162669837474823
3838.0,0.0,0.02207839861512184
3839.0,0.0,0.01629883050918579
3840.0,0.0,0.01608697883784771
3841.0,0.0,0.02317703142762184
3842.0,0.0,0.015675872564315796
3843.0,0.0,0.06301617622375488
3844.0,0.0,0.02632135897874832
3845.0,0.0,0.025245940312743187
3846.0,0.0,0.010713044553995132
3847.0,0.0,0.0015030310023576021
3848.0,0.0,0.026301685720682144
3849.0,0.0,0.0014401210937649012
3850.0,0.0,0.024556316435337067
3851.0,0.0,0.027021421119570732
3852.0,1.0,0.44021958112716675
3853.0,0.0,0.05708349123597145
3854.0,0.0,0.022451452910900116
3855.0,0.0,0.0182296484708786
3856.0,0.0,0.025043737143278122
3857.0,0.0,0.02663862146437168
3858.0,0.0,0.0385444350540638
3859.0,0.0,0.4445684850215912
3860.0,0.0,0.06148405745625496
3861.0,0.0,0.010713044553995132
3862.0,0.0,0.024871468544006348
3863.0,0.0,0.017969094216823578
3864.0,0.0,0.016661789268255234
3865.0,0.0,0.024717602878808975
3866.0,0.0,0.014777462929487228
3867.0,0.0,0.024556316435337067
3868.0,0.0,0.061310164630413055
3869.0,0.0,0.01704694889485836
3870.0,0.0,0.023636609315872192
3871.0,1.0,0.062482595443725586
3872.0,0.0,0.4472556412220001
3873.0,0.0,0.027234036475419998
3874.0,0.0,0.0013536671176552773
3875.0,0.0,0.025550583377480507
3876.0,0.0,0.024906201288104057
3877.0,0.0,0.001396275358274579
3878.0,0.0,0.05599725991487503
3879.0,0.0,0.015878908336162567
3880.0,0.0,0.0013140484225004911
3881.0,0.0,0.05840681120753288
3882.0,0.0,0.0013916846364736557
3883.0,0.0,0.12999661266803741
3884.0,0.0,0.38397806882858276
3885.0,0.0,0.026301685720682144
3886.0,0.0,0.029021726921200752
3887.0,0.0,0.017969094216823578
3888.0,0.0,0.024717602878808975
3889.0,0.0,0.2685704827308655
3890.0,0.0,0.022451452910900116
3891.0,0.0,0.04148964211344719
3892.0,0.0,0.015096615068614483
3893.0,0.0,0.024906201288104057
3894.0,1.0,0.4545174837112427
3895.0,0.0,0.027234036475419998
3896.0,0.0,0.024590618908405304
3897.0,0.0,0.0219366904348135
3898.0,0.0,0.024906201288104057
3899.0,0.0,0.014743927866220474
3900.0,0.0,0.017969094216823578
3901.0,0.0,0.027021421119570732
3902.0,0.0,0.0754057988524437
3903.0,0.0,0.024433191865682602
3904.0,0.0,0.02903151325881481
3905.0,0.0,0.01899777166545391
3906.0,0.0,0.0014129901537671685
3907.0,0.0,0.058099646121263504
3908.0,0.0,0.016994355246424675
3909.0,0.0,0.009882061742246151
3910.0,0.0,0.015878908336162567
3911.0,0.0,0.0038678140845149755
3912.0,0.0,0.02445853315293789
3913.0,0.0,0.027386168017983437
3914.0,0.0,0.02632135897874832
3915.0,0.0,0.025771109387278557
3916.0,0.0,0.024180544540286064
3917.0,0.0,0.02236247807741165
3918.0,0.0,0.0246882326900959
3919.0,0.0,0.025771109387278557
3920.0,0.0,0.024906201288104057
3921.0,0.0,0.0031331481877714396
3922.0,0.0,0.0013694989029318094
3923.0,0.0,0.016225576400756836
3924.0,0.0,0.02236247807741165
3925.0,0.0,0.026744144037365913
3926.0,0.0,0.05447521060705185
3927.0,0.0,0.05902445688843727
3928.0,0.0,0.05237135663628578
3929.0,0.0,0.01575755886733532
3930.0,0.0,0.016122156754136086
3931.0,0.0,0.0698934942483902
3932.0,0.0,0.025771109387278557
3933.0,0.0,0.0014075487852096558
3934.0,0.0,0.023887183517217636
3935.0,0.0,0.0012970002135261893
3936.0,0.0,0.028110241517424583
3937.0,0.0,0.025545770302414894
3938.0,0.0,0.025233358144760132
3939.0,0.0,0.027234036475419998
3940.0,0.0,0.027234036475419998
3941.0,0.0,0.014743927866220474
3942.0,1.0,0.024906201288104057
3943.0,0.0,0.02355126105248928
3944.0,0.0,0.05515262857079506
3945.0,0.0,0.024555636569857597
3946.0,0.0,0.05522727221250534
3947.0,0.0,0.02314114384353161
3948.0,1.0,0.4197966754436493
3949.0,0.0,0.05893402174115181
3950.0,0.0,0.06113040819764137
3951.0,0.0,0.023887183517217636
3952.0,0.0,0.017969094216823578
3953.0,0.0,0.03683403134346008
3954.0,0.0,0.025771109387278557
3955.0,0.0,0.02314114384353161
3956.0,0.0,0.024501239880919456
3957.0,0.0,0.039906181395053864
3958.0,0.0,0.011652763932943344
3959.0,0.0,0.023636609315872192
3960.0,0.0,0.0014672224642708898
3961.0,0.0,0.022331207990646362
3962.0,0.0,0.02348615787923336
3963.0,0.0,0.03813564404845238
3964.0,0.0,0.026301685720682144
3965.0,0.0,0.02445853315293789
3966.0,0.0,0.025771109387278557
3967.0,0.0,0.016435613855719566
3968.0,0.0,0.06511613726615906
3969.0,0.0,0.010333484970033169
3970.0,0.0,0.024906201288104057
3971.0,0.0,0.02624538727104664
3972.0,0.0,0.025771109387278557
3973.0,1.0,0.6245391964912415
3974.0,0.0,0.02440434880554676
3975.0,0.0,0.025771109387278557
3976.0,0.0,0.024501239880919456
3977.0,0.0,0.03969156742095947
3978.0,0.0,0.016964009031653404
3979.0,0.0,0.0013694989029318094
3980.0,0.0,0.0013916846364736557
3981.0,0.0,0.05616211146116257
3982.0,0.0,0.02314114384353161
3983.0,0.0,0.025005033239722252
3984.0,0.0,0.06175331398844719
3985.0,0.0,0.024717602878808975
3986.0,0.0,0.0014202744932845235
3987.0,0.0,0.02445853315293789
3988.0,0.0,0.01678997464478016
3989.0,0.0,0.06100006029009819
3990.0,0.0,0.016661789268255234
3991.0,1.0,0.4686170518398285
3992.0,1.0,0.027341853827238083
3993.0,0.0,0.35474446415901184
3994.0,0.0,0.024906201288104057
3995.0,0.0,0.0013431700645014644
3996.0,0.0,0.02544485405087471
3997.0,0.0,0.025550583377480507
3998.0,0.0,0.016225576400756836
3999.0,0.0,0.15854273736476898
4000.0,0.0,0.0012970002135261893
4001.0,0.0,0.02236247807741165
4002.0,0.0,0.025771109387278557
4003.0,0.0,0.01899777166545391
4004.0,0.0,0.017969094216823578
4005.0,0.0,0.013825992122292519
4006.0,0.0,0.062242891639471054
4007.0,1.0,0.059844039380550385
4008.0,1.0,0.040349941700696945
4009.0,0.0,0.02624538727104664
4010.0,0.0,0.025005033239722252
4011.0,0.0,0.025873281061649323
4012.0,0.0,0.0018020115094259381
4013.0,0.0,0.01722889207303524
4014.0,0.0,0.04056795686483383
4015.0,0.0,0.0013608243316411972
4016.0,0.0,0.01899777166545391
4017.0,0.0,0.06154433637857437
4018.0,0.0,0.014555196277797222
4019.0,0.0,0.05983950197696686
4020.0,0.0,0.0262258630245924
4021.0,0.0,0.0013591691385954618
4022.0,0.0,0.023636609315872192
4023.0,0.0,0.0663568452000618
4024.0,0.0,0.014958435669541359
4025.0,0.0,0.02236247807741165
4026.0,0.0,0.016097549349069595
4027.0,0.0,0.0159847903996706
4028.0,1.0,0.05795514956116676
4029.0,0.0,0.0472479946911335
4030.0,0.0,0.0012497587595134974
4031.0,0.0,0.026301685720682144
4032.0,0.0,0.0014202744932845235
4033.0,1.0,0.4122503101825714
4034.0,1.0,0.9963411688804626
4035.0,0.0,0.06021404266357422
4036.0,0.0,0.06290864944458008
4037.0,0.0,0.025913292542099953
4038.0,0.0,0.02361888997256756
4039.0,0.0,0.0013431700645014644
4040.0,0.0,0.02445853315293789
4041.0,0.0,0.0013770321384072304
4042.0,0.0,0.023922305554151535
4043.0,0.0,0.02314114384353161
4044.0,0.0,0.3513956665992737
4045.0,0.0,0.02667977847158909
4046.0,0.0,0.025310751050710678
4047.0,0.0,0.8538004159927368
4048.0,0.0,0.01631908118724823
4049.0,0.0,0.023887183517217636
4050.0,1.0,0.029021726921200752
4051.0,0.0,0.0182296484708786
4052.0,0.0,0.015979811549186707
4053.0,0.0,0.016180245205760002
4054.0,0.0,0.02314114384353161
4055.0,0.0,0.027001334354281425
4056.0,0.0,0.02663862146437168
4057.0,1.0,0.9804317355155945
4058.0,0.0,0.015413998626172543
4059.0,0.0,0.06113040819764137
4060.0,0.0,0.05983950197696686
4061.0,0.0,0.023887183517217636
4062.0,0.0,0.02663862146437168
4063.0,0.0,0.001604478806257248
4064.0,0.0,0.02814936637878418
4065.0,0.0,0.027913730591535568
4066.0,0.0,0.025005033239722252
4067.0,0.0,0.015416561625897884
4068.0,0.0,0.025771109387278557
4069.0,0.0,0.024717602878808975
4070.0,0.0,0.014891373924911022
4071.0,0.0,0.02544485405087471
4072.0,0.0,0.04354483634233475
4073.0,0.0,0.014891373924911022
4074.0,0.0,0.027234036475419998
4075.0,0.0,0.061813537031412125
4076.0,0.0,0.0013714581727981567
4077.0,0.0,0.06130276247859001
4078.0,0.0,0.025346089154481888
4079.0,0.0,0.04094049707055092
4080.0,0.0,0.02632135897874832
4081.0,0.0,0.023853830993175507
4082.0,0.0,0.030282769352197647
4083.0,0.0,0.014243694953620434
4084.0,0.0,0.0014414848992601037
4085.0,0.0,0.01587403006851673
4086.0,0.0,0.0008405508706346154
4087.0,0.0,0.027234036475419998
4088.0,0.0,0.0012989522656425834
4089.0,0.0,0.4907330572605133
4090.0,0.0,0.05525912344455719
4091.0,0.0,0.024871468544006348
4092.0,0.0,0.025873281061649323
4093.0,0.0,0.016622358933091164
4094.0,0.0,0.023636609315872192
4095.0,0.0,0.0013714581727981567
4096.0,0.0,0.023474901914596558
4097.0,0.0,0.02544485405087471
4098.0,0.0,0.027341853827238083
4099.0,0.0,0.017008891329169273
4100.0,0.0,0.025771109387278557
4101.0,0.0,0.024717602878808975
4102.0,0.0,0.027234036475419998
4103.0,0.0,0.024906201288104057
4104.0,0.0,0.0013608243316411972
4105.0,0.0,0.02502305433154106
4106.0,0.0,0.02371274307370186
4107.0,0.0,0.014743927866220474
4108.0,0.0,0.017540395259857178
4109.0,0.0,0.014605714939534664
4110.0,0.0,0.0012720894301310182
4111.0,0.0,0.02440434880554676
4112.0,0.0,0.024906201288104057
4113.0,0.0,0.025771109387278557
4114.0,0.0,0.025771109387278557
4115.0,0.0,0.40732526779174805
4116.0,0.0,0.01506237406283617
4117.0,0.0,0.04047170281410217
4118.0,0.0,0.015878908336162567
4119.0,0.0,0.024556316435337067
4120.0,0.0,0.016661789268255234
4121.0,0.0,0.0014513740316033363
4122.0,1.0,0.40786483883857727
4123.0,0.0,0.025873281061649323
4124.0,1.0,0.43125638365745544
4125.0,0.0,0.010836593806743622
4126.0,0.0,0.0550478957593441
4127.0,1.0,0.8003364205360413
4128.0,0.0,0.024717602878808975
4129.0,0.0,0.015986574813723564
4130.0,0.0,0.05902445688843727
4131.0,0.0,0.02481570467352867
4132.0,0.0,0.015413998626172543
4133.0,0.0,0.016435613855719566
4134.0,0.0,0.016435613855719566
4135.0,0.0,0.024906201288104057
4136.0,0.0,0.0014572733780369163
4137.0,0.0,0.016435613855719566
4138.0,0.0,0.05582575500011444
4139.0,0.0,0.02314114384353161
4140.0,0.0,0.016225576400756836
4141.0,0.0,0.016122156754136086
4142.0,0.0,0.0015138117596507072
4143.0,0.0,0.017969094216823578
4144.0,0.0,0.026405904442071915
4145.0,0.0,0.025771109387278557
4146.0,0.0,0.06536997854709625
4147.0,0.0,0.014555196277797222
4148.0,0.0,0.02481570467352867
4149.0,0.0,0.02854803204536438
4150.0,0.0,0.02314114384353161
4151.0,1.0,0.02663862146437168
4152.0,1.0,0.4270581603050232
4153.0,0.0,0.04041016474366188
4154.0,0.0,0.041035208851099014
4155.0,1.0,0.9750341773033142
4156.0,0.0,0.05741441249847412
4157.0,0.0,0.015413998626172543
4158.0,0.0,0.025005033239722252
4159.0,0.0,0.025550583377480507
4160.0,0.0,0.01608697883784771
4161.0,0.0,0.01678997464478016
4162.0,0.0,0.026122327893972397
4163.0,0.0,0.017378058284521103
4164.0,0.0,0.027341853827238083
4165.0,0.0,0.01588735543191433
4166.0,0.0,0.05998348444700241
4167.0,1.0,0.3513956665992737
4168.0,0.0,0.02641528844833374
4169.0,0.0,0.017969094216823578
4170.0,0.0,0.32380878925323486
4171.0,0.0,0.017969094216823578
4172.0,0.0,0.017969094216823578
4173.0,0.0,0.02445853315293789
4174.0,0.0,0.016225576400756836
4175.0,0.0,0.02360360138118267
4176.0,0.0,0.02826070226728916
4177.0,0.0,0.02628469653427601
4178.0,0.0,0.015938570722937584
4179.0,0.0,0.02323314920067787
4180.0,0.0,0.033961985260248184
4181.0,0.0,0.02505970373749733
4182.0,0.0,0.06124922260642052
4183.0,0.0,0.023479115217924118
4184.0,0.0,0.035773199051618576
4185.0,0.0,0.02445853315293789
4186.0,0.0,0.023922305554151535
4187.0,0.0,0.010113470256328583
4188.0,0.0,0.05264653265476227
4189.0,0.0,0.037497278302907944
4190.0,0.0,0.028621075674891472
4191.0,0.0,0.024970166385173798
4192.0,0.0,0.05826232582330704
4193.0,0.0,0.02632135897874832
4194.0,0.0,0.025005033239722252
4195.0,0.0,0.0159847903996706
4196.0,0.0,0.023636609315872192
4197.0,0.0,0.016435613855719566
4198.0,0.0,0.02207839861512184
4199.0,0.0,0.015938570722937584
4200.0,0.0,0.05880182236433029
4201.0,0.0,0.042357251048088074
4202.0,0.0,0.05436822399497032
4203.0,0.0,0.013825992122292519
4204.0,0.0,0.02902810275554657
4205.0,0.0,0.0014752917923033237
4206.0,0.0,0.02061801590025425
4207.0,0.0,0.023853830993175507
4208.0,0.0,0.017378058284521103
4209.0,0.0,0.016435613855719566
4210.0,0.0,0.06813625991344452
4211.0,0.0,0.03794029727578163
4212.0,0.0,0.01704694889485836
4213.0,0.0,0.05522727221250534
4214.0,0.0,0.024906201288104057
4215.0,0.0,0.025771109387278557
4216.0,0.0,0.0012266056146472692
4217.0,0.0,0.0597548745572567
4218.0,0.0,0.0597548745572567
4219.0,0.0,0.07619859278202057
4220.0,0.0,0.05538422241806984
4221.0,0.0,0.018040908500552177
4222.0,0.0,0.029652222990989685
4223.0,0.0,0.023474901914596558
4224.0,0.0,0.027517050504684448
4225.0,0.0,0.025227047502994537
4226.0,0.0,0.015413998626172543
4227.0,0.0,0.05708349123597145
4228.0,0.0,0.0597548745572567
4229.0,0.0,0.0031792735680937767
4230.0,1.0,0.024717602878808975
4231.0,0.0,0.02663862146437168
4232.0,0.0,0.025550583377480507
4233.0,0.0,0.024906201288104057
4234.0,0.0,0.023474901914596558
4235.0,0.0,0.0016337033594027162
4236.0,0.0,0.05730250105261803
4237.0,0.0,0.0013608243316411972
4238.0,0.0,0.0015549295349046588
4239.0,0.0,0.02207839861512184
4240.0,0.0,0.023474901914596558
4241.0,0.0,0.0012333538616076112
4242.0,0.0,0.017969094216823578
4243.0,0.0,0.016122156754136086
4244.0,0.0,0.024717602878808975
4245.0,0.0,0.024906201288104057
4246.0,1.0,0.9779029488563538
4247.0,0.0,0.024906201288104057
4248.0,0.0,0.016435613855719566
4249.0,0.0,0.02236247807741165
4250.0,0.0,0.06009460613131523
4251.0,0.0,0.4713025689125061
4252.0,0.0,0.0031331481877714396
4253.0,0.0,0.05955221503973007
4254.0,0.0,0.023887183517217636
4255.0,0.0,0.016109652817249298
4256.0,0.0,0.026141773909330368
4257.0,0.0,0.06722301989793777
4258.0,0.0,0.05003541335463524
4259.0,0.0,0.017378058284521103
4260.0,1.0,0.43026041984558105
4261.0,0.0,0.06428132206201553
4262.0,0.0,0.02314114384353161
4263.0,0.0,0.027234036475419998
4264.0,1.0,0.9941586256027222
4265.0,0.0,0.02188173681497574
4266.0,0.0,0.02440434880554676
4267.0,0.0,0.023922305554151535
4268.0,0.0,0.057245396077632904
4269.0,0.0,0.01575755886733532
4270.0,0.0,0.0013608243316411972
4271.0,0.0,0.0666477158665657
4272.0,0.0,0.02398207224905491
4273.0,0.0,0.025005033239722252
4274.0,0.0,0.03749186545610428
4275.0,0.0,0.016964009031653404
4276.0,0.0,0.009904645383358002
4277.0,0.0,0.05993499979376793
4278.0,0.0,0.0263888631016016
4279.0,0.0,0.02854803204536438
4280.0,0.0,0.022331207990646362
4281.0,0.0,0.01899777166545391
4282.0,0.0,0.013337628915905952
4283.0,0.0,0.02663862146437168
4284.0,0.0,0.035098761320114136
4285.0,0.0,0.0273841954767704
4286.0,0.0,0.027234036475419998
4287.0,0.0,0.04019296169281006
4288.0,0.0,0.024906201288104057
4289.0,0.0,0.0242068562656641
4290.0,0.0,0.02663862146437168
4291.0,0.0,0.038782041519880295
4292.0,0.0,0.022420059889554977
4293.0,0.0,0.024906201288104057
4294.0,0.0,0.060607317835092545
4295.0,0.0,0.017478905618190765
4296.0,0.0,0.027234036475419998
4297.0,0.0,0.024556316435337067
4298.0,1.0,0.025771109387278557
4299.0,0.0,0.06290864944458008
4300.0,0.0,0.0012720894301310182
4301.0,0.0,0.022331207990646362
4302.0,0.0,0.0013462231727316976
4303.0,0.0,0.02360360138118267
4304.0,0.0,0.03838136047124863
4305.0,0.0,0.024871468544006348
4306.0,0.0,0.06113040819764137
4307.0,0.0,0.0021877882536500692
4308.0,0.0,0.022047515958547592
4309.0,0.0,0.03610819950699806
4310.0,0.0,0.05834890156984329
4311.0,0.0,0.010245205834507942
4312.0,0.0,0.0012266056146472692
4313.0,1.0,0.4426445960998535
4314.0,0.0,0.024970166385173798
4315.0,0.0,0.025771109387278557
4316.0,0.0,0.01521681435406208
4317.0,0.0,0.0014202744932845235
4318.0,0.0,0.022331207990646362
4319.0,0.0,0.016097549349069595
4320.0,0.0,0.015878908336162567
4321.0,0.0,0.02314114384353161
4322.0,0.0,0.025771109387278557
4323.0,0.0,0.024555636569857597
4324.0,0.0,0.06326238811016083
4325.0,0.0,0.039906181395053864
4326.0,0.0,0.0029790604021400213
4327.0,0.0,0.0013193896738812327
4328.0,0.0,0.015878908336162567
4329.0,0.0,0.026237044483423233
4330.0,0.0,0.02236247807741165
4331.0,0.0,0.017969094216823578
4332.0,0.0,0.018040908500552177
4333.0,0.0,0.023887183517217636
4334.0,0.0,0.01521681435406208
4335.0,0.0,0.025771109387278557
4336.0,0.0,0.02826070226728916
4337.0,0.0,0.0033153772819787264
4338.0,0.0,0.01899777166545391
4339.0,0.0,0.017969094216823578
4340.0,0.0,0.13448145985603333
4341.0,0.0,0.027001334354281425
4342.0,0.0,0.027234036475419998
4343.0,0.0,0.02398207224905491
4344.0,0.0,0.014958435669541359
4345.0,0.0,0.024717602878808975
4346.0,0.0,0.01575755886733532
4347.0,0.0,0.024871468544006348
4348.0,0.0,0.003296883078292012
4349.0,0.0,0.0037313213106244802
4350.0,0.0,0.06139259412884712
4351.0,0.0,0.015638090670108795
4352.0,0.0,0.01491465698927641
4353.0,0.0,0.05848557502031326
4354.0,0.0,0.06777822971343994
4355.0,0.0,0.016122156754136086
4356.0,0.0,0.014555196277797222
4357.0,0.0,0.015856554731726646
4358.0,0.0,0.06021404266357422
4359.0,0.0,0.016109652817249298
4360.0,0.0,0.024717602878808975
4361.0,0.0,0.024906201288104057
4362.0,0.0,0.02544485405087471
4363.0,0.0,0.026744144037365913
4364.0,0.0,0.015223466791212559
4365.0,0.0,0.02360360138118267
4366.0,0.0,0.02445853315293789
4367.0,0.0,0.02236247807741165
4368.0,0.0,0.05795514956116676
4369.0,0.0,0.011022149585187435
4370.0,0.0,0.015878908336162567
4371.0,0.0,0.4532330334186554
4372.0,0.0,0.0013536671176552773
4373.0,0.0,0.0016694687074050307
4374.0,0.0,0.0014551917556673288
4375.0,0.0,0.014891373924911022
4376.0,0.0,0.026301685720682144
4377.0,0.0,0.02544485405087471
4378.0,0.0,0.018040908500552177
4379.0,0.0,0.01729780063033104
4380.0,0.0,0.018970008939504623
4381.0,0.0,0.015202022157609463
4382.0,0.0,0.02364484779536724
4383.0,0.0,0.01740630343556404
4384.0,0.0,0.04420370236039162
4385.0,0.0,0.01575755886733532
4386.0,0.0,0.024590618908405304
4387.0,0.0,0.01886281929910183
4388.0,0.0,0.025873281061649323
4389.0,0.0,0.026141773909330368
4390.0,0.0,0.0014202744932845235
4391.0,1.0,0.4392189085483551
4392.0,0.0,0.02419760823249817
4393.0,0.0,0.05812613666057587
4394.0,0.0,0.02628469653427601
4395.0,0.0,0.4874657988548279
4396.0,0.0,0.027021421119570732
4397.0,0.0,0.003581981873139739
4398.0,0.0,0.05958195775747299
4399.0,0.0,0.025245940312743187
4400.0,0.0,0.025642139837145805
4401.0,0.0,0.024906201288104057
4402.0,0.0,0.05708349123597145
4403.0,0.0,0.0034331486094743013
4404.0,0.0,0.023409923538565636
4405.0,0.0,0.02481570467352867
4406.0,0.0,0.03727003559470177
4407.0,0.0,0.014743927866220474
4408.0,0.0,0.017969094216823578
4409.0,0.0,0.024906201288104057
4410.0,0.0,0.027234036475419998
4411.0,0.0,0.0034886039793491364
4412.0,0.0,0.014777462929487228
4413.0,0.0,0.02544485405087471
4414.0,0.0,0.026744144037365913
4415.0,0.0,0.0356932207942009
4416.0,0.0,0.01574668474495411
4417.0,1.0,0.025810956954956055
4418.0,0.0,0.02697308547794819
4419.0,0.0,0.01722889207303524
4420.0,0.0,0.024556316435337067
4421.0,0.0,0.017969094216823578
4422.0,0.0,0.014743927866220474
4423.0,0.0,0.015638090670108795
4424.0,0.0,0.024906201288104057
4425.0,0.0,0.016122156754136086
4426.0,0.0,0.05708349123597145
4427.0,0.0,0.02323314920067787
4428.0,0.0,0.025873281061649323
4429.0,0.0,0.01608697883784771
4430.0,0.0,0.025771109387278557
4431.0,0.0,0.029413806274533272
4432.0,0.0,0.02207839861512184
4433.0,0.0,0.024717602878808975
4434.0,0.0,0.02641528844833374
4435.0,0.0,0.417167991399765
4436.0,0.0,0.0013334295945242047
4437.0,0.0,0.003092571860179305
4438.0,0.0,0.02323314920067787
4439.0,0.0,0.01574668474495411
4440.0,0.0,0.0031331481877714396
4441.0,0.0,0.02854803204536438
4442.0,0.0,0.0107069481164217
4443.0,0.0,0.02663862146437168
4444.0,0.0,0.017969094216823578
4445.0,0.0,0.016435613855719566
4446.0,0.0,0.01560139562934637
4447.0,0.0,0.025247754529118538
4448.0,0.0,0.01629883050918579
4449.0,1.0,0.4452180862426758
4450.0,0.0,0.017969094216823578
4451.0,0.0,0.016122156754136086
4452.0,0.0,0.023853830993175507
4453.0,0.0,0.4197966754436493
4454.0,0.0,0.024556316435337067
4455.0,0.0,0.06471138447523117
4456.0,0.0,0.023188142105937004
4457.0,0.0,0.017969094216823578
4458.0,0.0,0.0015030310023576021
4459.0,0.0,0.025771109387278557
4460.0,0.0,0.03508663550019264
4461.0,0.0,0.02358420193195343
4462.0,0.0,0.001396275358274579
4463.0,0.0,0.024970166385173798
4464.0,0.0,0.011279945261776447
4465.0,0.0,0.03922644257545471
4466.0,0.0,0.025247754529118538
4467.0,0.0,0.05848557502031326
4468.0,0.0,0.017969094216823578
4469.0,0.0,0.026425663381814957
4470.0,0.0,0.015028689987957478
4471.0,0.0,0.025771109387278557
4472.0,0.0,0.02314114384353161
4473.0,0.0,0.024970166385173798
4474.0,0.0,0.025550583377480507
4475.0,0.0,0.04579167813062668
4476.0,1.0,0.8499495983123779
4477.0,0.0,0.07348118722438812
4478.0,0.0,0.027341853827238083
4479.0,0.0,0.028332654386758804
4480.0,0.0,0.025005033239722252
4481.0,0.0,0.024906201288104057
4482.0,1.0,0.01899777166545391
4483.0,0.0,0.06021404266357422
4484.0,1.0,0.027913730591535568
4485.0,0.0,0.0013608243316411972
4486.0,0.0,0.05582575500011444
4487.0,0.0,0.02544485405087471
4488.0,0.0,0.01575755886733532
4489.0,0.0,0.026425663381814957
4490.0,0.0,0.04192513972520828
4491.0,0.0,0.04081787168979645
4492.0,0.0,0.024510623887181282
4493.0,0.0,0.025771109387278557
4494.0,0.0,0.016225576400756836
4495.0,0.0,0.0013140484225004911
4496.0,0.0,0.025310751050710678
4497.0,0.0,0.06317763030529022
4498.0,0.0,0.025771109387278557
4499.0,0.0,0.0013694989029318094
4500.0,0.0,0.025550583377480507
4501.0,0.0,0.40344616770744324
4502.0,0.0,0.0014202744932845235
4503.0,1.0,0.035611413419246674
4504.0,0.0,0.02314114384353161
4505.0,0.0,0.02314114384353161
4506.0,0.0,0.02358420193195343
4507.0,0.0,0.033961985260248184
4508.0,0.0,0.028660891577601433
4509.0,0.0,0.02667977847158909
4510.0,0.0,0.02323314920067787
4511.0,0.0,0.010713044553995132
4512.0,0.0,0.022420059889554977
4513.0,0.0,0.025873281061649323
4514.0,0.0,0.06575985997915268
4515.0,0.0,0.037267234176397324
4516.0,0.0,0.061310164630413055
4517.0,0.0,0.025771109387278557
4518.0,0.0,0.059705499559640884
4519.0,0.0,0.013124067336320877
4520.0,0.0,0.0036034060176461935
4521.0,0.0,0.0013714581727981567
4522.0,1.0,0.4173292815685272
4523.0,0.0,0.02361888997256756
4524.0,0.0,0.3523220121860504
4525.0,0.0,0.025545770302414894
4526.0,0.0,0.014369134791195393
4527.0,0.0,0.05807369947433472
4528.0,0.0,0.01704694889485836
4529.0,0.0,0.01722889207303524
4530.0,0.0,0.013356479816138744
4531.0,0.0,0.01722889207303524
4532.0,1.0,0.024906201288104057
4533.0,0.0,0.06021404266357422
4534.0,1.0,0.8304533958435059
4535.0,0.0,0.01722889207303524
4536.0,0.0,0.015223466791212559
4537.0,0.0,0.0013140484225004911
4538.0,0.0,0.025771109387278557
4539.0,0.0,0.046211566776037216
4540.0,0.0,0.003128680167719722
4541.0,0.0,0.028508367016911507
4542.0,0.0,0.014891373924911022
4543.0,0.0,0.01404144149273634
4544.0,0.0,0.025873281061649323
4545.0,0.0,0.017739813774824142
4546.0,0.0,0.04266770929098129
4547.0,0.0,0.0015775627689436078
4548.0,0.0,0.024906201288104057
4549.0,0.0,0.03749186545610428
4550.0,0.0,0.028508367016911507
4551.0,0.0,0.011426706798374653
4552.0,0.0,0.03716238588094711
4553.0,0.0,0.010985071770846844
4554.0,0.0,0.003725347574800253
4555.0,0.0,0.0013770321384072304
4556.0,0.0,0.029535578563809395
4557.0,0.0,0.05340512469410896
4558.0,0.0,0.058941278606653214
4559.0,0.0,0.022451452910900116
4560.0,0.0,0.016435613855719566
4561.0,0.0,0.0015030310023576021
4562.0,0.0,0.0009684805991128087
4563.0,0.0,0.02323314920067787
4564.0,0.0,0.03844743221998215
4565.0,0.0,0.05066057667136192
4566.0,0.0,0.02440434880554676
4567.0,0.0,0.0013140484225004911
4568.0,0.0,0.024590618908405304
4569.0,0.0,0.0014401210937649012
4570.0,0.0,0.026122327893972397
4571.0,0.0,0.02663862146437168
4572.0,0.0,0.05522727221250534
4573.0,0.0,0.03582260385155678
4574.0,0.0,0.024871468544006348
4575.0,0.0,0.017115140333771706
4576.0,0.0,0.027234036475419998
4577.0,0.0,0.0013906233943998814
4578.0,0.0,0.015916068106889725
4579.0,0.0,0.02544485405087471
4580.0,0.0,0.33967503905296326
4581.0,0.0,0.2373291254043579
4582.0,0.0,0.016158010810613632
4583.0,0.0,0.023568198084831238
4584.0,0.0,0.0014075487852096558
4585.0,0.0,0.028332654386758804
4586.0,0.0,0.02445853315293789
4587.0,1.0,0.04439222067594528
4588.0,0.0,0.02569483406841755
4589.0,1.0,0.027341853827238083
4590.0,0.0,0.053454283624887466
4591.0,0.0,0.023887183517217636
4592.0,0.0,0.025771109387278557
4593.0,0.0,0.03819773718714714
4594.0,0.0,0.017378058284521103
4595.0,0.0,0.02314114384353161
4596.0,0.0,0.00931568443775177
4597.0,0.0,0.015856554731726646
4598.0,0.0,0.023922305554151535
4599.0,0.0,0.025771109387278557
4600.0,1.0,0.025873281061649323
4601.0,0.0,0.0014693202683702111
4602.0,0.0,0.02236247807741165
4603.0,0.0,0.026814289391040802
4604.0,0.0,0.023721186444163322
4605.0,0.0,0.0242068562656641
4606.0,0.0,0.024960659444332123
4607.0,0.0,0.02360360138118267
4608.0,0.0,0.01521681435406208
4609.0,0.0,0.02314114384353161
4610.0,0.0,0.05708349123597145
4611.0,0.0,0.025771109387278557
4612.0,0.0,0.019894592463970184
4613.0,0.0,0.029535578563809395
4614.0,0.0,0.015423089265823364
4615.0,0.0,0.02544485405087471
4616.0,0.0,0.024871468544006348
4617.0,0.0,0.0013663552235811949
4618.0,0.0,0.0013193896738812327
4619.0,0.0,0.06344211101531982
4620.0,0.0,0.017969094216823578
4621.0,0.0,0.024717602878808975
4622.0,0.0,0.02641528844833374
4623.0,0.0,0.023887183517217636
4624.0,0.0,0.023887183517217636
4625.0,0.0,0.023853830993175507
4626.0,0.0,0.01740630343556404
4627.0,0.0,0.04125974327325821
4628.0,0.0,0.02314114384353161
4629.0,0.0,0.025550583377480507
4630.0,0.0,0.015556056052446365
4631.0,0.0,0.025771109387278557
4632.0,0.0,0.027341853827238083
4633.0,0.0,0.025873281061649323
4634.0,0.0,0.02314114384353161
4635.0,0.0,0.025771109387278557
4636.0,0.0,0.4445684850215912
4637.0,0.0,0.02323314920067787
4638.0,0.0,0.024871468544006348
4639.0,0.0,0.0263888631016016
4640.0,0.0,0.027234036475419998
4641.0,0.0,0.038782041519880295
4642.0,0.0,0.023922305554151535
4643.0,0.0,0.018225423991680145
4644.0,0.0,0.461662620306015
4645.0,0.0,0.02544485405087471
4646.0,0.0,0.024717602878808975
4647.0,0.0,0.024231432005763054
4648.0,0.0,0.0037912451662123203
4649.0,0.0,0.016435613855719566
4650.0,0.0,0.026301685720682144
4651.0,0.0,0.025771109387278557
4652.0,1.0,0.44402551651000977
4653.0,0.0,0.01464108843356371
4654.0,0.0,0.027001334354281425
4655.0,0.0,0.026122327893972397
4656.0,0.0,0.05846336856484413
4657.0,0.0,0.015986574813723564
4658.0,0.0,0.02902810275554657
4659.0,0.0,0.024017333984375
4660.0,0.0,0.026141773909330368
4661.0,0.0,0.04289304465055466
4662.0,0.0,0.025545770302414894
4663.0,0.0,0.03530528396368027
4664.0,0.0,0.015938570722937584
4665.0,0.0,0.029291899874806404
4666.0,0.0,0.017739813774824142
4667.0,0.0,0.014243694953620434
4668.0,0.0,0.014621013775467873
4669.0,0.0,0.02544485405087471
4670.0,0.0,0.02663862146437168
4671.0,0.0,0.027913730591535568
4672.0,0.0,0.025005033239722252
4673.0,0.0,0.02236247807741165
4674.0,0.0,0.025771109387278557
4675.0,0.0,0.024906201288104057
4676.0,0.0,0.05469834432005882
4677.0,0.0,0.016122156754136086
4678.0,0.0,0.03901994973421097
4679.0,0.0,0.031980905681848526
4680.0,0.0,0.024871468544006348
4681.0,1.0,0.02398207224905491
4682.0,0.0,0.01722889207303524
4683.0,0.0,0.03935639187693596
4684.0,1.0,0.41323480010032654
4685.0,0.0,0.037215910851955414
4686.0,0.0,0.02544485405087471
4687.0,0.0,0.014621013775467873
4688.0,0.0,0.039073653519153595
4689.0,0.0,0.014743927866220474
4690.0,0.0,0.01678997464478016
4691.0,0.0,0.022847406566143036
4692.0,0.0,0.06021404266357422
4693.0,0.0,0.024906201288104057
4694.0,0.0,0.05264653265476227
4695.0,0.0,0.017336970195174217
4696.0,0.0,0.36442863941192627
4697.0,0.0,0.03636007010936737
4698.0,0.0,0.027234036475419998
4699.0,0.0,0.02628469653427601
4700.0,0.0,0.014276108704507351
4701.0,1.0,0.4352908432483673
4702.0,0.0,0.0033102568704634905
4703.0,0.0,0.0012333538616076112
4704.0,0.0,0.003499495331197977
4705.0,1.0,0.44283321499824524
4706.0,0.0,0.018215972930192947
4707.0,0.0,0.0014672224642708898
4708.0,0.0,0.05237181484699249
4709.0,0.0,0.01722889207303524
4710.0,0.0,0.027341853827238083
4711.0,0.0,0.026122327893972397
4712.0,0.0,0.017969094216823578
4713.0,0.0,0.059325143694877625
4714.0,0.0,0.027234341949224472
4715.0,0.0,0.01506237406283617
4716.0,0.0,0.015413998626172543
4717.0,0.0,0.025005033239722252
4718.0,0.0,0.025282183662056923
4719.0,0.0,0.01575755886733532
4720.0,0.0,0.05817730352282524
4721.0,0.0,0.025771109387278557
4722.0,0.0,0.015675872564315796
4723.0,0.0,0.023853830993175507
4724.0,0.0,0.025771109387278557
4725.0,0.0,0.022743655368685722
4726.0,0.0,0.01899777166545391
4727.0,0.0,0.05538422241806984
4728.0,0.0,0.027234036475419998
4729.0,0.0,0.023697391152381897
4730.0,0.0,0.026141773909330368
4731.0,0.0,0.024906201288104057
4732.0,0.0,0.023888908326625824
4733.0,0.0,0.027234036475419998
4734.0,0.0,0.025771109387278557
4735.0,0.0,0.05952965468168259
4736.0,0.0,0.02314114384353161
4737.0,0.0,0.024906201288104057
4738.0,0.0,0.01753651537001133
4739.0,0.0,0.04019296169281006
4740.0,0.0,0.025642139837145805
4741.0,0.0,0.05454898998141289
4742.0,0.0,0.0013770321384072304
4743.0,0.0,0.02628469653427601
4744.0,0.0,0.0014513740316033363
4745.0,0.0,0.025245940312743187
4746.0,0.0,0.018970008939504623
4747.0,0.0,0.02814936637878418
4748.0,0.0,0.003237846540287137
4749.0,0.0,0.02440434880554676
4750.0,0.0,0.0013141449308022857
4751.0,0.0,0.02632135897874832
4752.0,0.0,0.026744144037365913
4753.0,0.0,0.0014202744932845235
4754.0,1.0,0.023474901914596558
4755.0,1.0,0.4287012219429016
4756.0,0.0,0.0036176578141748905
4757.0,0.0,0.05085766315460205
4758.0,0.0,0.054562490433454514
4759.0,0.0,0.02236247807741165
4760.0,0.0,0.024906201288104057
4761.0,0.0,0.02544485405087471
4762.0,0.0,0.029538795351982117
4763.0,0.0,0.02314114384353161
4764.0,0.0,0.024906201288104057
4765.0,0.0,0.010713044553995132
4766.0,0.0,0.01635638438165188
4767.0,0.0,0.0242068562656641
4768.0,0.0,0.025771109387278557
4769.0,0.0,0.053454283624887466
4770.0,0.0,0.02314114384353161
4771.0,0.0,0.037017326802015305
4772.0,0.0,0.06565363705158234
4773.0,0.0,0.0012555853463709354
4774.0,0.0,0.0012720894301310182
4775.0,1.0,0.053454283624887466
4776.0,0.0,0.032610755413770676
4777.0,0.0,0.023922305554151535
4778.0,0.0,0.02663862146437168
4779.0,0.0,0.0012999485479667783
4780.0,0.0,0.017969094216823578
4781.0,0.0,0.06344211101531982
4782.0,0.0,0.018086470663547516
4783.0,0.0,0.0013808943331241608
4784.0,0.0,0.024906201288104057
4785.0,1.0,0.025873281061649323
4786.0,0.0,0.037215910851955414
4787.0,0.0,0.04174934700131416
4788.0,0.0,0.018288765102624893
4789.0,0.0,0.0012720894301310182
4790.0,0.0,0.05398198962211609
4791.0,0.0,0.03702286630868912
4792.0,0.0,0.026122327893972397
4793.0,0.0,0.025771109387278557
4794.0,0.0,0.23531191051006317
4795.0,0.0,0.023474901914596558
4796.0,0.0,0.025771109387278557
4797.0,0.0,0.01575755886733532
4798.0,0.0,0.010245205834507942
4799.0,0.0,0.024871468544006348
4800.0,0.0,0.024960659444332123
4801.0,0.0,0.02398207224905491
4802.0,0.0,0.015878908336162567
4803.0,0.0,0.024906201288104057
4804.0,0.0,0.0015478249406442046
4805.0,0.0,0.06044379249215126
4806.0,0.0,0.028085563331842422
4807.0,0.0,0.016122156754136086
4808.0,0.0,0.023922305554151535
4809.0,0.0,0.014124889858067036
4810.0,0.0,0.36442863941192627
4811.0,1.0,0.44021958112716675
4812.0,0.0,0.037344515323638916
4813.0,0.0,0.014931535348296165
4814.0,0.0,0.02628469653427601
4815.0,0.0,0.014743927866220474
4816.0,0.0,0.03278540074825287
4817.0,0.0,0.02641528844833374
4818.0,0.0,0.02360360138118267
4819.0,0.0,0.0008162669837474823
4820.0,0.0,0.023721186444163322
4821.0,0.0,0.012085461057722569
4822.0,0.0,0.026141773909330368
4823.0,0.0,0.06474325805902481
4824.0,0.0,0.05795514956116676
4825.0,0.0,0.025383293628692627
4826.0,0.0,0.039093051105737686
4827.0,0.0,0.42969629168510437
4828.0,1.0,0.4420156180858612
4829.0,0.0,0.024717602878808975
4830.0,0.0,0.025771109387278557
4831.0,0.0,0.04041139781475067
4832.0,0.0,0.025771109387278557
4833.0,0.0,0.015878908336162567
4834.0,0.0,0.012580884620547295
4835.0,0.0,0.05708349123597145
4836.0,0.0,0.026425663381814957
4837.0,0.0,0.025227047502994537
4838.0,0.0,0.024906201288104057
4839.0,1.0,0.03888615220785141
4840.0,0.0,0.02526475116610527
4841.0,0.0,0.023887183517217636
4842.0,0.0,0.014243694953620434
4843.0,0.0,0.029535578563809395
4844.0,1.0,0.4508828818798065
4845.0,0.0,0.04041016474366188
4846.0,0.0,0.037497278302907944
4847.0,0.0,0.06073381006717682
4848.0,0.0,0.025550583377480507
4849.0,0.0,0.0263888631016016
4850.0,0.0,0.022847406566143036
4851.0,0.0,0.028621075674891472
4852.0,0.0,0.02703228034079075
4853.0,0.0,0.01133112795650959
4854.0,0.0,0.02667977847158909
4855.0,0.0,0.0014285823563113809
4856.0,0.0,0.02360360138118267
4857.0,0.0,0.42605772614479065
4858.0,0.0,0.017969094216823578
4859.0,0.0,0.0014632827369496226
4860.0,0.0,0.016674311831593513
4861.0,0.0,0.016853002831339836
4862.0,0.0,0.036484528332948685
4863.0,0.0,0.0014202744932845235
4864.0,0.0,0.05697529390454292
4865.0,0.0,0.02544485405087471
4866.0,0.0,0.05826232582330704
4867.0,0.0,0.03936055302619934
4868.0,0.0,0.06849057972431183
4869.0,0.0,0.04332609102129936
4870.0,0.0,0.025771109387278557
4871.0,0.0,0.018288765102624893
4872.0,0.0,0.024717602878808975
4873.0,0.0,0.0246882326900959
4874.0,0.0,0.017969094216823578
4875.0,0.0,0.025771109387278557
4876.0,0.0,0.0031837711576372385
4877.0,0.0,0.058941278606653214
4878.0,0.0,0.03744565322995186
4879.0,0.0,0.025873281061649323
4880.0,0.0,0.04077702388167381
4881.0,0.0,0.014777462929487228
4882.0,0.0,0.01704694889485836
4883.0,0.0,0.02445853315293789
4884.0,0.0,0.017969094216823578
4885.0,0.0,0.025283005088567734
4886.0,0.0,0.016994355246424675
4887.0,0.0,0.02814936637878418
4888.0,0.0,0.0015549295349046588
4889.0,0.0,0.05998348444700241
4890.0,0.0,0.02187151275575161
4891.0,0.0,0.02526475116610527
4892.0,0.0,0.02445853315293789
4893.0,0.0,0.050926804542541504
4894.0,0.0,0.0014459739904850721
4895.0,0.0,0.04041016474366188
4896.0,0.0,0.025005033239722252
4897.0,1.0,0.8145098686218262
4898.0,0.0,0.0012283599935472012
4899.0,0.0,0.06139259412884712
4900.0,0.0,0.023887183517217636
4901.0,0.0,0.022685261443257332
4902.0,0.0,0.025873281061649323
4903.0,0.0,0.018288765102624893
4904.0,0.0,0.02663862146437168
4905.0,0.0,0.025771109387278557
4906.0,0.0,0.024717602878808975
4907.0,0.0,0.024906201288104057
4908.0,0.0,0.026122327893972397
4909.0,0.0,0.05817730352282524
4910.0,0.0,0.05637425184249878
4911.0,0.0,0.015878908336162567
4912.0,1.0,0.016122156754136086
4913.0,0.0,0.023887183517217636
4914.0,0.0,0.024906201288104057
4915.0,0.0,0.016109652817249298
4916.0,0.0,0.014248342253267765
4917.0,0.0,0.0012908532517030835
4918.0,0.0,0.015116751194000244
4919.0,0.0,0.015280703082680702
4920.0,0.0,0.05730250105261803
4921.0,0.0,0.025771403685212135
4922.0,0.0,0.02814936637878418
4923.0,0.0,0.06344211101531982
4924.0,0.0,0.01899777166545391
4925.0,0.0,0.025771109387278557
4926.0,0.0,0.018040908500552177
4927.0,0.0,0.025771109387278557
4928.0,0.0,0.023853830993175507
4929.0,1.0,0.015675872564315796
4930.0,0.0,0.023887183517217636
4931.0,0.0,0.01410497073084116
4932.0,0.0,0.0219366904348135
4933.0,0.0,0.0017358994809910655
4934.0,0.0,0.037497278302907944
4935.0,0.0,0.0159847903996706
4936.0,0.0,0.0008162669837474823
4937.0,0.0,0.025283005088567734
4938.0,0.0,0.0597548745572567
4939.0,0.0,0.025771109387278557
4940.0,0.0,0.058847613632678986
4941.0,0.0,0.027234036475419998
4942.0,0.0,0.027234036475419998
4943.0,0.0,0.029283806681632996
4944.0,0.0,0.05436822399497032
4945.0,0.0,0.023887183517217636
4946.0,0.0,0.016225576400756836
4947.0,0.0,0.022166267037391663
4948.0,0.0,0.023875262588262558
4949.0,0.0,0.040938615798950195
4950.0,0.0,0.0031331481877714396
4951.0,0.0,0.0015884148888289928
4952.0,0.0,0.050926804542541504
4953.0,0.0,0.02355126105248928
4954.0,0.0,0.025771109387278557
4955.0,0.0,0.014777462929487228
4956.0,0.0,0.03245848789811134
4957.0,0.0,0.0014693202683702111
4958.0,0.0,0.02663862146437168
4959.0,0.0,0.024231432005763054
4960.0,0.0,0.025514967739582062
4961.0,0.0,0.06290864944458008
4962.0,0.0,0.02663862146437168
4963.0,0.0,0.025771109387278557
4964.0,0.0,0.017969094216823578
4965.0,0.0,0.015413998626172543
4966.0,0.0,0.01722889207303524
4967.0,0.0,0.025873281061649323
4968.0,0.0,0.022331207990646362
4969.0,0.0,0.025771109387278557
4970.0,0.0,0.025283005088567734
4971.0,0.0,0.03458452597260475
4972.0,0.0,0.02814936637878418
4973.0,0.0,0.025771109387278557
4974.0,0.0,0.015413998626172543
4975.0,0.0,0.0036289540585130453
4976.0,0.0,0.025718815624713898
4977.0,0.0,0.02700045518577099
4978.0,0.0,0.027341853827238083
4979.0,0.0,0.06024523451924324
4980.0,0.0,0.024717602878808975
4981.0,0.0,0.0013608243316411972
4982.0,0.0,0.05599655583500862
4983.0,0.0,0.02632135897874832
4984.0,0.0,0.025771109387278557
4985.0,0.0,0.0032563721761107445
4986.0,1.0,0.43704754114151
4987.0,0.0,0.015438084490597248
4988.0,0.0,0.025550583377480507
4989.0,0.0,0.01678997464478016
4990.0,0.0,0.013124067336320877
4991.0,0.0,0.02440434880554676
4992.0,0.0,0.024906201288104057
4993.0,0.0,0.016122156754136086
4994.0,0.0,0.02632135897874832
4995.0,0.0,0.4342096447944641
4996.0,0.0,0.02323314920067787
4997.0,0.0,0.02314114384353161
4998.0,0.0,0.025771109387278557
4999.0,0.0,0.016109652817249298
5000.0,0.0,0.06266964226961136
5001.0,0.0,0.02710825391113758
5002.0,0.0,0.027234036475419998
5003.0,0.0,0.011426706798374653
5004.0,0.0,0.029652222990989685
5005.0,0.0,0.025550583377480507
5006.0,0.0,0.050926804542541504
5007.0,0.0,0.02395937219262123
5008.0,0.0,0.02521074190735817
5009.0,0.0,0.02663862146437168
5010.0,0.0,0.02526475116610527
5011.0,0.0,0.0012464794563129544
5012.0,0.0,0.029278311878442764
5013.0,0.0,0.031031303107738495
5014.0,0.0,0.0182296484708786
5015.0,1.0,0.4158072769641876
5016.0,0.0,0.022331207990646362
5017.0,0.0,0.060015689581632614
5018.0,0.0,0.02445853315293789
5019.0,0.0,0.016435613855719566
5020.0,0.0,0.025771109387278557
5021.0,0.0,0.0270198043435812
5022.0,0.0,0.02544485405087471
5023.0,0.0,0.022331207990646362
5024.0,0.0,0.025651903823018074
5025.0,0.0,0.027234036475419998
5026.0,0.0,0.024871468544006348
5027.0,0.0,0.05817730352282524
5028.0,0.0,0.017336970195174217
5029.0,0.0,0.02663862146437168
5030.0,0.0,0.01726384647190571
5031.0,0.0,0.027234036475419998
5032.0,0.0,0.0008104839362204075
5033.0,0.0,0.025550583377480507
5034.0,0.0,0.053543929010629654
5035.0,0.0,0.04243891313672066
5036.0,0.0,0.016225576400756836
5037.0,0.0,0.04041016474366188
5038.0,0.0,0.018421942368149757
5039.0,0.0,0.015553967095911503
5040.0,0.0,0.024871468544006348
5041.0,0.0,0.018040908500552177
5042.0,0.0,0.4739935100078583
5043.0,0.0,0.025771109387278557
5044.0,0.0,0.025771109387278557
5045.0,0.0,0.018040908500552177
5046.0,0.0,0.02641528844833374
5047.0,0.0,0.024871468544006348
5048.0,0.0,0.024871468544006348
5049.0,0.0,0.05814175680279732
5050.0,0.0,0.01678997464478016
5051.0,0.0,0.025545770302414894
5052.0,0.0,0.0015091396635398269
5053.0,0.0,0.015553967095911503
5054.0,0.0,0.016435613855719566
5055.0,0.0,0.05708349123597145
5056.0,0.0,0.024717602878808975
5057.0,1.0,0.9544866681098938
5058.0,0.0,0.02632135897874832
5059.0,0.0,0.36442863941192627
5060.0,0.0,0.4406580328941345
5061.0,0.0,0.014909934252500534
5062.0,0.0,0.026196282356977463
5063.0,0.0,0.027234036475419998
5064.0,0.0,0.011426706798374653
5065.0,0.0,0.05915085971355438
5066.0,0.0,0.027234036475419998
5067.0,0.0,0.0014513740316033363
5068.0,0.0,0.017739813774824142
5069.0,0.0,0.020057031884789467
5070.0,0.0,0.06113040819764137
5071.0,0.0,0.025771109387278557
5072.0,0.0,0.022847406566143036
5073.0,0.0,0.003244467545300722
5074.0,0.0,0.025005033239722252
5075.0,0.0,0.02663862146437168
5076.0,0.0,0.025873281061649323
5077.0,0.0,0.0013536671176552773
5078.0,0.0,0.02663862146437168
5079.0,0.0,0.014555196277797222
5080.0,1.0,0.45195722579956055
5081.0,0.0,0.02236247807741165
5082.0,0.0,0.04081599414348602
5083.0,0.0,0.018531108275055885
5084.0,0.0,0.017969094216823578
5085.0,0.0,0.06220649182796478
5086.0,0.0,0.030525844544172287
5087.0,0.0,0.017008891329169273
5088.0,0.0,0.0014202744932845235
5089.0,0.0,0.03935639187693596
5090.0,0.0,0.04855641722679138
5091.0,0.0,0.016994355246424675
5092.0,0.0,0.03685896098613739
5093.0,0.0,0.015856554731726646
5094.0,0.0,0.027234036475419998
5095.0,0.0,0.04572062939405441
5096.0,0.0,0.024555636569857597
5097.0,1.0,0.026141773909330368
5098.0,0.0,0.025873281061649323
5099.0,0.0,0.014891373924911022
5100.0,1.0,0.026744144037365913
5101.0,0.0,0.017969094216823578
5102.0,0.0,0.024906201288104057
5103.0,0.0,0.024906201288104057
5104.0,0.0,0.024717602878808975
5105.0,0.0,0.027234036475419998
5106.0,0.0,0.059674497693777084
5107.0,0.0,0.024906201288104057
5108.0,0.0,0.04243891313672066
5109.0,0.0,0.02814936637878418
5110.0,0.0,0.022024011239409447
5111.0,0.0,0.024871468544006348
5112.0,0.0,0.01702914573252201
5113.0,0.0,0.016829300671815872
5114.0,0.0,0.02507074922323227
5115.0,0.0,0.02465379238128662
5116.0,0.0,0.0182296484708786
5117.0,0.0,0.03969156742095947
5118.0,0.0,0.0013694989029318094
5119.0,0.0,0.44021958112716675
5120.0,0.0,0.05795514956116676
5121.0,0.0,0.017810726538300514
5122.0,0.0,0.025771109387278557
5123.0,1.0,0.42550188302993774
5124.0,0.0,0.0013462231727316976
5125.0,0.0,0.025873281061649323
5126.0,0.0,0.4532330334186554
5127.0,0.0,0.024906201288104057
5128.0,0.0,0.02445853315293789
5129.0,0.0,0.041035208851099014
5130.0,0.0,0.030525844544172287
5131.0,0.0,0.025873281061649323
5132.0,0.0,0.059498436748981476
5133.0,0.0,0.01899777166545391
5134.0,0.0,0.010245205834507942
5135.0,0.0,0.4532330334186554
5136.0,0.0,0.024327654391527176
5137.0,0.0,0.016853002831339836
5138.0,0.0,0.027234036475419998
5139.0,0.0,0.02236247807741165
5140.0,0.0,0.01575755886733532
5141.0,0.0,0.05730250105261803
5142.0,0.0,0.05468479543924332
5143.0,0.0,0.02314114384353161
5144.0,0.0,0.4392189085483551
5145.0,0.0,0.025245940312743187
5146.0,0.0,0.023887183517217636
5147.0,0.0,0.024906201288104057
5148.0,0.0,0.0013714581727981567
5149.0,0.0,0.02544485405087471
5150.0,0.0,0.027341853827238083
5151.0,0.0,0.025310751050710678
5152.0,0.0,0.02663862146437168
5153.0,0.0,0.01829373836517334
5154.0,0.0,0.03802454099059105
5155.0,0.0,0.026301685720682144
5156.0,0.0,0.02526475116610527
5157.0,0.0,0.014777462929487228
5158.0,0.0,0.0012333538616076112
5159.0,0.0,0.025771109387278557
5160.0,0.0,0.024906201288104057
5161.0,0.0,0.0013140484225004911
5162.0,0.0,0.01959696039557457
5163.0,0.0,0.02641528844833374
5164.0,0.0,0.05812613666057587
5165.0,0.0,0.014743927866220474
5166.0,0.0,0.01722889207303524
5167.0,0.0,0.01629883050918579
5168.0,0.0,0.02632135897874832
5169.0,0.0,0.025720946490764618
5170.0,0.0,0.016089892014861107
5171.0,0.0,0.0013431700645014644
5172.0,0.0,0.024231432005763054
5173.0,0.0,0.030025148764252663
5174.0,0.0,0.017378058284521103
5175.0,0.0,0.4625804126262665
5176.0,0.0,0.062380630522966385
5177.0,0.0,0.023887183517217636
5178.0,0.0,0.027234036475419998
5179.0,0.0,0.011426706798374653
5180.0,0.0,0.0013694989029318094
5181.0,0.0,0.025073513388633728
5182.0,0.0,0.03889988735318184
5183.0,0.0,0.027234036475419998
5184.0,1.0,0.023887183517217636
5185.0,0.0,0.024871468544006348
5186.0,0.0,0.0014412200544029474
5187.0,0.0,0.016435613855719566
5188.0,0.0,0.015916068106889725
5189.0,0.0,0.025642139837145805
5190.0,1.0,0.022451452910900116
5191.0,1.0,0.46566444635391235
5192.0,0.0,0.024970166385173798
5193.0,0.0,0.025771109387278557
5194.0,0.0,0.025550583377480507
5195.0,0.0,0.02641528844833374
5196.0,0.0,0.010268616490066051
5197.0,0.0,0.02663862146437168
5198.0,0.0,0.009604624472558498
5199.0,0.0,0.06044379249215126
5200.0,0.0,0.023636609315872192
5201.0,0.0,0.016122156754136086
5202.0,1.0,0.9948813915252686
5203.0,0.0,0.02445853315293789
5204.0,0.0,0.009604624472558498
5205.0,1.0,0.4392189085483551
5206.0,0.0,0.024556316435337067
5207.0,0.0,0.05656439810991287
5208.0,1.0,0.023730525746941566
5209.0,0.0,0.022331207990646362
5210.0,0.0,0.0013895576121285558
5211.0,0.0,0.03363712877035141
5212.0,0.0,0.01574668474495411
5213.0,0.0,0.024717602878808975
5214.0,0.0,0.43061134219169617
5215.0,0.0,0.02236247807741165
5216.0,0.0,0.025283005088567734
5217.0,0.0,0.026301685720682144
5218.0,0.0,0.022331207990646362
5219.0,0.0,0.0012999485479667783
5220.0,0.0,0.0014260467141866684
5221.0,0.0,0.058765873312950134
5222.0,0.0,0.022420059889554977
5223.0,0.0,0.06266964226961136
5224.0,0.0,0.04230886325240135
5225.0,0.0,0.05515262857079506
5226.0,0.0,0.01830248348414898
5227.0,0.0,0.02663862146437168
5228.0,0.0,0.05525912344455719
5229.0,0.0,0.02323314920067787
5230.0,0.0,0.05264653265476227
5231.0,1.0,0.04354483634233475
5232.0,0.0,0.029535578563809395
5233.0,0.0,0.015697605907917023
5234.0,0.0,0.02641528844833374
5235.0,1.0,0.36442863941192627
5236.0,0.0,0.025771109387278557
5237.0,0.0,0.02814936637878418
5238.0,0.0,0.017703456804156303
5239.0,0.0,0.016435613855719566
5240.0,0.0,0.025229530408978462
5241.0,0.0,0.023948587477207184
5242.0,0.0,0.05886192247271538
5243.0,0.0,0.02641528844833374
5244.0,0.0,0.025005033239722252
5245.0,0.0,0.025545770302414894
5246.0,0.0,0.029535578563809395
5247.0,0.0,0.02632135897874832
5248.0,0.0,0.014743927866220474
5249.0,0.0,0.4348343312740326
5250.0,0.0,0.003551457542926073
5251.0,0.0,0.015878908336162567
5252.0,0.0,0.023636609315872192
5253.0,0.0,0.027234036475419998
5254.0,0.0,0.026481470093131065
5255.0,0.0,0.001394281629472971
5256.0,0.0,0.017378058284521103
5257.0,0.0,0.0015030310023576021
5258.0,0.0,0.01575755886733532
5259.0,0.0,0.0013591691385954618
5260.0,0.0,0.023887183517217636
5261.0,0.0,0.0014018514193594456
5262.0,0.0,0.017336970195174217
5263.0,0.0,0.04136395454406738
5264.0,0.0,0.02660154178738594
5265.0,0.0,0.0754057988524437
5266.0,0.0,0.026122327893972397
5267.0,0.0,0.02440434880554676
5268.0,0.0,0.014680053107440472
5269.0,0.0,0.0016694687074050307
5270.0,0.0,0.024906201288104057
5271.0,0.0,0.02323314920067787
5272.0,0.0,0.030646273866295815
5273.0,0.0,0.017969094216823578
5274.0,0.0,0.01678997464478016
5275.0,0.0,0.43402186036109924
5276.0,0.0,0.023887183517217636
5277.0,0.0,0.0014018514193594456
5278.0,0.0,0.02440434880554676
5279.0,0.0,0.061310164630413055
5280.0,0.0,0.02893596701323986
5281.0,0.0,0.025229530408978462
5282.0,0.0,0.4037907123565674
5283.0,0.0,0.02481570467352867
5284.0,0.0,0.001235361909493804
5285.0,0.0,0.025873281061649323
5286.0,0.0,0.019941624253988266
5287.0,0.0,0.024871468544006348
5288.0,0.0,0.015413998626172543
5289.0,0.0,0.002923316555097699
5290.0,0.0,0.027234036475419998
5291.0,0.0,0.022847406566143036
5292.0,0.0,0.04788393899798393
5293.0,0.0,0.015780072659254074
5294.0,0.0,0.014992437325417995
5295.0,0.0,0.06084814295172691
5296.0,0.0,0.025771109387278557
5297.0,0.0,0.01722889207303524
5298.0,0.0,0.03627697005867958
5299.0,0.0,0.02663862146437168
5300.0,0.0,0.01707693375647068
5301.0,0.0,0.024906201288104057
5302.0,0.0,0.024717602878808975
5303.0,0.0,0.025771109387278557
5304.0,0.0,0.026744144037365913
5305.0,0.0,0.039073653519153595
5306.0,0.0,0.02632135897874832
5307.0,0.0,0.001305232523009181
5308.0,0.0,0.02323314920067787
5309.0,0.0,0.06368388235569
5310.0,1.0,0.9515377879142761
5311.0,0.0,0.018040908500552177
5312.0,0.0,0.014605714939534664
5313.0,0.0,0.4476095139980316
5314.0,0.0,0.014870388433337212
5315.0,0.0,0.025771109387278557
5316.0,0.0,0.01607489213347435
5317.0,1.0,0.025771109387278557
5318.0,0.0,0.016853002831339836
5319.0,0.0,0.001449301722459495
5320.0,0.0,0.024433191865682602
5321.0,0.0,0.025005033239722252
5322.0,1.0,0.02526475116610527
5323.0,0.0,0.027341853827238083
5324.0,0.0,0.024717602878808975
5325.0,0.0,0.02314114384353161
5326.0,0.0,0.0015134642599150538
5327.0,0.0,0.01704694889485836
5328.0,0.0,0.026141773909330368
5329.0,0.0,0.06474325805902481
5330.0,0.0,0.0013770321384072304
5331.0,0.0,0.026744144037365913
5332.0,0.0,0.014743927866220474
5333.0,0.0,0.022047515958547592
5334.0,1.0,0.42115318775177
5335.0,0.0,0.041035208851099014
5336.0,0.0,0.02814936637878418
5337.0,0.0,0.024871468544006348
5338.0,0.0,0.0287390798330307
5339.0,1.0,0.43704754114151
5340.0,0.0,0.001310010440647602
5341.0,0.0,0.03725476562976837
5342.0,0.0,0.0014551917556673288
5343.0,0.0,0.025771109387278557
5344.0,0.0,0.027341853827238083
5345.0,0.0,0.01575755886733532
5346.0,0.0,0.02314114384353161
5347.0,0.0,0.018040908500552177
5348.0,0.0,0.015856554731726646
5349.0,0.0,0.024555636569857597
5350.0,0.0,0.024906201288104057
5351.0,0.0,0.0013772451784461737
5352.0,0.0,0.02481570467352867
5353.0,0.0,0.024717602878808975
5354.0,0.0,0.42969629168510437
5355.0,0.0,0.039079464972019196
5356.0,0.0,0.02628469653427601
5357.0,0.0,0.025771109387278557
5358.0,0.0,0.023135703057050705
5359.0,0.0,0.0013694989029318094
5360.0,0.0,0.3426138460636139
5361.0,1.0,0.4966488480567932
5362.0,0.0,0.02314114384353161
5363.0,0.0,0.02061801590025425
5364.0,0.0,0.05638376995921135
5365.0,0.0,0.05628763884305954
5366.0,0.0,0.036384474486112595
5367.0,0.0,0.024906201288104057
5368.0,0.0,0.025873281061649323
5369.0,0.0,0.025771109387278557
5370.0,0.0,0.0012985700741410255
5371.0,0.0,0.06474325805902481
5372.0,0.0,0.02360360138118267
5373.0,0.0,0.001260689808987081
5374.0,0.0,0.022331207990646362
5375.0,0.0,0.023568198084831238
5376.0,1.0,0.47445109486579895
5377.0,0.0,0.4532330334186554
5378.0,0.0,0.05237181484699249
5379.0,0.0,0.0014436334604397416
5380.0,0.0,0.022913336753845215
5381.0,0.0,0.025771109387278557
5382.0,0.0,0.027424313127994537
5383.0,0.0,0.02628469653427601
5384.0,0.0,0.05826232582330704
5385.0,0.0,0.024970166385173798
5386.0,0.0,0.0016337033594027162
5387.0,0.0,0.015638090670108795
5388.0,0.0,0.027001334354281425
5389.0,0.0,0.014990774914622307
5390.0,0.0,0.029021726921200752
5391.0,1.0,0.024717602878808975
5392.0,0.0,0.02521074190735817
5393.0,0.0,0.058941278606653214
5394.0,0.0,0.025172991678118706
5395.0,0.0,0.024556316435337067
5396.0,0.0,0.016435613855719566
5397.0,0.0,0.02445853315293789
5398.0,0.0,0.014743927866220474
5399.0,0.0,0.0013973414897918701
5400.0,0.0,0.05515262857079506
5401.0,0.0,0.029535578563809395
5402.0,0.0,0.06375277787446976
5403.0,0.0,0.0376441553235054
5404.0,0.0,0.014276108704507351
5405.0,1.0,0.5934461355209351
5406.0,0.0,0.024231432005763054
5407.0,0.0,0.026122327893972397
5408.0,1.0,0.4532330334186554
5409.0,0.0,0.023887183517217636
5410.0,0.0,0.023612098768353462
5411.0,0.0,0.0641307607293129
5412.0,0.0,0.025005033239722252
5413.0,0.0,0.015553967095911503
5414.0,0.0,0.025873281061649323
5415.0,0.0,0.01678997464478016
5416.0,0.0,0.023636609315872192
5417.0,0.0,0.4287012219429016
5418.0,0.0,0.022331207990646362
5419.0,0.0,0.038531553000211716
5420.0,0.0,0.019073618575930595
5421.0,0.0,0.027234036475419998
5422.0,0.0,0.05607227236032486
5423.0,0.0,0.0013750650687143207
5424.0,0.0,0.016661789268255234
5425.0,0.0,0.015119008719921112
5426.0,0.0,0.01678997464478016
5427.0,0.0,0.023888908326625824
5428.0,0.0,0.015246058814227581
5429.0,0.0,0.04098188504576683
5430.0,0.0,0.050926804542541504
5431.0,0.0,0.015050983056426048
5432.0,0.0,0.025873281061649323
5433.0,0.0,0.01574668474495411
5434.0,0.0,0.014891373924911022
5435.0,0.0,0.06496512144804001
5436.0,0.0,0.026122327893972397
5437.0,0.0,0.02632135897874832
5438.0,0.0,0.012085461057722569
5439.0,0.0,0.023721186444163322
5440.0,0.0,0.05599655583500862
5441.0,0.0,0.025771109387278557
5442.0,0.0,0.025771109387278557
5443.0,0.0,0.016435613855719566
5444.0,0.0,0.44826000928878784
5445.0,0.0,0.028914401307702065
5446.0,0.0,0.016435613855719566
5447.0,0.0,0.015916068106889725
5448.0,0.0,0.025744665414094925
5449.0,0.0,0.017008891329169273
5450.0,0.0,0.027234036475419998
5451.0,1.0,0.06113040819764137
5452.0,0.0,0.026301685720682144
5453.0,0.0,0.0013608243316411972
5454.0,0.0,0.02398207224905491
5455.0,0.0,0.05787777155637741
5456.0,0.0,0.015096615068614483
5457.0,0.0,0.027234036475419998
5458.0,0.0,0.04156623035669327
5459.0,0.0,0.056600261479616165
5460.0,0.0,0.026744144037365913
5461.0,0.0,0.026122327893972397
5462.0,0.0,0.0014752917923033237
5463.0,0.0,0.05623804032802582
5464.0,0.0,0.4392189085483551
5465.0,0.0,0.05616211146116257
5466.0,0.0,0.0014202744932845235
5467.0,0.0,0.023922305554151535
5468.0,0.0,0.003296883078292012
5469.0,0.0,0.03167172521352768
5470.0,0.0,0.02445853315293789
5471.0,0.0,0.010245205834507942
5472.0,0.0,0.024970166385173798
5473.0,0.0,0.025771109387278557
5474.0,0.0,0.011426706798374653
5475.0,0.0,0.023474901914596558
5476.0,1.0,0.022331207990646362
5477.0,0.0,0.057193923741579056
5478.0,0.0,0.017336970195174217
5479.0,0.0,0.0012772607151418924
5480.0,0.0,0.015675872564315796
5481.0,0.0,0.024906201288104057
5482.0,0.0,0.016435613855719566
5483.0,0.0,0.05937730893492699
5484.0,0.0,0.027234036475419998
5485.0,0.0,0.017378058284521103
5486.0,0.0,0.05812613666057587
5487.0,0.0,0.0014078195672482252
5488.0,0.0,0.0013431700645014644
5489.0,0.0,0.0015030310023576021
5490.0,0.0,0.027341853827238083
5491.0,0.0,0.026301685720682144
5492.0,0.0,0.025771109387278557
5493.0,0.0,0.022938264533877373
5494.0,0.0,0.027341853827238083
5495.0,0.0,0.0578448623418808
5496.0,0.0,0.023636609315872192
5497.0,0.0,0.01729780063033104
5498.0,0.0,0.027234036475419998
5499.0,0.0,0.027234036475419998
5500.0,0.0,0.04614757001399994
5501.0,0.0,0.016435613855719566
5502.0,0.0,0.001389697310514748
5503.0,1.0,0.04475943744182587
5504.0,1.0,0.433670312166214
5505.0,0.0,0.026425663381814957
5506.0,0.0,0.0013047066750004888
5507.0,0.0,0.026122327893972397
5508.0,0.0,0.025771109387278557
5509.0,0.0,0.024556316435337067
5510.0,0.0,0.018288765102624893
5511.0,0.0,0.4392189085483551
5512.0,0.0,0.019073618575930595
5513.0,0.0,0.027234036475419998
5514.0,0.0,0.0037465007044374943
5515.0,1.0,0.05515262857079506
5516.0,0.0,0.018040908500552177
5517.0,0.0,0.025227047502994537
5518.0,0.0,0.03696532920002937
5519.0,0.0,0.017997104674577713
5520.0,0.0,0.025771109387278557
5521.0,0.0,0.018706221133470535
5522.0,0.0,0.02314114384353161
5523.0,0.0,0.0013808943331241608
5524.0,0.0,0.05257376283407211
5525.0,0.0,0.01574668474495411
5526.0,0.0,0.02236247807741165
5527.0,0.0,0.0013714581727981567
5528.0,0.0,0.02653190866112709
5529.0,0.0,0.025771109387278557
5530.0,0.0,0.028110241517424583
5531.0,0.0,0.01899777166545391
5532.0,0.0,0.025514967739582062
5533.0,0.0,0.029652222990989685
5534.0,1.0,0.4352077543735504
5535.0,0.0,0.023887183517217636
5536.0,0.0,0.05515262857079506
5537.0,0.0,0.017969094216823578
5538.0,0.0,0.023887183517217636
5539.0,0.0,0.024906201288104057
5540.0,0.0,0.027341853827238083
5541.0,0.0,0.42605772614479065
5542.0,0.0,0.016122156754136086
5543.0,1.0,0.4158072769641876
5544.0,0.0,0.0014202744932845235
5545.0,0.0,0.02314114384353161
5546.0,0.0,0.018330127000808716
5547.0,0.0,0.0013750650687143207
5548.0,0.0,0.0013462231727316976
5549.0,1.0,0.01899777166545391
5550.0,1.0,0.43439170718193054
5551.0,0.0,0.027234036475419998
5552.0,0.0,0.06610185652971268
5553.0,0.0,0.025073513388633728
5554.0,0.0,0.018215972930192947
5555.0,0.0,0.0012989522656425834
5556.0,0.0,0.02697308547794819
5557.0,0.0,0.024854116141796112
5558.0,0.0,0.0014202744932845235
5559.0,0.0,0.024590618908405304
5560.0,0.0,0.027046462520956993
5561.0,0.0,0.0036478666588664055
5562.0,0.0,0.02236247807741165
5563.0,0.0,0.02526475116610527
5564.0,1.0,0.43026041984558105
5565.0,0.0,0.024906201288104057
5566.0,0.0,0.041992973536252975
5567.0,0.0,0.02207839861512184
5568.0,0.0,0.02544485405087471
5569.0,0.0,0.06969044357538223
5570.0,0.0,0.025771109387278557
5571.0,0.0,0.0014502613339573145
5572.0,1.0,0.05582575500011444
5573.0,0.0,0.016994355246424675
5574.0,0.0,0.05708349123597145
5575.0,1.0,0.4616709053516388
5576.0,0.0,0.040309011936187744
5577.0,0.0,0.0032922266982495785
5578.0,0.0,0.011279945261776447
5579.0,0.0,0.015675872564315796
5580.0,0.0,0.023922305554151535
5581.0,0.0,0.027341853827238083
5582.0,0.0,0.027128420770168304
5583.0,0.0,0.04309716820716858
5584.0,0.0,0.017336970195174217
5585.0,0.0,0.06654705852270126
5586.0,0.0,0.02632135897874832
5587.0,0.0,0.05522727221250534
5588.0,0.0,0.03838136047124863
5589.0,0.0,0.06431885063648224
5590.0,1.0,0.9774124622344971
5591.0,0.0,0.0012555853463709354
5592.0,0.0,0.02398207224905491
5593.0,0.0,0.024590618908405304
5594.0,0.0,0.026122327893972397
5595.0,0.0,0.01575755886733532
5596.0,0.0,0.031205356121063232
5597.0,0.0,0.05623804032802582
5598.0,0.0,0.010836593806743622
5599.0,0.0,0.05846336856484413
5600.0,1.0,0.8499495983123779
5601.0,0.0,0.025771109387278557
5602.0,0.0,0.02364484779536724
5603.0,1.0,0.4360010325908661
5604.0,0.0,0.024717602878808975
5605.0,0.0,0.027234036475419998
5606.0,0.0,0.01574668474495411
5607.0,0.0,0.01729780063033104
5608.0,1.0,0.02236247807741165
5609.0,0.0,0.016435613855719566
5610.0,0.0,0.024871468544006348
5611.0,0.0,0.0014260467141866684
5612.0,0.0,0.025005033239722252
5613.0,0.0,0.02236247807741165
5614.0,1.0,0.3513956665992737
5615.0,0.0,0.02207839861512184
5616.0,0.0,0.018215972930192947
5617.0,0.0,0.027234036475419998
5618.0,0.0,0.003244467545300722
5619.0,0.0,0.0012283599935472012
5620.0,0.0,0.05616211146116257
5621.0,0.0,0.01722889207303524
5622.0,0.0,0.0015612490242347121
5623.0,1.0,0.04094049707055092
5624.0,0.0,0.014276108704507351
5625.0,0.0,0.05638376995921135
5626.0,0.0,0.025545770302414894
5627.0,0.0,0.024906201288104057
5628.0,0.0,0.019073618575930595
5629.0,0.0,0.025771109387278557
5630.0,0.0,0.024906201288104057
5631.0,0.0,0.017968246713280678
5632.0,0.0,0.023887183517217636
5633.0,0.0,0.015277317725121975
5634.0,0.0,0.025771109387278557
5635.0,0.0,0.0013080606004223228
5636.0,0.0,0.06175331398844719
5637.0,0.0,0.026141773909330368
5638.0,0.0,0.0262258630245924
5639.0,0.0,0.02814936637878418
5640.0,0.0,0.02445853315293789
5641.0,0.0,0.017008891329169273
5642.0,0.0,0.023887183517217636
5643.0,0.0,0.025771109387278557
5644.0,0.0,0.0013608243316411972
5645.0,0.0,0.024590618908405304
5646.0,0.0,0.011769154109060764
5647.0,0.0,0.023853830993175507
5648.0,0.0,0.017115604132413864
5649.0,0.0,0.022331207990646362
5650.0,0.0,0.027234036475419998
5651.0,0.0,0.017969094216823578
5652.0,0.0,0.02854803204536438
5653.0,0.0,0.025245940312743187
5654.0,0.0,0.023730525746941566
5655.0,0.0,0.02360360138118267
5656.0,0.0,0.0558706633746624
5657.0,0.0,0.02236247807741165
5658.0,0.0,0.024051940068602562
5659.0,1.0,0.0416899137198925
5660.0,0.0,0.07383714616298676
5661.0,0.0,0.014061274006962776
5662.0,0.0,0.02236247807741165
5663.0,0.0,0.017810726538300514
5664.0,0.0,0.029936516657471657
5665.0,0.0,0.0013462231727316976
5666.0,0.0,0.02628469653427601
5667.0,0.0,0.33927401900291443
5668.0,1.0,0.025346089154481888
5669.0,0.0,0.01899777166545391
5670.0,0.0,0.05795514956116676
5671.0,0.0,0.05522727221250534
5672.0,0.0,0.44021958112716675
5673.0,0.0,0.023853830993175507
5674.0,0.0,0.001552709611132741
5675.0,0.0,0.05607227236032486
5676.0,0.0,0.016627386212348938
5677.0,0.0,0.01571263000369072
5678.0,0.0,0.025771109387278557
5679.0,0.0,0.06321146339178085
5680.0,0.0,0.0182296484708786
5681.0,0.0,0.015938570722937584
5682.0,0.0,0.024590618908405304
5683.0,0.0,0.015938570722937584
5684.0,0.0,0.025771109387278557
5685.0,0.0,0.015724515542387962
5686.0,0.0,0.05607227236032486
5687.0,0.0,0.015878908336162567
5688.0,0.0,0.06244385614991188
5689.0,0.0,0.0014018514193594456
5690.0,0.0,0.0035982721019536257
5691.0,0.0,0.02663862146437168
5692.0,0.0,0.010559353046119213
5693.0,1.0,0.43704754114151
5694.0,0.0,0.06765059381723404
5695.0,0.0,0.02236247807741165
5696.0,0.0,0.024231432005763054
5697.0,0.0,0.05708349123597145
5698.0,0.0,0.37390127778053284
5699.0,0.0,0.024906201288104057
5700.0,0.0,0.015878908336162567
5701.0,0.0,0.02536497637629509
5702.0,0.0,0.017693044617772102
5703.0,0.0,0.04233984649181366
5704.0,0.0,0.03550780192017555
5705.0,0.0,0.02236247807741165
5706.0,0.0,0.024871468544006348
5707.0,0.0,0.024590618908405304
5708.0,0.0,0.038475073873996735
5709.0,0.0,0.001300412230193615
5710.0,0.0,0.01678997464478016
5711.0,0.0,0.025771109387278557
5712.0,0.0,0.025810956954956055
5713.0,0.0,0.030143672600388527
5714.0,1.0,0.4197966754436493
5715.0,0.0,0.02544485405087471
5716.0,0.0,0.04243891313672066
5717.0,0.0,0.003526357701048255
5718.0,0.0,0.001447077956981957
5719.0,1.0,0.016674311831593513
5720.0,0.0,0.04072709009051323
5721.0,0.0,0.023636609315872192
5722.0,0.0,0.02663862146437168
5723.0,0.0,0.02814936637878418
5724.0,0.0,0.01555662602186203
5725.0,0.0,0.025310751050710678
5726.0,0.0,0.4426445960998535
5727.0,0.0,0.024302981793880463
5728.0,0.0,0.01899777166545391
5729.0,1.0,0.016674311831593513
5730.0,0.0,0.0034331486094743013
5731.0,0.0,0.06139259412884712
5732.0,0.0,0.028660891577601433
5733.0,0.0,0.02663862146437168
5734.0,0.0,0.027234036475419998
5735.0,0.0,0.014621013775467873
5736.0,0.0,0.023474901914596558
5737.0,0.0,0.41815587878227234
5738.0,0.0,0.36442863941192627
5739.0,0.0,0.4380471110343933
5740.0,0.0,0.027234036475419998
5741.0,0.0,0.03799767047166824
5742.0,0.0,0.01840336248278618
5743.0,0.0,0.016122156754136086
5744.0,0.0,0.03513512387871742
5745.0,0.0,0.02526475116610527
5746.0,0.0,0.025771109387278557
5747.0,0.0,0.025514967739582062
5748.0,0.0,0.025369521230459213
5749.0,0.0,0.02323314920067787
5750.0,0.0,0.025873281061649323
5751.0,0.0,0.01588735543191433
5752.0,0.0,0.0014018514193594456
5753.0,0.0,0.023922305554151535
5754.0,0.0,0.016158010810613632
5755.0,0.0,0.022420059889554977
5756.0,0.0,0.025771109387278557
5757.0,0.0,0.025873281061649323
5758.0,0.0,0.3990669250488281
5759.0,0.0,0.024906201288104057
5760.0,1.0,0.44021958112716675
5761.0,0.0,0.012995830737054348
5762.0,0.0,0.04371431842446327
5763.0,0.0,0.02314114384353161
5764.0,0.0,0.027234036475419998
5765.0,0.0,0.026142079383134842
5766.0,0.0,0.02236247807741165
5767.0,0.0,0.024906201288104057
5768.0,0.0,0.04108249768614769
5769.0,0.0,0.02465379238128662
5770.0,0.0,0.002974727191030979
5771.0,0.0,0.018040908500552177
5772.0,0.0,0.02544485405087471
5773.0,0.0,0.0014693202683702111
5774.0,0.0,0.025771109387278557
5775.0,1.0,0.4207862913608551
5776.0,0.0,0.017969094216823578
5777.0,0.0,0.042051516473293304
5778.0,0.0,0.02632135897874832
5779.0,0.0,0.02663862146437168
5780.0,0.0,0.023922305554151535
5781.0,0.0,0.01678997464478016
5782.0,0.0,0.02854803204536438
5783.0,0.0,0.025771109387278557
5784.0,0.0,0.025771109387278557
5785.0,0.0,0.024590618908405304
5786.0,0.0,0.027021421119570732
5787.0,0.0,0.025005033239722252
5788.0,0.0,0.025771109387278557
5789.0,0.0,0.058941278606653214
5790.0,0.0,0.033373430371284485
5791.0,0.0,0.024717602878808975
5792.0,0.0,0.014276108704507351
5793.0,0.0,0.003296883078292012
5794.0,0.0,0.47015663981437683
5795.0,0.0,0.024906201288104057
5796.0,0.0,0.03634200617671013
5797.0,0.0,0.017008891329169273
5798.0,0.0,0.025873281061649323
5799.0,0.0,0.06948217004537582
5800.0,0.0,0.05812613666057587
5801.0,0.0,0.014124889858067036
5802.0,0.0,0.018040908500552177
5803.0,0.0,0.02481570467352867
5804.0,0.0,0.024906201288104057
5805.0,0.0,0.025073513388633728
5806.0,0.0,0.014276108704507351
5807.0,0.0,0.016122156754136086
5808.0,0.0,0.03513512387871742
5809.0,0.0,0.023887183517217636
5810.0,0.0,0.053454283624887466
5811.0,1.0,0.852695107460022
5812.0,0.0,0.023636609315872192
5813.0,0.0,0.028981421142816544
5814.0,0.0,0.02314114384353161
5815.0,1.0,0.010245205834507942
5816.0,0.0,0.04266770929098129
5817.0,0.0,0.025873281061649323
5818.0,0.0,0.05525912344455719
5819.0,0.0,0.05815203860402107
5820.0,0.0,0.02544485405087471
5821.0,0.0,0.02220160886645317
5822.0,0.0,0.027234036475419998
5823.0,0.0,0.06175331398844719
5824.0,0.0,0.025771109387278557
5825.0,0.0,0.016122156754136086
5826.0,0.0,0.014891373924911022
5827.0,0.0,0.025771109387278557
5828.0,0.0,0.03634200617671013
5829.0,0.0,0.0014202744932845235
5830.0,0.0,0.023636609315872192
5831.0,0.0,0.0014513740316033363
5832.0,0.0,0.024906201288104057
5833.0,0.0,0.01740630343556404
5834.0,0.0,0.024906201288104057
5835.0,0.0,0.07055981457233429
5836.0,0.0,0.02544485405087471
5837.0,0.0,0.016853002831339836
5838.0,0.0,0.015938570722937584
5839.0,0.0,0.031031303107738495
5840.0,0.0,0.024871468544006348
5841.0,0.0,0.02544485405087471
5842.0,0.0,0.0014018514193594456
5843.0,0.0,0.039073653519153595
5844.0,0.0,0.024906201288104057
5845.0,0.0,0.02632135897874832
5846.0,0.0,0.003755103098228574
5847.0,1.0,0.03611837327480316
5848.0,0.0,0.0013140484225004911
5849.0,0.0,0.02314114384353161
5850.0,0.0,0.0013714581727981567
5851.0,0.0,0.0012333538616076112
5852.0,0.0,0.018040908500552177
5853.0,0.0,0.017969094216823578
5854.0,0.0,0.0013663552235811949
5855.0,0.0,0.025227047502994537
5856.0,0.0,0.025771109387278557
5857.0,0.0,0.0014135412639006972
5858.0,0.0,0.0012555853463709354
5859.0,0.0,0.04243891313672066
5860.0,0.0,0.0031792332883924246
5861.0,0.0,0.016122156754136086
5862.0,1.0,0.024590618908405304
5863.0,0.0,0.015119008719921112
5864.0,0.0,0.0262258630245924
5865.0,1.0,0.023853830993175507
5866.0,0.0,0.024906201288104057
5867.0,0.0,0.016122156754136086
5868.0,0.0,0.02663862146437168
5869.0,0.0,0.027341853827238083
5870.0,0.0,0.015413998626172543
5871.0,1.0,0.025771109387278557
5872.0,0.0,0.024906201288104057
5873.0,0.0,0.07827866077423096
5874.0,0.0,0.025283005088567734
5875.0,0.0,0.026405904442071915
5876.0,0.0,0.025550583377480507
5877.0,0.0,0.024717602878808975
5878.0,0.0,0.02526475116610527
5879.0,0.0,0.02207839861512184
5880.0,0.0,0.015413998626172543
5881.0,0.0,0.030572567135095596
5882.0,0.0,0.04125974327325821
5883.0,0.0,0.027234036475419998
5884.0,0.0,0.02236247807741165
5885.0,0.0,0.06879458576440811
5886.0,0.0,0.024906201288104057
5887.0,1.0,0.05812613666057587
5888.0,0.0,0.015590906143188477
5889.0,0.0,0.025771109387278557
5890.0,0.0,0.016435613855719566
5891.0,0.0,0.06512225419282913
5892.0,0.0,0.024871468544006348
5893.0,0.0,0.025771109387278557
5894.0,0.0,0.02361888997256756
5895.0,0.0,0.01639237254858017
5896.0,0.0,0.024871468544006348
5897.0,0.0,0.025771109387278557
5898.0,0.0,0.06154433637857437
5899.0,0.0,0.05199820175766945
5900.0,0.0,0.003244467545300722
5901.0,0.0,0.027234036475419998
5902.0,1.0,0.4750063121318817
5903.0,0.0,0.027234036475419998
5904.0,0.0,0.02641528844833374
5905.0,0.0,0.018330127000808716
5906.0,0.0,0.03948604688048363
5907.0,0.0,0.024906201288104057
5908.0,1.0,0.02314114384353161
5909.0,0.0,0.016994355246424675
5910.0,0.0,0.025913292542099953
5911.0,0.0,0.023705922067165375
5912.0,0.0,0.06397228688001633
5913.0,0.0,0.05708349123597145
5914.0,0.0,0.0597548745572567
5915.0,0.0,0.02641528844833374
5916.0,0.0,0.016122156754136086
5917.0,0.0,0.016994355246424675
5918.0,0.0,0.01086955051869154
5919.0,0.0,0.019073618575930595
5920.0,0.0,0.021197669208049774
5921.0,0.0,0.023616880178451538
5922.0,0.0,0.022847406566143036
5923.0,0.0,0.4205121099948883
5924.0,0.0,0.02544485405087471
5925.0,0.0,0.05066057667136192
5926.0,0.0,0.02314114384353161
5927.0,1.0,0.062166977673769
5928.0,0.0,0.026122327893972397
5929.0,0.0,0.0179430041462183
5930.0,0.0,0.017969094216823578
5931.0,0.0,0.02544485405087471
5932.0,0.0,0.013994359411299229
5933.0,0.0,0.024555636569857597
5934.0,0.0,0.02360360138118267
5935.0,0.0,0.02502305433154106
5936.0,1.0,0.4545227289199829
5937.0,0.0,0.003518701996654272
5938.0,0.0,0.015413998626172543
5939.0,0.0,0.026141773909330368
5940.0,0.0,0.02826070226728916
5941.0,0.0,0.04019111022353172
5942.0,0.0,0.024871468544006348
5943.0,0.0,0.017336970195174217
5944.0,0.0,0.06056196615099907
5945.0,0.0,0.025346089154481888
5946.0,0.0,0.02814936637878418
5947.0,0.0,0.02323314920067787
5948.0,0.0,0.039824340492486954
5949.0,0.0,0.023853830993175507
5950.0,0.0,0.0482148751616478
5951.0,0.0,0.42969629168510437
5952.0,0.0,0.025873281061649323
5953.0,0.0,0.017378058284521103
5954.0,0.0,0.02398207224905491
5955.0,0.0,0.015916068106889725
5956.0,0.0,0.06428132206201553
5957.0,0.0,0.024727489799261093
5958.0,0.0,0.43061134219169617
5959.0,0.0,0.023887183517217636
5960.0,0.0,0.025771109387278557
5961.0,0.0,0.003708237549290061
5962.0,0.0,0.04019296169281006
5963.0,0.0,0.024906201288104057
5964.0,0.0,0.06080447882413864
5965.0,0.0,0.014891373924911022
5966.0,0.0,0.023887183517217636
5967.0,0.0,0.02440434880554676
5968.0,0.0,0.35456952452659607
5969.0,0.0,0.024717602878808975
5970.0,0.0,0.024717602878808975
5971.0,0.0,0.43759867548942566
5972.0,0.0,0.0014412200544029474
5973.0,0.0,0.0385444350540638
5974.0,0.0,0.025771109387278557
5975.0,0.0,0.4392189085483551
5976.0,0.0,0.01629883050918579
5977.0,0.0,0.016435613855719566
5978.0,0.0,0.025873281061649323
5979.0,0.0,0.014743927866220474
5980.0,0.0,0.0015199633780866861
5981.0,0.0,0.024717602878808975
5982.0,0.0,0.02445853315293789
5983.0,0.0,0.025873281061649323
5984.0,0.0,0.023474901914596558
5985.0,0.0,0.024717602878808975
5986.0,0.0,0.055738355964422226
5987.0,0.0,0.05924532189965248
5988.0,0.0,0.05708349123597145
5989.0,0.0,0.039598796516656876
5990.0,0.0,0.025771109387278557
5991.0,0.0,0.4237212538719177
5992.0,0.0,0.015413998626172543
5993.0,0.0,0.02663862146437168
5994.0,0.0,0.015413998626172543
5995.0,0.0,0.025771109387278557
5996.0,0.0,0.025005033239722252
5997.0,0.0,0.02323314920067787
5998.0,0.0,0.023474901914596558
5999.0,0.0,0.025771109387278557
6000.0,0.0,0.024906201288104057
6001.0,0.0,0.025873281061649323
6002.0,0.0,0.01533604972064495
6003.0,0.0,0.05599655583500862
6004.0,0.0,0.025771109387278557
6005.0,0.0,0.02440434880554676
6006.0,0.0,0.016766361892223358
6007.0,1.0,0.023721186444163322
6008.0,0.0,0.030646273866295815
6009.0,0.0,0.015413998626172543
6010.0,0.0,0.003915969282388687
6011.0,0.0,0.02628469653427601
6012.0,0.0,0.023853830993175507
6013.0,0.0,0.023948587477207184
6014.0,1.0,0.02264479734003544
6015.0,0.0,0.028508367016911507
6016.0,0.0,0.048776742070913315
6017.0,1.0,0.06747815757989883
6018.0,0.0,0.02544485405087471
6019.0,0.0,0.030076995491981506
6020.0,0.0,0.0246882326900959
6021.0,0.0,0.010836593806743622
6022.0,0.0,0.02445853315293789
6023.0,0.0,0.025771109387278557
6024.0,0.0,0.5166650414466858
6025.0,0.0,0.4445684850215912
6026.0,0.0,0.022847406566143036
6027.0,0.0,0.026744144037365913
6028.0,0.0,0.0012720894301310182
6029.0,0.0,0.027234036475419998
6030.0,0.0,0.025005033239722252
6031.0,0.0,0.025245940312743187
6032.0,0.0,0.030143672600388527
6033.0,0.0,0.025771109387278557
6034.0,0.0,0.0013912387657910585
6035.0,0.0,0.023730525746941566
6036.0,1.0,0.4532330334186554
6037.0,0.0,0.024906201288104057
6038.0,0.0,0.05812613666057587
6039.0,0.0,0.02445853315293789
6040.0,0.0,0.025073513388633728
6041.0,0.0,0.024871468544006348
6042.0,0.0,0.0014018514193594456
6043.0,0.0,0.05708349123597145
6044.0,0.0,0.0014202744932845235
6045.0,0.0,0.016435613855719566
6046.0,0.0,0.003893982619047165
6047.0,0.0,0.05893402174115181
6048.0,1.0,0.4464757442474365
6049.0,0.0,0.017969094216823578
6050.0,0.0,0.4595222473144531
6051.0,0.0,0.037357721477746964
6052.0,0.0,0.024906201288104057
6053.0,1.0,0.010713044553995132
6054.0,0.0,0.017969094216823578
6055.0,0.0,0.015413998626172543
6056.0,0.0,0.025771109387278557
6057.0,0.0,0.018074018880724907
6058.0,0.0,0.0015030310023576021
6059.0,0.0,0.06175331398844719
6060.0,0.0,0.023853830993175507
6061.0,0.0,0.02628469653427601
6062.0,0.0,0.023568198084831238
6063.0,0.0,0.016097549349069595
6064.0,0.0,0.06175331398844719
6065.0,0.0,0.01618671976029873
6066.0,0.0,0.025771109387278557
6067.0,0.0,0.06321687996387482
6068.0,0.0,0.01618671976029873
6069.0,0.0,0.023636609315872192
6070.0,0.0,0.04369599372148514
6071.0,0.0,0.025771109387278557
6072.0,0.0,0.02663862146437168
6073.0,0.0,0.03343838080763817
6074.0,0.0,0.025383293628692627
6075.0,0.0,0.025005033239722252
6076.0,0.0,0.04494025930762291
6077.0,0.0,0.024590618908405304
6078.0,0.0,0.01521681435406208
6079.0,0.0,0.015590906143188477
6080.0,0.0,0.02663862146437168
6081.0,0.0,0.029283806681632996
6082.0,0.0,0.023922305554151535
6083.0,0.0,0.834155797958374
6084.0,0.0,0.015856554731726646
6085.0,0.0,0.42113515734672546
6086.0,0.0,0.002974727191030979
6087.0,0.0,0.0246882326900959
6088.0,0.0,0.014777462929487228
6089.0,0.0,0.025245940312743187
6090.0,0.0,0.02544485405087471
6091.0,0.0,0.44021958112716675
6092.0,0.0,0.017969094216823578
6093.0,0.0,0.025873281061649323
6094.0,0.0,0.024717602878808975
6095.0,0.0,0.0013714581727981567
6096.0,0.0,0.027748307213187218
6097.0,0.0,0.02236247807741165
6098.0,0.0,0.023433061316609383
6099.0,0.0,0.025873281061649323
6100.0,0.0,0.026982497423887253
6101.0,0.0,0.016435613855719566
6102.0,0.0,0.031328391283750534
6103.0,0.0,0.025771109387278557
6104.0,0.0,0.026425663381814957
6105.0,0.0,0.05607227236032486
6106.0,0.0,0.01685047335922718
6107.0,0.0,0.04266770929098129
6108.0,0.0,0.024871468544006348
6109.0,0.0,0.03685896098613739
6110.0,0.0,0.001390725956298411
6111.0,1.0,0.025771109387278557
6112.0,1.0,0.9771726727485657
6113.0,1.0,0.015553967095911503
6114.0,0.0,0.02628469653427601
6115.0,0.0,0.053454283624887466
6116.0,0.0,0.015856554731726646
6117.0,0.0,0.017816275358200073
6118.0,0.0,0.014555196277797222
6119.0,0.0,0.02814936637878418
6120.0,0.0,0.025771109387278557
6121.0,0.0,0.0014513740316033363
6122.0,0.0,0.023924192413687706
6123.0,0.0,0.023887183517217636
6124.0,0.0,0.013825992122292519
6125.0,0.0,0.027913730591535568
6126.0,0.0,0.026744144037365913
6127.0,0.0,0.01629883050918579
6128.0,0.0,0.0031987670809030533
6129.0,0.0,0.013356479816138744
6130.0,0.0,0.05436822399497032
6131.0,0.0,0.02207839861512184
6132.0,0.0,0.025771109387278557
6133.0,0.0,0.014124889858067036
6134.0,0.0,0.00330717652104795
6135.0,0.0,0.02544485405087471
6136.0,0.0,0.027234036475419998
6137.0,0.0,0.06021404266357422
6138.0,0.0,0.06113040819764137
6139.0,0.0,0.02323314920067787
6140.0,0.0,0.024906201288104057
6141.0,1.0,0.4532330334186554
6142.0,0.0,0.02481570467352867
6143.0,0.0,0.010575352236628532
6144.0,0.0,0.03859657794237137
6145.0,0.0,0.02544485405087471
6146.0,0.0,0.02478955313563347
6147.0,0.0,0.025771109387278557
6148.0,0.0,0.017378058284521103
6149.0,0.0,0.0033153772819787264
6150.0,0.0,0.02663862146437168
6151.0,0.0,0.025771109387278557
6152.0,0.0,0.015878908336162567
6153.0,0.0,0.014870388433337212
6154.0,0.0,0.0014018514193594456
6155.0,0.0,0.029538795351982117
6156.0,0.0,0.0031331481877714396
6157.0,0.0,0.0246882326900959
6158.0,0.0,0.024555636569857597
6159.0,0.0,0.025005033239722252
6160.0,0.0,0.025771109387278557
6161.0,0.0,0.02526475116610527
6162.0,1.0,0.6092022061347961
6163.0,1.0,0.4122503101825714
6164.0,0.0,0.011426706798374653
6165.0,0.0,0.024871468544006348
6166.0,0.0,0.02526475116610527
6167.0,0.0,0.04015575721859932
6168.0,0.0,0.025771109387278557
6169.0,0.0,0.027234036475419998
6170.0,0.0,0.06441973894834518
6171.0,0.0,0.05907125025987625
6172.0,1.0,0.44383561611175537
6173.0,0.0,0.018421942368149757
6174.0,0.0,0.027913730591535568
6175.0,0.0,0.003526357701048255
6176.0,0.0,0.02559009939432144
6177.0,0.0,0.01521681435406208
6178.0,0.0,0.01629883050918579
6179.0,0.0,0.015590906143188477
6180.0,0.0,0.0012720894301310182
6181.0,1.0,0.43413060903549194
6182.0,0.0,0.05345886945724487
6183.0,0.0,0.0597548745572567
6184.0,0.0,0.016570892184972763
6185.0,0.0,0.029535578563809395
6186.0,0.0,0.023853830993175507
6187.0,0.0,0.035611413419246674
6188.0,0.0,0.024906201288104057
6189.0,0.0,0.024501239880919456
6190.0,0.0,0.023636609315872192
6191.0,0.0,0.018814213573932648
6192.0,0.0,0.025771109387278557
6193.0,0.0,0.014243694953620434
6194.0,0.0,0.025771109387278557
6195.0,0.0,0.06722301989793777
6196.0,0.0,0.07964957505464554
6197.0,0.0,0.05812613666057587
6198.0,0.0,0.01574668474495411
6199.0,0.0,0.0692196860909462
6200.0,0.0,0.017969094216823578
6201.0,0.0,0.01575755886733532
6202.0,1.0,0.8414415121078491
6203.0,0.0,0.023853830993175507
6204.0,0.0,0.016994355246424675
6205.0,0.0,0.4207862913608551
6206.0,0.0,0.025873281061649323
6207.0,0.0,0.001559019205160439
6208.0,0.0,0.017336970195174217
6209.0,0.0,0.003426274750381708
6210.0,0.0,0.025283005088567734
6211.0,0.0,0.06139259412884712
6212.0,0.0,0.01886281929910183
6213.0,0.0,0.0015030310023576021
6214.0,0.0,0.024871468544006348
6215.0,0.0,0.03740875422954559
6216.0,0.0,0.023887183517217636
6217.0,0.0,0.0037015441339462996
6218.0,0.0,0.024017333984375
6219.0,0.0,0.059325143694877625
6220.0,0.0,0.04041016474366188
6221.0,0.0,0.0013140484225004911
6222.0,0.0,0.022451452910900116
6223.0,0.0,0.016097549349069595
6224.0,0.0,0.019073618575930595
6225.0,0.0,0.024555636569857597
6226.0,0.0,0.4392189085483551
6227.0,0.0,0.02179497294127941
6228.0,0.0,0.055439580231904984
6229.0,0.0,0.015556056052446365
6230.0,0.0,0.025771109387278557
6231.0,1.0,0.4445684850215912
6232.0,0.0,0.018340958282351494
6233.0,0.0,0.0330180861055851
6234.0,0.0,0.022847406566143036
6235.0,0.0,0.024717602878808975
6236.0,0.0,0.02632135897874832
6237.0,0.0,0.023887183517217636
6238.0,0.0,0.0012985700741410255
6239.0,0.0,0.02660154178738594
6240.0,0.0,0.02632135897874832
6241.0,0.0,0.024906201288104057
6242.0,1.0,0.4392189085483551
6243.0,0.0,0.02236247807741165
6244.0,0.0,0.027234036475419998
6245.0,0.0,0.032254889607429504
6246.0,0.0,0.04266770929098129
6247.0,0.0,0.017969094216823578
6248.0,0.0,0.017969094216823578
6249.0,0.0,0.025005033239722252
6250.0,0.0,0.02314114384353161
6251.0,0.0,0.026301685720682144
6252.0,0.0,0.0032162871211767197
6253.0,0.0,0.025771109387278557
6254.0,0.0,0.02663862146437168
6255.0,0.0,0.02236247807741165
6256.0,0.0,0.02526475116610527
6257.0,0.0,0.02358420193195343
6258.0,0.0,0.04266770929098129
6259.0,0.0,0.02766358107328415
6260.0,0.0,0.027913730591535568
6261.0,1.0,0.4392189085483551
6262.0,0.0,0.023636609315872192
6263.0,1.0,0.4122503101825714
6264.0,0.0,0.013825992122292519
6265.0,0.0,0.029848946258425713
6266.0,0.0,0.34842145442962646
6267.0,0.0,0.025771109387278557
6268.0,0.0,0.02854803204536438
6269.0,0.0,0.02323314920067787
6270.0,0.0,0.025771109387278557
6271.0,1.0,0.44021958112716675
6272.0,0.0,0.02504478208720684
6273.0,0.0,0.06344211101531982
6274.0,0.0,0.02445853315293789
6275.0,0.0,0.027341853827238083
6276.0,0.0,0.016122156754136086
6277.0,0.0,0.03967888653278351
6278.0,0.0,0.014621013775467873
6279.0,0.0,0.025073513388633728
6280.0,0.0,0.4532330334186554
6281.0,0.0,0.021114924922585487
6282.0,0.0,0.029399484395980835
6283.0,0.0,0.43026041984558105
6284.0,0.0,0.01678997464478016
6285.0,0.0,0.05708349123597145
6286.0,0.0,0.003526357701048255
6287.0,0.0,0.025771109387278557
6288.0,0.0,0.025771109387278557
6289.0,0.0,0.0014202744932845235
6290.0,0.0,0.025229530408978462
6291.0,0.0,0.016435613855719566
6292.0,0.0,0.33927401900291443
6293.0,0.0,0.0185039434581995
6294.0,0.0,0.0015030310023576021
6295.0,0.0,0.024906201288104057
6296.0,0.0,0.02358420193195343
6297.0,0.0,0.030346466228365898
6298.0,0.0,0.0013895576121285558
6299.0,0.0,0.02426704578101635
6300.0,0.0,0.051926273852586746
6301.0,0.0,0.024906201288104057
6302.0,0.0,0.4632141888141632
6303.0,0.0,0.025771109387278557
6304.0,0.0,0.026301685720682144
6305.0,0.0,0.0013694989029318094
6306.0,0.0,0.0012741065584123135
6307.0,0.0,0.06454703211784363
6308.0,0.0,0.025771109387278557
6309.0,0.0,0.024906201288104057
6310.0,0.0,0.04283391684293747
6311.0,0.0,0.06006842106580734
6312.0,0.0,0.05795514956116676
6313.0,0.0,0.003364135045558214
6314.0,1.0,0.43061134219169617
6315.0,0.0,0.024871468544006348
6316.0,0.0,0.0014473431510850787
6317.0,0.0,0.02440434880554676
6318.0,0.0,0.02358420193195343
6319.0,0.0,0.4717468023300171
6320.0,0.0,0.026141773909330368
6321.0,0.0,0.023096319288015366
6322.0,0.0,0.017969094216823578
6323.0,0.0,0.026425663381814957
6324.0,0.0,0.02544485405087471
6325.0,0.0,0.0009067251230590045
6326.0,0.0,0.056397695094347
6327.0,0.0,0.0008444725535809994
6328.0,0.0,0.0015030310023576021
6329.0,0.0,0.024906201288104057
6330.0,0.0,0.025771109387278557
6331.0,0.0,0.027341853827238083
6332.0,0.0,0.015107985585927963
6333.0,0.0,0.0034005448687821627
6334.0,0.0,0.017378058284521103
6335.0,0.0,0.023474901914596558
6336.0,0.0,0.041420742869377136
6337.0,0.0,0.024906201288104057
6338.0,0.0,0.01722889207303524
6339.0,0.0,0.3513956665992737
6340.0,0.0,0.0016403414774686098
6341.0,0.0,0.017969094216823578
6342.0,0.0,0.009604624472558498
6343.0,0.0,0.056397695094347
6344.0,0.0,0.015878908336162567
6345.0,0.0,0.024906201288104057
6346.0,0.0,0.0014202744932845235
6347.0,0.0,0.46804577112197876
6348.0,0.0,0.02398207224905491
6349.0,0.0,0.025873281061649323
6350.0,0.0,0.05708349123597145
6351.0,0.0,0.025771109387278557
6352.0,0.0,0.02445853315293789
6353.0,0.0,0.02632135897874832
6354.0,0.0,0.00331284012645483
6355.0,0.0,0.02236247807741165
6356.0,0.0,0.015878908336162567
6357.0,0.0,0.04225589707493782
6358.0,0.0,0.03838136047124863
6359.0,0.0,0.015223466791212559
6360.0,1.0,0.01565380021929741
6361.0,0.0,0.027001334354281425
6362.0,0.0,0.03513512387871742
6363.0,0.0,0.024944746866822243
6364.0,0.0,0.015878908336162567
6365.0,0.0,0.024223828688263893
6366.0,0.0,0.02544485405087471
6367.0,0.0,0.025005033239722252
6368.0,0.0,0.02814936637878418
6369.0,0.0,0.05795514956116676
6370.0,0.0,0.058099646121263504
6371.0,0.0,0.017739813774824142
6372.0,0.0,0.06375277787446976
6373.0,0.0,0.024231432005763054
6374.0,0.0,0.016121400520205498
6375.0,0.0,0.025229530408978462
6376.0,0.0,0.02814936637878418
6377.0,0.0,0.0012555853463709354
6378.0,0.0,0.0014898506924510002
6379.0,0.0,0.025771109387278557
6380.0,0.0,0.05708349123597145
6381.0,0.0,0.025903895497322083
6382.0,0.0,0.024717602878808975
6383.0,0.0,0.018215972930192947
6384.0,0.0,0.02236247807741165
6385.0,0.0,0.027341853827238083
6386.0,0.0,0.02526475116610527
6387.0,0.0,0.017720025032758713
6388.0,0.0,0.025771109387278557
6389.0,0.0,0.0014075487852096558
6390.0,0.0,0.024717602878808975
6391.0,0.0,0.027341853827238083
6392.0,0.0,0.018040908500552177
6393.0,0.0,0.025913292542099953
6394.0,0.0,0.0014075487852096558
6395.0,0.0,0.023636609315872192
6396.0,1.0,0.02995872125029564
6397.0,0.0,0.05520085245370865
6398.0,0.0,0.024871468544006348
6399.0,0.0,0.014743927866220474
6400.0,0.0,0.0014693202683702111
6401.0,0.0,0.027234036475419998
6402.0,0.0,0.02445853315293789
6403.0,0.0,0.03442389518022537
6404.0,0.0,0.03896172344684601
6405.0,0.0,0.017969094216823578
6406.0,0.0,0.023579120635986328
6407.0,0.0,0.016661789268255234
6408.0,0.0,0.0008195864502340555
6409.0,0.0,0.025005033239722252
6410.0,0.0,0.024556316435337067
6411.0,0.0,0.014743927866220474
6412.0,0.0,0.025651903823018074
6413.0,0.0,0.010400586761534214
6414.0,0.0,0.016435613855719566
6415.0,1.0,0.9787936210632324
6416.0,0.0,0.025283005088567734
6417.0,0.0,0.023616880178451538
6418.0,0.0,0.01899777166545391
6419.0,0.0,0.025771109387278557
6420.0,0.0,0.024871468544006348
6421.0,0.0,0.003708237549290061
6422.0,0.0,0.02395937219262123
6423.0,0.0,0.025229530408978462
6424.0,0.0,0.03749186545610428
6425.0,0.0,0.43061134219169617
6426.0,0.0,0.0014018514193594456
6427.0,0.0,0.029283806681632996
6428.0,0.0,0.015803491696715355
6429.0,0.0,0.02412227913737297
6430.0,0.0,0.0013140484225004911
6431.0,0.0,0.4392189085483551
6432.0,0.0,0.014255979098379612
6433.0,0.0,0.028978295624256134
6434.0,0.0,0.4012787342071533
6435.0,0.0,0.015413998626172543
6436.0,0.0,0.06344211101531982
6437.0,0.0,0.023888908326625824
6438.0,0.0,0.0013193896738812327
6439.0,0.0,0.038059405982494354
6440.0,0.0,0.027001334354281425
6441.0,0.0,0.024906201288104057
6442.0,0.0,0.039494942873716354
6443.0,0.0,0.4616709053516388
6444.0,0.0,0.027234036475419998
6445.0,0.0,0.0014459739904850721
6446.0,0.0,0.026301685720682144
6447.0,0.0,0.04614757001399994
6448.0,0.0,0.02236247807741165
6449.0,0.0,0.02317703142762184
6450.0,0.0,0.025771109387278557
6451.0,0.0,0.02440434880554676
6452.0,1.0,0.4392189085483551
6453.0,0.0,0.015116751194000244
6454.0,0.0,0.024906201288104057
6455.0,0.0,0.03634200617671013
6456.0,0.0,0.0013121713418513536
6457.0,0.0,0.02314114384353161
6458.0,0.0,0.02314114384353161
6459.0,0.0,0.02207839861512184
6460.0,0.0,0.0013235259102657437
6461.0,0.0,0.025245940312743187
6462.0,0.0,0.02663862146437168
6463.0,0.0,0.027234036475419998
6464.0,0.0,0.016122156754136086
6465.0,0.0,0.015444842167198658
6466.0,1.0,0.017115604132413864
6467.0,1.0,0.4392189085483551
6468.0,0.0,0.05812613666057587
6469.0,0.0,0.01646127924323082
6470.0,0.0,0.0597548745572567
6471.0,0.0,0.0014202744932845235
6472.0,0.0,0.02526475116610527
6473.0,0.0,0.0033562947064638138
6474.0,0.0,0.026744144037365913
6475.0,0.0,0.05814175680279732
6476.0,0.0,0.026122327893972397
6477.0,0.0,0.06639550626277924
6478.0,0.0,0.4750063121318817
6479.0,0.0,0.025771109387278557
6480.0,0.0,0.023453351110219955
6481.0,0.0,0.026122327893972397
6482.0,0.0,0.027234036475419998
6483.0,0.0,0.039093051105737686
6484.0,0.0,0.41393017768859863
6485.0,0.0,0.025771109387278557
6486.0,0.0,0.024717602878808975
6487.0,0.0,0.02355126105248928
6488.0,0.0,0.022166267037391663
6489.0,0.0,0.016766361892223358
6490.0,0.0,0.02317703142762184
6491.0,0.0,0.01404144149273634
6492.0,0.0,0.02709795907139778
6493.0,0.0,0.01678997464478016
6494.0,0.0,0.025005033239722252
6495.0,0.0,0.0014202744932845235
6496.0,0.0,0.029021726921200752
6497.0,0.0,0.0246882326900959
6498.0,0.0,0.0014412200544029474
6499.0,1.0,0.4169633090496063
6500.0,0.0,0.018215972930192947
6501.0,1.0,0.4907330572605133
6502.0,0.0,0.02663862146437168
6503.0,0.0,0.025873281061649323
6504.0,0.0,0.4476095139980316
6505.0,0.0,0.017739813774824142
6506.0,0.0,0.016121400520205498
6507.0,0.0,0.0008375438628718257
6508.0,0.0,0.02445853315293789
6509.0,0.0,0.0013555700425058603
6510.0,0.0,0.01722889207303524
6511.0,0.0,0.038782041519880295
6512.0,0.0,0.015856554731726646
6513.0,1.0,0.4158072769641876
6514.0,0.0,0.01899777166545391
6515.0,0.0,0.025771109387278557
6516.0,0.0,0.0013694989029318094
6517.0,0.0,0.02544485405087471
6518.0,0.0,0.024906201288104057
6519.0,0.0,0.015878908336162567
6520.0,0.0,0.026425663381814957
6521.0,0.0,0.024871468544006348
6522.0,0.0,0.025873281061649323
6523.0,0.0,0.003196687437593937
6524.0,0.0,0.0013808943331241608
6525.0,0.0,0.016688881441950798
6526.0,0.0,0.017378058284521103
6527.0,0.0,0.013825992122292519
6528.0,0.0,0.02632135897874832
6529.0,1.0,0.4739935100078583
6530.0,0.0,0.02314114384353161
6531.0,0.0,0.02632135897874832
6532.0,0.0,0.025043737143278122
6533.0,0.0,0.0031837711576372385
6534.0,0.0,0.4360010325908661
6535.0,0.0,0.02445853315293789
6536.0,0.0,0.06344211101531982
6537.0,0.0,0.02207839861512184
6538.0,0.0,0.023780781775712967
6539.0,0.0,0.02314114384353161
6540.0,0.0,0.014891373924911022
6541.0,0.0,0.0017288743983954191
6542.0,0.0,0.025771109387278557
6543.0,0.0,0.04390483722090721
6544.0,0.0,0.017693044617772102
6545.0,1.0,0.02544485405087471
6546.0,0.0,0.017474841326475143
6547.0,0.0,0.025873281061649323
6548.0,0.0,0.023922305554151535
6549.0,0.0,0.05522727221250534
6550.0,0.0,0.024906201288104057
6551.0,0.0,0.025771109387278557
6552.0,0.0,0.023922305554151535
6553.0,0.0,0.030270930379629135
6554.0,0.0,0.024556316435337067
6555.0,0.0,0.039624374359846115
6556.0,0.0,0.003700119908899069
6557.0,0.0,0.0013694989029318094
6558.0,0.0,0.02445853315293789
6559.0,0.0,0.024871468544006348
6560.0,0.0,0.05807369947433472
6561.0,0.0,0.050926804542541504
6562.0,1.0,0.33876457810401917
6563.0,0.0,0.025550583377480507
6564.0,0.0,0.024906201288104057
6565.0,0.0,0.024717602878808975
6566.0,0.0,0.025771109387278557
6567.0,0.0,0.023887183517217636
6568.0,0.0,0.003753985045477748
6569.0,0.0,0.03794029727578163
6570.0,0.0,0.0036289540585130453
6571.0,0.0,0.03574252501130104
6572.0,0.0,0.013825992122292519
6573.0,0.0,0.023409923538565636
6574.0,0.0,0.02236247807741165
6575.0,0.0,0.023710720241069794
6576.0,0.0,0.017546838149428368
6577.0,0.0,0.025771109387278557
6578.0,0.0,0.02440434880554676
6579.0,0.0,0.024017333984375
6580.0,0.0,0.028332654386758804
6581.0,0.0,0.02360360138118267
6582.0,0.0,0.017969094216823578
6583.0,0.0,0.03683403134346008
6584.0,0.0,0.016121400520205498
6585.0,1.0,0.06302212178707123
6586.0,0.0,0.024871468544006348
6587.0,0.0,0.01704694889485836
6588.0,1.0,0.022685261443257332
6589.0,0.0,0.015878908336162567
6590.0,0.0,0.0013663552235811949
6591.0,0.0,0.022331207990646362
6592.0,0.0,0.025771109387278557
6593.0,0.0,0.01840336248278618
6594.0,0.0,0.02440434880554676
6595.0,0.0,0.010245205834507942
6596.0,0.0,0.022847406566143036
6597.0,0.0,0.027341853827238083
6598.0,0.0,0.015675872564315796
6599.0,0.0,0.0033106503542512655
6600.0,0.0,0.04536348581314087
6601.0,0.0,0.015413998626172543
6602.0,0.0,0.039073653519153595
6603.0,0.0,0.01575755886733532
6604.0,0.0,0.022847406566143036
6605.0,0.0,0.34169960021972656
6606.0,0.0,0.024590618908405304
6607.0,0.0,0.06512225419282913
6608.0,0.0,0.025651903823018074
6609.0,0.0,0.024871468544006348
6610.0,0.0,0.024906201288104057
6611.0,0.0,0.05126940459012985
6612.0,0.0,0.024906201288104057
6613.0,0.0,0.4616709053516388
6614.0,0.0,0.0219366904348135
6615.0,0.0,0.015590906143188477
6616.0,0.0,0.027001334354281425
6617.0,0.0,0.01704694889485836
6618.0,0.0,0.016435613855719566
6619.0,0.0,0.015856554731726646
6620.0,0.0,0.02544485405087471
6621.0,0.0,0.026122327893972397
6622.0,0.0,0.02544485405087471
6623.0,0.0,0.0034053996205329895
6624.0,0.0,0.04309716820716858
6625.0,0.0,0.0012720894301310182
6626.0,0.0,0.03619776666164398
6627.0,0.0,0.024871468544006348
6628.0,0.0,0.06175331398844719
6629.0,0.0,0.016225576400756836
6630.0,0.0,0.027913730591535568
6631.0,0.0,0.0034053996205329895
6632.0,1.0,0.025005033239722252
6633.0,0.0,0.02314114384353161
6634.0,0.0,0.016661789268255234
6635.0,0.0,0.02236247807741165
6636.0,0.0,0.010565029457211494
6637.0,0.0,0.017739813774824142
6638.0,0.0,0.0012266056146472692
6639.0,0.0,0.017378058284521103
6640.0,0.0,0.0014693202683702111
6641.0,0.0,0.001302272197790444
6642.0,0.0,0.017528533935546875
6643.0,0.0,0.0014401210937649012
6644.0,0.0,0.017969094216823578
6645.0,0.0,0.022881310433149338
6646.0,0.0,0.024906201288104057
6647.0,0.0,0.02628469653427601
6648.0,0.0,0.02663862146437168
6649.0,0.0,0.017969094216823578
6650.0,0.0,0.022331207990646362
6651.0,0.0,0.026265054941177368
6652.0,0.0,0.02207839861512184
6653.0,0.0,0.0013906233943998814
6654.0,1.0,0.44021958112716675
6655.0,0.0,0.016435613855719566
6656.0,0.0,0.025873281061649323
6657.0,0.0,0.015223466791212559
6658.0,0.0,0.0014693202683702111
6659.0,0.0,0.025771109387278557
6660.0,0.0,0.013648834079504013
6661.0,0.0,0.0012266056146472692
6662.0,0.0,0.3513956665992737
6663.0,0.0,0.026122327893972397
6664.0,0.0,0.0631110668182373
6665.0,0.0,0.025771109387278557
6666.0,0.0,0.025873281061649323
6667.0,0.0,0.02236247807741165
6668.0,0.0,0.018040908500552177
6669.0,0.0,0.02236247807741165
6670.0,0.0,0.43026041984558105
6671.0,0.0,0.05998348444700241
6672.0,0.0,0.025043737143278122
6673.0,0.0,0.06715065240859985
6674.0,0.0,0.017969094216823578
6675.0,0.0,0.027234036475419998
6676.0,0.0,0.027234036475419998
6677.0,0.0,0.027234036475419998
6678.0,0.0,0.022420059889554977
6679.0,0.0,0.4512373208999634
6680.0,0.0,0.016994355246424675
6681.0,0.0,0.027234036475419998
6682.0,0.0,0.023677917197346687
6683.0,0.0,0.05795514956116676
6684.0,0.0,0.0014412200544029474
6685.0,0.0,0.023887183517217636
6686.0,0.0,0.036027662456035614
6687.0,0.0,0.02061801590025425
6688.0,0.0,0.012475773692131042
6689.0,0.0,0.023420259356498718
6690.0,0.0,0.027234036475419998
6691.0,0.0,0.015553967095911503
6692.0,0.0,0.05708349123597145
6693.0,0.0,0.0013770321384072304
6694.0,0.0,0.02070019766688347
6695.0,0.0,0.015675872564315796
6696.0,0.0,0.01678997464478016
6697.0,0.0,0.015856554731726646
6698.0,0.0,0.014743927866220474
6699.0,0.0,0.023616880178451538
6700.0,0.0,0.024906201288104057
6701.0,0.0,0.024906201288104057
6702.0,0.0,0.022938264533877373
6703.0,0.0,0.04114246368408203
6704.0,0.0,0.014777462929487228
6705.0,0.0,0.01521681435406208
6706.0,0.0,0.022685261443257332
6707.0,0.0,0.014743927866220474
6708.0,0.0,0.001317504676990211
6709.0,0.0,0.0015030310023576021
6710.0,0.0,0.0012937381397932768
6711.0,0.0,0.02628469653427601
6712.0,0.0,0.01450540591031313
6713.0,0.0,0.016435613855719566
6714.0,0.0,0.026425663381814957
6715.0,0.0,0.02814936637878418
6716.0,0.0,0.06139259412884712
6717.0,0.0,0.026301685720682144
6718.0,0.0,0.025550583377480507
6719.0,0.0,0.01086955051869154
6720.0,0.0,0.0031331481877714396
6721.0,0.0,0.010729867033660412
6722.0,0.0,0.024871468544006348
6723.0,0.0,0.014891373924911022
6724.0,0.0,0.0013714581727981567
6725.0,0.0,0.017008891329169273
6726.0,0.0,0.06175331398844719
6727.0,0.0,0.022685261443257332
6728.0,0.0,0.05935477837920189
6729.0,0.0,0.016352578997612
6730.0,0.0,0.025771109387278557
6731.0,1.0,0.9783385992050171
6732.0,0.0,0.025005033239722252
6733.0,0.0,0.02632135897874832
6734.0,0.0,0.025545770302414894
6735.0,0.0,0.4205121099948883
6736.0,0.0,0.058183833956718445
6737.0,0.0,0.02358420193195343
6738.0,0.0,0.025005033239722252
6739.0,0.0,0.01722889207303524
6740.0,0.0,0.024871468544006348
6741.0,0.0,0.022420059889554977
6742.0,0.0,0.023636609315872192
6743.0,0.0,0.023887183517217636
6744.0,0.0,0.03950551897287369
6745.0,0.0,0.36442863941192627
6746.0,0.0,0.027341853827238083
6747.0,0.0,0.01899777166545391
6748.0,0.0,0.04041016474366188
6749.0,0.0,0.02207839861512184
6750.0,0.0,0.017969094216823578
6751.0,0.0,0.015202022157609463
6752.0,0.0,0.023474901914596558
6753.0,0.0,0.01081225648522377
6754.0,0.0,0.02236247807741165
6755.0,0.0,0.05623804032802582
6756.0,0.0,0.4370000660419464
6757.0,0.0,0.025771109387278557
6758.0,0.0,0.0013608243316411972
6759.0,0.0,0.0015549295349046588
6760.0,0.0,0.023697391152381897
6761.0,0.0,0.016122156754136086
6762.0,0.0,0.027234036475419998
6763.0,0.0,0.024906201288104057
6764.0,0.0,0.020588170737028122
6765.0,0.0,0.013825992122292519
6766.0,0.0,0.01704694889485836
6767.0,0.0,0.025771109387278557
6768.0,0.0,0.016964009031653404
6769.0,0.0,0.026141773909330368
6770.0,0.0,0.023887183517217636
6771.0,0.0,0.02236247807741165
6772.0,0.0,0.02398207224905491
6773.0,0.0,0.02660154178738594
6774.0,0.0,0.025005033239722252
6775.0,0.0,0.057245396077632904
6776.0,0.0,0.03969156742095947
6777.0,0.0,0.022166267037391663
6778.0,0.0,0.016853002831339836
6779.0,0.0,0.015590906143188477
6780.0,0.0,0.014243694953620434
6781.0,0.0,0.02061801590025425
6782.0,0.0,0.029535578563809395
6783.0,0.0,0.0401860848069191
6784.0,1.0,0.9963020086288452
6785.0,0.0,0.016225576400756836
6786.0,0.0,0.02544485405087471
6787.0,0.0,0.023853830993175507
6788.0,0.0,0.025771109387278557
6789.0,0.0,0.029652222990989685
6790.0,0.0,0.02526475116610527
6791.0,0.0,0.03859657794237137
6792.0,0.0,0.02236247807741165
6793.0,0.0,0.01574668474495411
6794.0,0.0,0.024717602878808975
6795.0,0.0,0.03001137636601925
6796.0,0.0,0.06344211101531982
6797.0,0.0,0.01722889207303524
6798.0,0.0,0.023887183517217636
6799.0,0.0,0.04161853343248367
6800.0,0.0,0.016994355246424675
6801.0,0.0,0.014870388433337212
6802.0,0.0,0.018421942368149757
6803.0,1.0,0.42740845680236816
6804.0,0.0,0.011426706798374653
6805.0,0.0,0.015878908336162567
6806.0,0.0,0.03669736534357071
6807.0,0.0,0.02814936637878418
6808.0,0.0,0.010836593806743622
6809.0,0.0,0.017992932349443436
6810.0,0.0,0.025771109387278557
6811.0,0.0,0.016994355246424675
6812.0,0.0,0.010159410536289215
6813.0,0.0,0.025545770302414894
6814.0,0.0,0.02465379238128662
6815.0,0.0,0.013356479816138744
6816.0,0.0,0.03190137818455696
6817.0,0.0,0.0013431700645014644
6818.0,0.0,0.039906181395053864
6819.0,0.0,0.058760810643434525
6820.0,0.0,0.02314114384353161
6821.0,0.0,0.025005033239722252
6822.0,0.0,0.01608697883784771
6823.0,0.0,0.06390366703271866
6824.0,0.0,0.0014401210937649012
6825.0,0.0,0.024871468544006348
6826.0,0.0,0.025810956954956055
6827.0,0.0,0.02398207224905491
6828.0,0.0,0.014891373924911022
6829.0,0.0,0.0014202744932845235
6830.0,0.0,0.02445853315293789
6831.0,0.0,0.013825992122292519
6832.0,0.0,0.11786992847919464
6833.0,0.0,0.039701562374830246
6834.0,0.0,0.0232691653072834
6835.0,0.0,0.015638090670108795
6836.0,0.0,0.003513687988743186
6837.0,0.0,0.0013140484225004911
6838.0,0.0,0.024906201288104057
6839.0,0.0,0.03958925977349281
6840.0,0.0,0.06752627342939377
6841.0,0.0,0.017810726538300514
6842.0,0.0,0.023887183517217636
6843.0,0.0,0.027234036475419998
6844.0,0.0,0.03922644257545471
6845.0,0.0,0.016766361892223358
6846.0,0.0,0.01899777166545391
6847.0,0.0,0.029535578563809395
6848.0,0.0,0.025873281061649323
6849.0,0.0,0.022331207990646362
6850.0,0.0,0.01506237406283617
6851.0,0.0,0.024717602878808975
6852.0,0.0,0.016225576400756836
6853.0,0.0,0.025771109387278557
6854.0,0.0,0.025873281061649323
6855.0,0.0,0.025245940312743187
6856.0,0.0,0.0014260467141866684
6857.0,0.0,0.0033322018571197987
6858.0,1.0,0.06021404266357422
6859.0,0.0,0.025245940312743187
6860.0,0.0,0.023948587477207184
6861.0,0.0,0.05916696786880493
6862.0,0.0,0.025771109387278557
6863.0,0.0,0.027234036475419998
6864.0,0.0,0.03752155229449272
6865.0,0.0,0.0013808943331241608
6866.0,0.0,0.025771109387278557
6867.0,0.0,0.02555767446756363
6868.0,0.0,0.3513956665992737
6869.0,0.0,0.024017333984375
6870.0,0.0,0.027234036475419998
6871.0,0.0,0.0012908532517030835
6872.0,0.0,0.023287249729037285
6873.0,0.0,0.025771109387278557
6874.0,0.0,0.02663862146437168
6875.0,0.0,0.023887183517217636
6876.0,0.0,0.037017326802015305
6877.0,0.0,0.017378058284521103
6878.0,0.0,0.05764511972665787
6879.0,0.0,0.025550583377480507
6880.0,0.0,0.03522440418601036
6881.0,0.0,0.027234036475419998
6882.0,0.0,0.023721186444163322
6883.0,1.0,0.018215972930192947
6884.0,0.0,0.018288765102624893
6885.0,0.0,0.016225576400756836
6886.0,0.0,0.025771109387278557
6887.0,0.0,0.06375277787446976
6888.0,0.0,0.025771109387278557
6889.0,0.0,0.014588294550776482
6890.0,0.0,0.016122156754136086
6891.0,0.0,0.025073513388633728
6892.0,0.0,0.02663862146437168
6893.0,0.0,0.025771109387278557
6894.0,0.0,0.02968045324087143
6895.0,0.0,0.05795514956116676
6896.0,0.0,0.024590618908405304
6897.0,1.0,0.42740845680236816
6898.0,0.0,0.01704694889485836
6899.0,0.0,0.02632135897874832
6900.0,0.0,0.014223608188331127
6901.0,0.0,0.037357721477746964
6902.0,0.0,0.023922305554151535
6903.0,0.0,0.0014202744932845235
6904.0,0.0,0.02207839861512184
6905.0,0.0,0.02465379238128662
6906.0,0.0,0.0031891600228846073
6907.0,0.0,0.0013714581727981567
6908.0,0.0,0.023096319288015366
6909.0,0.0,0.024906201288104057
6910.0,0.0,0.01899777166545391
6911.0,0.0,0.025771109387278557
6912.0,0.0,0.05628763884305954
6913.0,0.0,0.02814936637878418
6914.0,0.0,0.025771109387278557
6915.0,0.0,0.025771109387278557
6916.0,0.0,0.039073653519153595
6917.0,0.0,0.02360360138118267
6918.0,0.0,0.024871468544006348
6919.0,0.0,0.015280703082680702
6920.0,0.0,0.3653699457645416
6921.0,0.0,0.025283005088567734
6922.0,0.0,0.02544485405087471
6923.0,0.0,0.026301685720682144
6924.0,0.0,0.02314114384353161
6925.0,0.0,0.02314114384353161
6926.0,0.0,0.05916696786880493
6927.0,0.0,0.025771109387278557
6928.0,0.0,0.025873281061649323
6929.0,0.0,0.035082001239061356
6930.0,0.0,0.027205243706703186
6931.0,0.0,0.025550583377480507
6932.0,0.0,0.027234036475419998
6933.0,0.0,0.04354483634233475
6934.0,0.0,0.038059405982494354
6935.0,0.0,0.028508367016911507
6936.0,0.0,0.025005033239722252
6937.0,0.0,0.024590618908405304
6938.0,0.0,0.011426706798374653
6939.0,0.0,0.015878908336162567
6940.0,0.0,0.024555636569857597
6941.0,0.0,0.024906201288104057
6942.0,0.0,0.4215022325515747
6943.0,0.0,0.03740875422954559
6944.0,0.0,0.027021421119570732
6945.0,0.0,0.05604023113846779
6946.0,0.0,0.014743927866220474
6947.0,0.0,0.060269471257925034
6948.0,0.0,0.05834890156984329
6949.0,0.0,0.025873281061649323
6950.0,0.0,0.025771109387278557
6951.0,0.0,0.014743927866220474
6952.0,0.0,0.056600261479616165
6953.0,0.0,0.02544485405087471
6954.0,0.0,0.024906201288104057
6955.0,0.0,0.024906201288104057
6956.0,0.0,0.01722889207303524
6957.0,0.0,0.022847406566143036
6958.0,0.0,0.023924192413687706
6959.0,0.0,0.05522727221250534
6960.0,0.0,0.02663862146437168
6961.0,0.0,0.02544485405087471
6962.0,0.0,0.025771109387278557
6963.0,0.0,0.003518701996654272
6964.0,0.0,0.02174413576722145
6965.0,0.0,0.027234036475419998
6966.0,0.0,0.02663862146437168
6967.0,0.0,0.01697045937180519
6968.0,0.0,0.4338580071926117
6969.0,0.0,0.02314114384353161
6970.0,0.0,0.02544485405087471
6971.0,0.0,0.016435613855719566
6972.0,0.0,0.025771109387278557
6973.0,0.0,0.025282183662056923
6974.0,0.0,0.02632135897874832
6975.0,0.0,0.028895776718854904
6976.0,0.0,0.0013714581727981567
6977.0,0.0,0.023780781775712967
6978.0,0.0,0.014700775034725666
6979.0,1.0,0.977295458316803
6980.0,0.0,0.025873281061649323
6981.0,0.0,0.017336970195174217
6982.0,0.0,0.018215972930192947
6983.0,0.0,0.02624538727104664
6984.0,0.0,0.06139259412884712
6985.0,0.0,0.0013431700645014644
6986.0,0.0,0.014276108704507351
6987.0,0.0,0.025771109387278557
6988.0,0.0,0.0013462231727316976
6989.0,0.0,0.05983950197696686
6990.0,0.0,0.015223466791212559
6991.0,0.0,0.01722889207303524
6992.0,1.0,0.4739935100078583
6993.0,0.0,0.025771109387278557
6994.0,0.0,0.017305202782154083
6995.0,0.0,0.03485993668437004
6996.0,0.0,0.025771109387278557
6997.0,0.0,0.028332654386758804
6998.0,0.0,0.024871746078133583
6999.0,0.0,0.016994355246424675
7000.0,0.0,0.02314114384353161
7001.0,0.0,0.024590618908405304
7002.0,0.0,0.024717602878808975
7003.0,0.0,0.016994355246424675
7004.0,0.0,0.016122156754136086
7005.0,0.0,0.36442863941192627
7006.0,0.0,0.02207839861512184
7007.0,0.0,0.02314114384353161
7008.0,0.0,0.02314114384353161
7009.0,0.0,0.028978295624256134
7010.0,0.0,0.026032596826553345
7011.0,0.0,0.026301685720682144
7012.0,0.0,0.024590618908405304
7013.0,0.0,0.05821302905678749
7014.0,0.0,0.025771109387278557
7015.0,0.0,0.01506237406283617
7016.0,0.0,0.02207839861512184
7017.0,0.0,0.0014075487852096558
7018.0,0.0,0.0015030310023576021
7019.0,1.0,0.4047689437866211
7020.0,0.0,0.0013714581727981567
7021.0,0.0,0.02445853315293789
7022.0,0.0,0.016674311831593513
7023.0,0.0,0.04309716820716858
7024.0,0.0,0.024906201288104057
7025.0,0.0,0.024906201288104057
7026.0,0.0,0.014276108704507351
7027.0,0.0,0.024871468544006348
7028.0,0.0,0.025550583377480507
7029.0,0.0,0.02314114384353161
7030.0,0.0,0.0014752917923033237
7031.0,0.0,0.024717602878808975
7032.0,1.0,0.01722889207303524
7033.0,0.0,0.01635933853685856
7034.0,0.0,0.0012283599935472012
7035.0,0.0,0.42740845680236816
7036.0,0.0,0.017378058284521103
7037.0,0.0,0.016622358933091164
7038.0,0.0,0.02544485405087471
7039.0,0.0,0.024590618908405304
7040.0,0.0,0.017378058284521103
7041.0,0.0,0.01899777166545391
7042.0,0.0,0.02663862146437168
7043.0,0.0,0.024906201288104057
7044.0,0.0,0.023922305554151535
7045.0,0.0,0.017378058284521103
7046.0,0.0,0.003603046527132392
7047.0,0.0,0.015878908336162567
7048.0,0.0,0.025043737143278122
7049.0,0.0,0.003526357701048255
7050.0,0.0,0.016122156754136086
7051.0,0.0,0.024906201288104057
7052.0,0.0,0.03838136047124863
7053.0,1.0,0.9282506704330444
7054.0,0.0,0.022331207990646362
7055.0,0.0,0.023710720241069794
7056.0,0.0,0.027234036475419998
7057.0,0.0,0.022938264533877373
7058.0,0.0,0.025593344122171402
7059.0,1.0,0.05522727221250534
7060.0,0.0,0.0273841954767704
7061.0,0.0,0.014700775034725666
7062.0,0.0,0.024906201288104057
7063.0,0.0,0.0013486293610185385
7064.0,0.0,0.02854803204536438
7065.0,0.0,0.02481570467352867
7066.0,0.0,0.024590618908405304
7067.0,0.0,0.0014018514193594456
7068.0,0.0,0.05522727221250534
7069.0,0.0,0.060100309550762177
7070.0,0.0,0.01646127924323082
7071.0,0.0,0.02236247807741165
7072.0,0.0,0.029535578563809395
7073.0,0.0,0.015878908336162567
7074.0,0.0,0.014743927866220474
7075.0,0.0,0.025771109387278557
7076.0,0.0,0.015878908336162567
7077.0,0.0,0.022685261443257332
7078.0,0.0,0.025771109387278557
7079.0,0.0,0.024123454466462135
7080.0,0.0,0.01158476434648037
7081.0,0.0,0.0246882326900959
7082.0,1.0,0.02398207224905491
7083.0,0.0,0.0012772607151418924
7084.0,0.0,0.022047515958547592
7085.0,0.0,0.0013714581727981567
7086.0,0.0,0.024717602878808975
7087.0,0.0,0.017739813774824142
7088.0,0.0,0.02314114384353161
7089.0,0.0,0.0182296484708786
7090.0,0.0,0.016421860083937645
7091.0,0.0,0.014958435669541359
7092.0,0.0,0.0015030310023576021
7093.0,0.0,0.03634200617671013
7094.0,0.0,0.022331207990646362
7095.0,0.0,0.02236247807741165
7096.0,0.0,0.020962970331311226
7097.0,0.0,0.0012720894301310182
7098.0,0.0,0.015355028212070465
7099.0,0.0,0.022847406566143036
7100.0,0.0,0.023887183517217636
7101.0,1.0,0.32991132140159607
7102.0,0.0,0.054758843034505844
7103.0,0.0,0.001317504676990211
7104.0,0.0,0.058099646121263504
7105.0,0.0,0.03012186661362648
7106.0,0.0,0.025771109387278557
7107.0,0.0,0.02814936637878418
7108.0,0.0,0.002209168393164873
7109.0,0.0,0.05522727221250534
7110.0,0.0,0.025873281061649323
7111.0,0.0,0.024906201288104057
7112.0,0.0,0.03749186545610428
7113.0,0.0,0.02803678810596466
7114.0,0.0,0.023568198084831238
7115.0,0.0,0.05042432248592377
7116.0,0.0,0.014243694953620434
7117.0,0.0,0.024590618908405304
7118.0,0.0,0.025245940312743187
7119.0,0.0,0.016435613855719566
7120.0,0.0,0.024906201288104057
7121.0,0.0,0.023853830993175507
7122.0,0.0,0.06923460215330124
7123.0,0.0,0.024906201288104057
7124.0,0.0,0.015938570722937584
7125.0,0.0,0.0035136863589286804
7126.0,0.0,0.020649025216698647
7127.0,0.0,0.027341853827238083
7128.0,1.0,0.05826232582330704
7129.0,0.0,0.040762387216091156
7130.0,0.0,0.02641528844833374
7131.0,0.0,0.024717602878808975
7132.0,0.0,0.0013140484225004911
7133.0,0.0,0.025771109387278557
7134.0,0.0,0.02826070226728916
7135.0,0.0,0.025771109387278557
7136.0,0.0,0.027341853827238083
7137.0,0.0,0.0014513740316033363
7138.0,0.0,0.0012772607151418924
7139.0,0.0,0.022331207990646362
7140.0,0.0,0.058760810643434525
7141.0,0.0,0.05515262857079506
7142.0,0.0,0.058941278606653214
7143.0,0.0,0.015413998626172543
7144.0,0.0,0.010159410536289215
7145.0,0.0,0.025005033239722252
7146.0,1.0,0.024590618908405304
7147.0,0.0,0.4532330334186554
7148.0,0.0,0.06437723338603973
7149.0,0.0,0.02314114384353161
7150.0,0.0,0.015280703082680702
7151.0,0.0,0.0013906233943998814
7152.0,0.0,0.0013714581727981567
7153.0,0.0,0.026425663381814957
7154.0,0.0,0.024717602878808975
7155.0,0.0,0.017969094216823578
7156.0,0.0,0.016435613855719566
7157.0,0.0,0.017969094216823578
7158.0,0.0,0.05730250105261803
7159.0,0.0,0.02536497637629509
7160.0,0.0,0.06715065240859985
7161.0,0.0,0.024906201288104057
7162.0,0.0,0.41815587878227234
7163.0,0.0,0.02632135897874832
7164.0,0.0,0.025771109387278557
7165.0,1.0,0.02544485405087471
7166.0,0.0,0.025873281061649323
7167.0,0.0,0.05522727221250534
7168.0,0.0,0.02035563439130783
7169.0,1.0,0.4392189085483551
7170.0,0.0,0.025771109387278557
7171.0,0.0,0.4445684850215912
7172.0,0.0,0.01899777166545391
7173.0,0.0,0.01886281929910183
7174.0,0.0,0.018040908500552177
7175.0,0.0,0.024906201288104057
7176.0,0.0,0.014061274006962776
7177.0,0.0,0.04596911370754242
7178.0,0.0,0.0032673964742571115
7179.0,0.0,0.017810726538300514
7180.0,0.0,0.026141773909330368
7181.0,0.0,0.06344211101531982
7182.0,0.0,0.024871468544006348
7183.0,0.0,0.015028689987957478
7184.0,0.0,0.0040549892000854015
7185.0,0.0,0.05264653265476227
7186.0,0.0,0.02663862146437168
7187.0,0.0,0.024717602878808975
7188.0,0.0,0.0033153772819787264
7189.0,0.0,0.034942377358675
7190.0,1.0,0.42740845680236816
7191.0,0.0,0.016158010810613632
7192.0,0.0,0.024944746866822243
7193.0,0.0,0.03653378039598465
7194.0,0.0,0.0013714581727981567
7195.0,0.0,0.024906201288104057
7196.0,0.0,0.024717602878808975
7197.0,0.0,0.024871468544006348
7198.0,0.0,0.027234036475419998
7199.0,0.0,0.014891373924911022
7200.0,0.0,0.35549959540367126
7201.0,0.0,0.027234036475419998
7202.0,0.0,0.04391167312860489
7203.0,0.0,0.02314114384353161
7204.0,0.0,0.01899777166545391
7205.0,0.0,0.025545770302414894
7206.0,0.0,0.027234036475419998
7207.0,0.0,0.05834890156984329
7208.0,0.0,0.0012720894301310182
7209.0,0.0,0.01722889207303524
7210.0,0.0,0.018215972930192947
7211.0,0.0,0.025771109387278557
7212.0,0.0,0.06302212178707123
7213.0,0.0,0.027234036475419998
7214.0,0.0,0.015202022157609463
7215.0,0.0,0.02628469653427601
7216.0,1.0,0.4316074550151825
7217.0,0.0,0.027234036475419998
7218.0,0.0,0.0013714581727981567
7219.0,0.0,0.04239417985081673
7220.0,0.0,0.01899777166545391
7221.0,1.0,0.05638376995921135
7222.0,0.0,0.017184067517518997
7223.0,0.0,0.01629883050918579
7224.0,0.0,0.029652222990989685
7225.0,0.0,0.001305232523009181
7226.0,0.0,0.023636609315872192
7227.0,0.0,0.024717602878808975
7228.0,0.0,0.02236247807741165
7229.0,1.0,0.4366953670978546
7230.0,0.0,0.027234036475419998
7231.0,0.0,0.4047689437866211
7232.0,0.0,0.017968246713280678
7233.0,0.0,0.01710754632949829
7234.0,0.0,0.04243891313672066
7235.0,0.0,0.03755959868431091
7236.0,1.0,0.02481570467352867
7237.0,0.0,0.06144807115197182
7238.0,0.0,0.016109652817249298
7239.0,0.0,0.01445102971047163
7240.0,0.0,0.02544485405087471
7241.0,0.0,0.0014075487852096558
7242.0,0.0,0.025771109387278557
7243.0,0.0,0.024717602878808975
7244.0,0.0,0.01574668474495411
7245.0,0.0,0.028660891577601433
7246.0,0.0,0.025771109387278557
7247.0,0.0,0.023922305554151535
7248.0,0.0,0.024906201288104057
7249.0,0.0,0.06455874443054199
7250.0,0.0,0.027341853827238083
7251.0,0.0,0.010113470256328583
7252.0,0.0,0.025771109387278557
7253.0,0.0,0.01886281929910183
7254.0,0.0,0.02207839861512184
7255.0,0.0,0.016435613855719566
7256.0,0.0,0.025771109387278557
7257.0,0.0,0.027234036475419998
7258.0,0.0,0.017810726538300514
7259.0,0.0,0.05607227236032486
7260.0,0.0,0.0014412200544029474
7261.0,0.0,0.024871468544006348
7262.0,0.0,0.025283005088567734
7263.0,0.0,0.013825992122292519
7264.0,0.0,0.0014260467141866684
7265.0,0.0,0.025771109387278557
7266.0,0.0,0.02360360138118267
7267.0,0.0,0.025550583377480507
7268.0,0.0,0.0014202744932845235
7269.0,0.0,0.024717602878808975
7270.0,0.0,0.06329625844955444
7271.0,0.0,0.02236247807741165
7272.0,0.0,0.02660154178738594
7273.0,0.0,0.02667977847158909
7274.0,0.0,0.024871468544006348
7275.0,0.0,0.014743927866220474
7276.0,0.0,0.003859918797388673
7277.0,0.0,0.44021958112716675
7278.0,0.0,0.018040908500552177
7279.0,0.0,0.06329625844955444
7280.0,0.0,0.06474325805902481
7281.0,0.0,0.02526475116610527
7282.0,0.0,0.025771109387278557
7283.0,0.0,0.0014693202683702111
7284.0,0.0,0.024906201288104057
7285.0,0.0,0.015916068106889725
7286.0,0.0,0.016766361892223358
7287.0,0.0,0.022331207990646362
7288.0,0.0,0.025771109387278557
7289.0,0.0,0.0013906233943998814
7290.0,0.0,0.03238191455602646
7291.0,0.0,0.023887183517217636
7292.0,0.0,0.003480709157884121
7293.0,0.0,0.04309716820716858
7294.0,0.0,0.025073513388633728
7295.0,0.0,0.013825992122292519
7296.0,0.0,0.023887183517217636
7297.0,0.0,0.02663702517747879
7298.0,0.0,0.026425663381814957
7299.0,0.0,0.06100006029009819
7300.0,0.0,0.0014202744932845235
7301.0,0.0,0.015878908336162567
7302.0,0.0,0.027234036475419998
7303.0,0.0,0.0034470735117793083
7304.0,0.0,0.02314114384353161
7305.0,0.0,0.016446709632873535
7306.0,0.0,0.02663862146437168
7307.0,0.0,0.023853830993175507
7308.0,0.0,0.027234036475419998
7309.0,0.0,0.001517681172117591
7310.0,0.0,0.026744144037365913
7311.0,0.0,0.0013714581727981567
7312.0,0.0,0.0013770321384072304
7313.0,0.0,0.025005033239722252
7314.0,0.0,0.0013714581727981567
7315.0,0.0,0.060100309550762177
7316.0,0.0,0.025383293628692627
7317.0,0.0,0.017969094216823578
7318.0,0.0,0.44021958112716675
7319.0,0.0,0.023853830993175507
7320.0,0.0,0.027234036475419998
7321.0,0.0,0.032610755413770676
7322.0,0.0,0.02632135897874832
7323.0,0.0,0.029535578563809395
7324.0,0.0,0.02544485405087471
7325.0,0.0,0.02663862146437168
7326.0,0.0,0.02745433896780014
7327.0,0.0,0.04354249686002731
7328.0,0.0,0.024906201288104057
7329.0,1.0,0.05817730352282524
7330.0,0.0,0.4090858995914459
7331.0,0.0,0.02419760823249817
7332.0,0.0,0.024906201288104057
7333.0,0.0,0.025771109387278557
7334.0,0.0,0.010836593806743622
7335.0,0.0,0.025771109387278557
7336.0,0.0,0.0015091396635398269
7337.0,0.0,0.027341853827238083
7338.0,0.0,0.05515262857079506
7339.0,0.0,0.06198906525969505
7340.0,0.0,0.024231432005763054
7341.0,0.0,0.024871468544006348
7342.0,0.0,0.024906201288104057
7343.0,0.0,0.024017333984375
7344.0,0.0,0.017094489187002182
7345.0,0.0,0.023188142105937004
7346.0,0.0,0.017336970195174217
7347.0,0.0,0.02544485405087471
7348.0,0.0,0.05860500782728195
7349.0,0.0,0.0013770321384072304
7350.0,0.0,0.024433191865682602
7351.0,0.0,0.025873281061649323
7352.0,0.0,0.06574150919914246
7353.0,0.0,0.042855311185121536
7354.0,0.0,0.023730525746941566
7355.0,0.0,0.023730525746941566
7356.0,0.0,0.05623804032802582
7357.0,0.0,0.058941278606653214
7358.0,0.0,0.05795514956116676
7359.0,0.0,0.024906201288104057
7360.0,0.0,0.05998348444700241
7361.0,0.0,0.023887183517217636
7362.0,0.0,0.014223608188331127
7363.0,0.0,0.01607489213347435
7364.0,0.0,0.024590618908405304
7365.0,0.0,0.06139259412884712
7366.0,0.0,0.023922305554151535
7367.0,0.0,0.05724005401134491
7368.0,0.0,0.01629883050918579
7369.0,0.0,0.0013608243316411972
7370.0,0.0,0.026196282356977463
7371.0,0.0,0.060643456876277924
7372.0,0.0,0.024906201288104057
7373.0,0.0,0.023721186444163322
7374.0,0.0,0.015916135162115097
7375.0,0.0,0.026122327893972397
7376.0,0.0,0.024970166385173798
7377.0,0.0,0.023887183517217636
7378.0,0.0,0.022420059889554977
7379.0,0.0,0.023887183517217636
7380.0,0.0,0.021657899022102356
7381.0,0.0,0.056276835501194
7382.0,0.0,0.05547303706407547
7383.0,0.0,0.022847406566143036
7384.0,0.0,0.05708349123597145
7385.0,0.0,0.011426706798374653
7386.0,0.0,0.01629883050918579
7387.0,0.0,0.0013140484225004911
7388.0,0.0,0.01899777166545391
7389.0,0.0,0.02814936637878418
7390.0,0.0,0.0014572733780369163
7391.0,0.0,0.008431077003479004
7392.0,0.0,0.014777462929487228
7393.0,0.0,0.016435613855719566
7394.0,0.0,0.003859918797388673
7395.0,0.0,0.0219366904348135
7396.0,0.0,0.0015549295349046588
7397.0,0.0,0.05623804032802582
7398.0,0.0,0.02236247807741165
7399.0,0.0,0.016122156754136086
7400.0,0.0,0.02314114384353161
7401.0,0.0,0.02663862146437168
7402.0,0.0,0.026301685720682144
7403.0,0.0,0.025346089154481888
7404.0,0.0,0.0015549295349046588
7405.0,0.0,0.01757531799376011
7406.0,0.0,0.06080447882413864
7407.0,0.0,0.03893374651670456
7408.0,0.0,0.07004926353693008
7409.0,0.0,0.025771109387278557
7410.0,1.0,0.44021958112716675
7411.0,0.0,0.023853830993175507
7412.0,0.0,0.01575755886733532
7413.0,0.0,0.015878908336162567
7414.0,0.0,0.025073513388633728
7415.0,0.0,0.025771109387278557
7416.0,0.0,0.06375277787446976
7417.0,0.0,0.0013694989029318094
7418.0,0.0,0.0014260467141866684
7419.0,0.0,0.0262258630245924
7420.0,0.0,0.026301685720682144
7421.0,0.0,0.014891373924911022
7422.0,0.0,0.014743927866220474
7423.0,0.0,0.0015091396635398269
7424.0,0.0,0.02895745076239109
7425.0,0.0,0.014175931923091412
7426.0,1.0,0.4649137854576111
7427.0,0.0,0.028110241517424583
7428.0,0.0,0.06368388235569
7429.0,0.0,0.014777462929487228
7430.0,1.0,0.023948587477207184
7431.0,0.0,0.04042230173945427
7432.0,1.0,0.32991132140159607
7433.0,0.0,0.017228078097105026
7434.0,0.0,0.4846956133842468
7435.0,0.0,0.05916696786880493
7436.0,0.0,0.01575755886733532
7437.0,0.0,0.02264479734003544
7438.0,0.0,0.0014202744932845235
7439.0,0.0,0.0013462231727316976
7440.0,0.0,0.01729780063033104
7441.0,0.0,0.009882061742246151
7442.0,0.0,0.018134931102395058
7443.0,0.0,0.02236247807741165
7444.0,0.0,0.02419760823249817
7445.0,0.0,0.06777822971343994
7446.0,0.0,0.025229530408978462
7447.0,0.0,0.02381543442606926
7448.0,0.0,0.030141258612275124
7449.0,0.0,0.0014202744932845235
7450.0,0.0,0.43402186036109924
7451.0,0.0,0.05638376995921135
7452.0,1.0,0.9781468510627747
7453.0,0.0,0.024871468544006348
7454.0,0.0,0.06689666211605072
7455.0,0.0,0.024970166385173798
7456.0,0.0,0.5115481019020081
7457.0,0.0,0.023433061316609383
7458.0,0.0,0.06397228688001633
7459.0,0.0,0.026744144037365913
7460.0,0.0,0.06639550626277924
7461.0,0.0,0.014243694953620434
7462.0,0.0,0.01689310371875763
7463.0,0.0,0.01947602443397045
7464.0,0.0,0.02632135897874832
7465.0,0.0,0.014093264937400818
7466.0,0.0,0.01678997464478016
7467.0,0.0,0.02663862146437168
7468.0,0.0,0.024717602878808975
7469.0,0.0,0.0012720894301310182
7470.0,0.0,0.024590618908405304
7471.0,0.0,0.02507074922323227
7472.0,0.0,0.022331207990646362
7473.0,0.0,0.016853002831339836
7474.0,0.0,0.030390391126275063
7475.0,0.0,0.017008891329169273
7476.0,0.0,0.02314114384353161
7477.0,0.0,0.0246882326900959
7478.0,0.0,0.025073513388633728
7479.0,0.0,0.03876886144280434
7480.0,0.0,0.01678997464478016
7481.0,0.0,0.024906201288104057
7482.0,0.0,0.05607227236032486
7483.0,0.0,0.025771109387278557
7484.0,0.0,0.0014260467141866684
7485.0,0.0,0.06175331398844719
7486.0,0.0,0.016435613855719566
7487.0,0.0,0.02236247807741165
7488.0,1.0,0.04043019190430641
7489.0,0.0,0.0028239660896360874
7490.0,1.0,0.06175331398844719
7491.0,0.0,0.023474901914596558
7492.0,0.0,0.0013160249218344688
7493.0,0.0,0.06139259412884712
7494.0,0.0,0.01631908118724823
7495.0,0.0,0.035611413419246674
7496.0,0.0,0.02940761111676693
7497.0,0.0,0.025005033239722252
7498.0,0.0,0.0017288743983954191
7499.0,0.0,0.02314114384353161
7500.0,0.0,0.02314114384353161
7501.0,0.0,0.023616880178451538
7502.0,0.0,0.02663862146437168
7503.0,0.0,0.0014588449848815799
7504.0,0.0,0.0014202744932845235
7505.0,0.0,0.0014078195672482252
7506.0,0.0,0.016435613855719566
7507.0,0.0,0.02632135897874832
7508.0,0.0,0.016435613855719566
7509.0,0.0,0.025005033239722252
7510.0,0.0,0.02358420193195343
7511.0,0.0,0.04243891313672066
7512.0,0.0,0.025771109387278557
7513.0,0.0,0.015413998626172543
7514.0,0.0,0.01092991791665554
7515.0,0.0,0.0013486293610185385
7516.0,0.0,0.025199830532073975
7517.0,0.0,0.024906201288104057
7518.0,0.0,0.0270602498203516
7519.0,0.0,0.017184067517518997
7520.0,0.0,0.027234036475419998
7521.0,1.0,0.433670312166214
7522.0,0.0,0.025073513388633728
7523.0,0.0,0.02236247807741165
7524.0,0.0,0.0013714581727981567
7525.0,0.0,0.025771109387278557
7526.0,0.0,0.025545770302414894
7527.0,0.0,0.05821302905678749
7528.0,0.0,0.025771109387278557
7529.0,0.0,0.05587378144264221
7530.0,1.0,0.04317096993327141
7531.0,0.0,0.025245940312743187
7532.0,0.0,0.024906201288104057
7533.0,0.0,0.024906201288104057
7534.0,0.0,0.06266964226961136
7535.0,0.0,0.014743927866220474
7536.0,0.0,0.015938570722937584
7537.0,1.0,0.4392189085483551
7538.0,0.0,0.010441720485687256
7539.0,0.0,0.036820992827415466
7540.0,0.0,0.031675949692726135
7541.0,0.0,0.43026041984558105
7542.0,0.0,0.0014202744932845235
7543.0,0.0,0.027955632656812668
7544.0,0.0,0.025771109387278557
7545.0,0.0,0.8307777643203735
7546.0,0.0,0.03989056497812271
7547.0,0.0,0.027234036475419998
7548.0,0.0,0.02854803204536438
7549.0,0.0,0.0013047066750004888
7550.0,0.0,0.025771109387278557
7551.0,0.0,0.016435613855719566
7552.0,1.0,0.037367455661296844
7553.0,0.0,0.05846336856484413
7554.0,0.0,0.025550583377480507
7555.0,0.0,0.024906201288104057
7556.0,0.0,0.02854803204536438
7557.0,0.0,0.04289918765425682
7558.0,0.0,0.017969094216823578
7559.0,0.0,0.023636609315872192
7560.0,0.0,0.01886281929910183
7561.0,0.0,0.010159410536289215
7562.0,0.0,0.0378241166472435
7563.0,0.0,0.022847406566143036
7564.0,0.0,0.024590618908405304
7565.0,0.0,0.02445853315293789
7566.0,0.0,0.023948587477207184
7567.0,1.0,0.4287012219429016
7568.0,0.0,0.0013973414897918701
7569.0,0.0,0.016435613855719566
7570.0,1.0,0.02207839861512184
7571.0,0.0,0.027234036475419998
7572.0,0.0,0.025771109387278557
7573.0,0.0,0.01685047335922718
7574.0,0.0,0.43402186036109924
7575.0,0.0,0.01404144149273634
7576.0,0.0,0.026425663381814957
7577.0,0.0,0.0028239660896360874
7578.0,0.0,0.015878908336162567
7579.0,0.0,0.0631110668182373
7580.0,0.0,0.015413998626172543
7581.0,0.0,0.015046621672809124
7582.0,0.0,0.02660154178738594
7583.0,0.0,0.02628469653427601
7584.0,0.0,0.024871468544006348
7585.0,0.0,0.03458906710147858
7586.0,0.0,0.01899777166545391
7587.0,0.0,0.02445853315293789
7588.0,0.0,0.04056795686483383
7589.0,1.0,0.058941278606653214
7590.0,0.0,0.023922305554151535
7591.0,0.0,0.02628469653427601
7592.0,0.0,0.024906201288104057
7593.0,0.0,0.017378058284521103
7594.0,0.0,0.015590906143188477
7595.0,0.0,0.02440434880554676
7596.0,0.0,0.0014752917923033237
7597.0,0.0,0.016435613855719566
7598.0,0.0,0.025810956954956055
7599.0,0.0,0.0182296484708786
7600.0,0.0,0.01722889207303524
7601.0,0.0,0.05708349123597145
7602.0,0.0,0.025771109387278557
7603.0,1.0,0.468829482793808
7604.0,0.0,0.02536497637629509
7605.0,0.0,0.016225576400756836
7606.0,0.0,0.022451452910900116
7607.0,0.0,0.058760810643434525
7608.0,0.0,0.025005033239722252
7609.0,0.0,0.01629883050918579
7610.0,0.0,0.02236247807741165
7611.0,0.0,0.05522727221250534
7612.0,1.0,0.4392189085483551
7613.0,0.0,0.0037235692143440247
7614.0,0.0,0.02236247807741165
7615.0,0.0,0.015444842167198658
7616.0,0.0,0.023677917197346687
7617.0,0.0,0.02236247807741165
7618.0,0.0,0.016435613855719566
7619.0,0.0,0.02663862146437168
7620.0,0.0,0.014700775034725666
7621.0,0.0,0.027341853827238083
7622.0,0.0,0.02445853315293789
7623.0,1.0,0.9964537620544434
7624.0,0.0,0.016530299559235573
7625.0,0.0,0.025005033239722252
7626.0,0.0,0.015590906143188477
7627.0,0.0,0.02632135897874832
7628.0,0.0,0.05264653265476227
7629.0,0.0,0.022331207990646362
7630.0,0.0,0.683934211730957
7631.0,0.0,0.016225576400756836
7632.0,0.0,0.023721186444163322
7633.0,0.0,0.003421159228309989
7634.0,0.0,0.02481570467352867
7635.0,0.0,0.0012555853463709354
7636.0,0.0,0.01722889207303524
7637.0,0.0,0.025550583377480507
7638.0,0.0,0.026141773909330368
7639.0,0.0,0.025771109387278557
7640.0,0.0,0.016435613855719566
7641.0,0.0,0.025227047502994537
7642.0,0.0,0.34169960021972656
7643.0,0.0,0.025073513388633728
7644.0,0.0,0.016435613855719566
7645.0,0.0,0.03710935637354851
7646.0,0.0,0.023887183517217636
7647.0,0.0,0.025771109387278557
7648.0,0.0,0.05599725991487503
7649.0,0.0,0.014777462929487228
7650.0,0.0,0.027341853827238083
7651.0,0.0,0.02236247807741165
7652.0,0.0,0.022847406566143036
7653.0,0.0,0.028621075674891472
7654.0,0.0,0.025771109387278557
7655.0,0.0,0.026301685720682144
7656.0,0.0,0.027234036475419998
7657.0,0.0,0.022451452910900116
7658.0,0.0,0.05848557502031326
7659.0,0.0,0.06344211101531982
7660.0,0.0,0.016994355246424675
7661.0,0.0,0.024906201288104057
7662.0,0.0,0.025684760883450508
7663.0,0.0,0.057245396077632904
7664.0,0.0,0.03740875422954559
7665.0,0.0,0.026074662804603577
7666.0,0.0,0.02314114384353161
7667.0,1.0,0.9556402564048767
7668.0,0.0,0.05066057667136192
7669.0,0.0,0.025545770302414894
7670.0,0.0,0.02617223933339119
7671.0,0.0,0.0008104839362204075
7672.0,0.0,0.022047515958547592
7673.0,0.0,0.025771109387278557
7674.0,0.0,0.05623804032802582
7675.0,0.0,0.0016125161200761795
7676.0,0.0,0.03838136047124863
7677.0,0.0,0.0014202744932845235
7678.0,0.0,0.015413998626172543
7679.0,0.0,0.0012772607151418924
7680.0,0.0,0.02445853315293789
7681.0,0.0,0.0014752917923033237
7682.0,0.0,0.0014202744932845235
7683.0,0.0,0.025550583377480507
7684.0,0.0,0.0013608243316411972
7685.0,0.0,0.06823702901601791
7686.0,0.0,0.02525683492422104
7687.0,0.0,0.01740630343556404
7688.0,0.0,0.025873281061649323
7689.0,0.0,0.06375277787446976
7690.0,1.0,0.019941624253988266
7691.0,0.0,0.024906201288104057
7692.0,0.0,0.016529247164726257
7693.0,1.0,0.02544485405087471
7694.0,0.0,0.01697045937180519
7695.0,0.0,0.02632135897874832
7696.0,0.0,0.017467131838202477
7697.0,0.0,0.0012960999738425016
7698.0,0.0,0.02663702517747879
7699.0,0.0,0.018199829384684563
7700.0,0.0,0.017969094216823578
7701.0,1.0,0.05708349123597145
7702.0,0.0,0.0013714581727981567
7703.0,0.0,0.025771109387278557
7704.0,0.0,0.02826070226728916
7705.0,0.0,0.03969156742095947
7706.0,0.0,0.028508367016911507
7707.0,0.0,0.03981105983257294
7708.0,0.0,0.02236247807741165
7709.0,0.0,0.028110241517424583
7710.0,0.0,0.02663862146437168
7711.0,0.0,0.059674497693777084
7712.0,0.0,0.024906201288104057
7713.0,0.0,0.03935639187693596
7714.0,0.0,0.0012985700741410255
7715.0,0.0,0.022047515958547592
7716.0,0.0,0.016622358933091164
7717.0,0.0,0.0012266056146472692
7718.0,0.0,0.01629883050918579
7719.0,0.0,0.059498436748981476
7720.0,0.0,0.0012266056146472692
7721.0,0.0,0.016622358933091164
7722.0,0.0,0.02314114384353161
7723.0,0.0,0.05708349123597145
7724.0,0.0,0.02547396719455719
7725.0,0.0,0.025771109387278557
7726.0,0.0,0.025005033239722252
7727.0,0.0,0.02420855686068535
7728.0,0.0,0.04041016474366188
7729.0,0.0,0.017969094216823578
7730.0,0.0,0.024871468544006348
7731.0,0.0,0.024590618908405304
7732.0,0.0,0.014743927866220474
7733.0,0.0,0.05645400658249855
7734.0,0.0,0.02314114384353161
7735.0,0.0,0.0036289540585130453
7736.0,0.0,0.017969094216823578
7737.0,0.0,0.024717602878808975
7738.0,0.0,0.024871468544006348
7739.0,0.0,0.024906201288104057
7740.0,0.0,0.017339911311864853
7741.0,0.0,0.0016125161200761795
7742.0,0.0,0.011426706798374653
7743.0,0.0,0.018040908500552177
7744.0,0.0,0.0013770321384072304
7745.0,0.0,0.0008371466537937522
7746.0,0.0,0.02663862146437168
7747.0,0.0,0.02314114384353161
7748.0,0.0,0.02544485405087471
7749.0,1.0,0.47836267948150635
7750.0,1.0,0.016270712018013
7751.0,0.0,0.025810956954956055
7752.0,0.0,0.025873281061649323
7753.0,1.0,0.43061134219169617
7754.0,0.0,0.024717602878808975
7755.0,1.0,0.9809514284133911
7756.0,0.0,0.037795647978782654
7757.0,1.0,0.05515262857079506
7758.0,0.0,0.023922305554151535
7759.0,0.0,0.027234036475419998
7760.0,0.0,0.059282299131155014
7761.0,0.0,0.0262258630245924
7762.0,0.0,0.024717602878808975
7763.0,0.0,0.02663862146437168
7764.0,0.0,0.015474031679332256
7765.0,0.0,0.015202022157609463
7766.0,0.0,0.027341853827238083
7767.0,0.0,0.026405904442071915
7768.0,0.0,0.024717602878808975
7769.0,0.0,0.02632135897874832
7770.0,0.0,0.34842145442962646
7771.0,0.0,0.016777299344539642
7772.0,0.0,0.015568885020911694
7773.0,0.0,0.027234341949224472
7774.0,0.0,0.025873281061649323
7775.0,0.0,0.016994355246424675
7776.0,0.0,0.024871468544006348
7777.0,0.0,0.027234036475419998
7778.0,0.0,0.010376174002885818
7779.0,0.0,0.05730250105261803
7780.0,1.0,0.026301685720682144
7781.0,0.0,0.025550583377480507
7782.0,0.0,0.04019111022353172
7783.0,0.0,0.025771109387278557
7784.0,0.0,0.055122390389442444
7785.0,0.0,0.053850870579481125
7786.0,0.0,0.011426706798374653
7787.0,0.0,0.014243694953620434
7788.0,0.0,0.015028689987957478
7789.0,0.0,0.03511656075716019
7790.0,1.0,0.9938541650772095
7791.0,0.0,0.0013608243316411972
7792.0,0.0,0.02481570467352867
7793.0,0.0,0.015556056052446365
7794.0,0.0,0.02608109824359417
7795.0,0.0,0.0012772607151418924
7796.0,0.0,0.017969094216823578
7797.0,0.0,0.4476095139980316
7798.0,0.0,0.016424834728240967
7799.0,0.0,0.024906201288104057
7800.0,0.0,0.0012999485479667783
7801.0,0.0,0.027234036475419998
7802.0,0.0,0.024017333984375
7803.0,0.0,0.014700775034725666
7804.0,0.0,0.014276108704507351
7805.0,0.0,0.023948587477207184
7806.0,0.0,0.015938570722937584
7807.0,0.0,0.014743927866220474
7808.0,0.0,0.02803678810596466
7809.0,0.0,0.0014202744932845235
7810.0,0.0,0.02663862146437168
7811.0,0.0,0.055364664644002914
7812.0,0.0,0.013356479816138744
7813.0,0.0,0.024970166385173798
7814.0,0.0,0.0012283599935472012
7815.0,0.0,0.013337628915905952
7816.0,0.0,0.02314114384353161
7817.0,0.0,0.05708349123597145
7818.0,0.0,0.024717602878808975
7819.0,1.0,0.027234036475419998
7820.0,0.0,0.023853830993175507
7821.0,0.0,0.04019296169281006
7822.0,0.0,0.015878908336162567
7823.0,0.0,0.0273841954767704
7824.0,0.0,0.02358420193195343
7825.0,0.0,0.0262258630245924
7826.0,0.0,0.0246882326900959
7827.0,0.0,0.0013608243316411972
7828.0,0.0,0.014891373924911022
7829.0,0.0,0.02323314920067787
7830.0,0.0,0.0014202744932845235
7831.0,0.0,0.017089691013097763
7832.0,0.0,0.05916696786880493
7833.0,0.0,0.01757531799376011
7834.0,0.0,0.06113040819764137
7835.0,0.0,0.025514967739582062
7836.0,0.0,0.02314114384353161
7837.0,0.0,0.0013663552235811949
7838.0,0.0,0.016225576400756836
7839.0,0.0,0.024590618908405304
7840.0,0.0,0.059282299131155014
7841.0,0.0,0.025873281061649323
7842.0,0.0,0.025550583377480507
7843.0,0.0,0.023853830993175507
7844.0,0.0,0.016994355246424675
7845.0,0.0,0.026425663381814957
7846.0,0.0,0.0014401210937649012
7847.0,0.0,0.02544485405087471
7848.0,0.0,0.03012186661362648
7849.0,0.0,0.02481570467352867
7850.0,0.0,0.017969094216823578
7851.0,0.0,0.017378058284521103
7852.0,0.0,0.0246882326900959
7853.0,0.0,0.024555636569857597
7854.0,0.0,0.0013160249218344688
7855.0,0.0,0.02314114384353161
7856.0,0.0,0.053454283624887466
7857.0,0.0,0.018040908500552177
7858.0,0.0,0.058183833956718445
7859.0,0.0,0.025771109387278557
7860.0,0.0,0.024717602878808975
7861.0,0.0,0.025810956954956055
7862.0,0.0,0.033700261265039444
7863.0,0.0,0.015903720632195473
7864.0,0.0,0.014700775034725666
7865.0,0.0,0.027234036475419998
7866.0,0.0,0.026178205385804176
7867.0,0.0,0.0013121713418513536
7868.0,0.0,0.4392189085483551
7869.0,1.0,0.015675872564315796
7870.0,0.0,0.017739813774824142
7871.0,0.0,0.01899777166545391
7872.0,0.0,0.0273841954767704
7873.0,0.0,0.02360360138118267
7874.0,0.0,0.02314114384353161
7875.0,0.0,0.026425663381814957
7876.0,0.0,0.02459888532757759
7877.0,0.0,0.028332654386758804
7878.0,0.0,0.04095249995589256
7879.0,0.0,0.017969094216823578
7880.0,0.0,0.02314114384353161
7881.0,0.0,0.025771109387278557
7882.0,0.0,0.016512542963027954
7883.0,0.0,0.022331207990646362
7884.0,0.0,0.013356479816138744
7885.0,0.0,0.023887183517217636
7886.0,0.0,0.023888908326625824
7887.0,0.0,0.0013608243316411972
7888.0,0.0,0.016435613855719566
7889.0,0.0,0.02440434880554676
7890.0,0.0,0.009604624472558498
7891.0,0.0,0.01899777166545391
7892.0,0.0,0.01830248348414898
7893.0,0.0,0.015246058814227581
7894.0,0.0,0.016225576400756836
7895.0,0.0,0.024017333984375
7896.0,0.0,0.025873281061649323
7897.0,0.0,0.025771109387278557
7898.0,0.0,0.4454721212387085
7899.0,0.0,0.042051516473293304
7900.0,0.0,0.003184552537277341
7901.0,0.0,0.015986574813723564
7902.0,0.0,0.025771109387278557
7903.0,0.0,0.4037907123565674
7904.0,0.0,0.027749337255954742
7905.0,0.0,0.023922305554151535
7906.0,0.0,0.0014202744932845235
7907.0,1.0,0.4532330334186554
7908.0,0.0,0.025771109387278557
7909.0,1.0,0.06123312562704086
7910.0,0.0,0.0031792735680937767
7911.0,1.0,0.4392189085483551
7912.0,0.0,0.05237181484699249
7913.0,0.0,0.02314114384353161
7914.0,0.0,0.025771109387278557
7915.0,0.0,0.017336970195174217
7916.0,0.0,0.024906201288104057
7917.0,0.0,0.016435613855719566
7918.0,0.0,0.01697045937180519
7919.0,0.0,0.030025148764252663
7920.0,0.0,0.022331207990646362
7921.0,0.0,0.010952994227409363
7922.0,0.0,0.02628469653427601
7923.0,0.0,0.029535578563809395
7924.0,1.0,0.013337628915905952
7925.0,0.0,0.027234036475419998
7926.0,0.0,0.014276108704507351
7927.0,0.0,0.027234036475419998
7928.0,0.0,0.02601100690662861
7929.0,0.0,0.025810956954956055
7930.0,0.0,0.01678997464478016
7931.0,0.0,0.024906201288104057
7932.0,0.0,0.02426704578101635
7933.0,0.0,0.027234036475419998
7934.0,0.0,0.05066057667136192
7935.0,0.0,0.03888615220785141
7936.0,0.0,0.024717602878808975
7937.0,0.0,0.0182296484708786
7938.0,1.0,0.02814936637878418
7939.0,0.0,0.015423089265823364
7940.0,0.0,0.017969094216823578
7941.0,0.0,0.01685047335922718
7942.0,0.0,0.02632135897874832
7943.0,0.0,0.015878908336162567
7944.0,0.0,0.017336970195174217
7945.0,0.0,0.06302212178707123
7946.0,0.0,0.0014202744932845235
7947.0,0.0,0.4185042083263397
7948.0,0.0,0.025771109387278557
7949.0,0.0,0.05795514956116676
7950.0,0.0,0.030141258612275124
7951.0,0.0,0.023474901914596558
7952.0,0.0,0.010476582683622837
7953.0,0.0,0.024871468544006348
7954.0,0.0,0.02560640685260296
7955.0,0.0,0.017658833414316177
7956.0,0.0,0.025545770302414894
7957.0,0.0,0.01629883050918579
7958.0,0.0,0.025005033239722252
7959.0,0.0,0.03838136047124863
7960.0,0.0,0.05916696786880493
7961.0,0.0,0.017969094216823578
7962.0,0.0,0.025771109387278557
7963.0,0.0,0.02236247807741165
7964.0,0.0,0.003731371136382222
7965.0,0.0,0.0014202744932845235
7966.0,0.0,0.015246058814227581
7967.0,0.0,0.025651903823018074
7968.0,0.0,0.018040908500552177
7969.0,0.0,0.05817730352282524
7970.0,0.0,0.05522727221250534
7971.0,0.0,0.04354483634233475
7972.0,0.0,0.0014078195672482252
7973.0,0.0,0.015675872564315796
7974.0,0.0,0.031205356121063232
7975.0,0.0,0.025771109387278557
7976.0,0.0,0.01704694889485836
7977.0,1.0,0.4392189085483551
7978.0,0.0,0.023887183517217636
7979.0,0.0,0.025283005088567734
7980.0,0.0,0.8499495983123779
7981.0,0.0,0.02628469653427601
7982.0,0.0,0.02653190866112709
7983.0,0.0,0.017969094216823578
7984.0,0.0,0.04120316356420517
7985.0,0.0,0.018330127000808716
7986.0,0.0,0.01704694889485836
7987.0,0.0,0.028110241517424583
7988.0,0.0,0.06136394292116165
7989.0,0.0,0.015553967095911503
7990.0,0.0,0.02660154178738594
7991.0,0.0,0.03944549709558487
7992.0,0.0,0.0014513740316033363
7993.0,0.0,0.024871468544006348
7994.0,0.0,0.024433191865682602
7995.0,0.0,0.02440434880554676
7996.0,0.0,0.02419760823249817
7997.0,0.0,0.02445853315293789
7998.0,0.0,0.014255979098379612
7999.0,0.0,0.024906201288104057
8000.0,0.0,0.027341853827238083
8001.0,0.0,0.024906201288104057
8002.0,0.0,0.023616880178451538
8003.0,0.0,0.025771109387278557
8004.0,0.0,0.016766361892223358
8005.0,0.0,0.02314114384353161
8006.0,0.0,0.014743927866220474
8007.0,0.0,0.025771109387278557
8008.0,0.0,0.014243694953620434
8009.0,0.0,0.014621013775467873
8010.0,0.0,0.06113040819764137
8011.0,0.0,0.025550583377480507
8012.0,0.0,0.025771109387278557
8013.0,0.0,0.0012492655077949166
8014.0,0.0,0.025227047502994537
8015.0,1.0,0.4476095139980316
8016.0,0.0,0.02236247807741165
8017.0,0.0,0.05708349123597145
8018.0,0.0,0.0289344172924757
8019.0,0.0,0.014223608188331127
8020.0,0.0,0.013356479816138744
8021.0,0.0,0.03819773718714714
8022.0,0.0,0.023887183517217636
8023.0,0.0,0.022331207990646362
8024.0,0.0,0.027234036475419998
8025.0,0.0,0.015413998626172543
8026.0,0.0,0.015878908336162567
8027.0,0.0,0.024717602878808975
8028.0,0.0,0.0017288743983954191
8029.0,0.0,0.014891373924911022
8030.0,0.0,0.000811643956694752
8031.0,0.0,0.02398207224905491
8032.0,1.0,0.4921859800815582
8033.0,0.0,0.029535578563809395
8034.0,0.0,0.016170164570212364
8035.0,0.0,0.016121400520205498
8036.0,0.0,0.023887183517217636
8037.0,0.0,0.017378058284521103
8038.0,0.0,0.035226188600063324
8039.0,0.0,0.0629376545548439
8040.0,0.0,0.024590618908405304
8041.0,0.0,0.0012999485479667783
8042.0,0.0,0.01740630343556404
8043.0,0.0,0.017115140333771706
8044.0,0.0,0.016661789268255234
8045.0,0.0,0.003405024064704776
8046.0,0.0,0.0012741065584123135
8047.0,0.0,0.04019296169281006
8048.0,0.0,0.06549248099327087
8049.0,0.0,0.022847406566143036
8050.0,0.0,0.0013916846364736557
8051.0,1.0,0.020962970331311226
8052.0,0.0,0.010476582683622837
8053.0,1.0,0.9230016469955444
8054.0,0.0,0.027234036475419998
8055.0,0.0,0.02632135897874832
8056.0,1.0,0.9961088299751282
8057.0,0.0,0.015856554731726646
8058.0,0.0,0.017336970195174217
8059.0,0.0,0.017378058284521103
8060.0,0.0,0.025283005088567734
8061.0,0.0,0.01081225648522377
8062.0,0.0,0.024906201288104057
8063.0,0.0,0.025873281061649323
8064.0,0.0,0.016293639317154884
8065.0,0.0,0.010245205834507942
8066.0,0.0,0.44283321499824524
8067.0,0.0,0.01697045937180519
8068.0,0.0,0.024871468544006348
8069.0,0.0,0.017739813774824142
8070.0,0.0,0.022331207990646362
8071.0,0.0,0.003839910728856921
8072.0,0.0,0.025005033239722252
8073.0,0.0,0.02641528844833374
8074.0,0.0,0.06689666211605072
8075.0,0.0,0.025771109387278557
8076.0,0.0,0.003366905264556408
8077.0,0.0,0.025346089154481888
8078.0,0.0,0.02236247807741165
8079.0,0.0,0.024501239880919456
8080.0,0.0,0.024906201288104057
8081.0,0.0,0.04031260684132576
8082.0,0.0,0.0016762526938691735
8083.0,1.0,0.040309011936187744
8084.0,0.0,0.016122156754136086
8085.0,0.0,0.02314114384353161
8086.0,0.0,0.03958925977349281
8087.0,0.0,0.017969094216823578
8088.0,0.0,0.026744144037365913
8089.0,0.0,0.03430129215121269
8090.0,0.0,0.06512225419282913
8091.0,0.0,0.014870388433337212
8092.0,0.0,0.026425663381814957
8093.0,0.0,0.024717602878808975
8094.0,0.0,0.024717602878808975
8095.0,0.0,0.02361888997256756
8096.0,0.0,0.02814936637878418
8097.0,0.0,0.05902445688843727
8098.0,0.0,0.016435613855719566
8099.0,0.0,0.010952994227409363
8100.0,0.0,0.025873281061649323
8101.0,0.0,0.055364664644002914
8102.0,0.0,0.018215972930192947
8103.0,1.0,0.47866377234458923
8104.0,0.0,0.024906201288104057
8105.0,0.0,0.02814936637878418
8106.0,0.0,0.0013608243316411972
8107.0,1.0,0.023616880178451538
8108.0,0.0,0.05708349123597145
8109.0,0.0,0.0012283599935472012
8110.0,0.0,0.011426706798374653
8111.0,0.0,0.0014572733780369163
8112.0,0.0,0.024906201288104057
8113.0,0.0,0.025771109387278557
8114.0,0.0,0.021114924922585487
8115.0,0.0,0.016661789268255234
8116.0,0.0,0.027234036475419998
8117.0,0.0,0.024556316435337067
8118.0,0.0,0.05848557502031326
8119.0,0.0,0.05826232582330704
8120.0,0.0,0.016421860083937645
8121.0,0.0,0.0014412200544029474
8122.0,0.0,0.024906201288104057
8123.0,0.0,0.017968246713280678
8124.0,0.0,0.0014202744932845235
8125.0,0.0,0.02854803204536438
8126.0,0.0,0.041240986436605453
8127.0,0.0,0.003565860213711858
8128.0,0.0,0.01574668474495411
8129.0,0.0,0.025771109387278557
8130.0,0.0,0.027001334354281425
8131.0,0.0,0.018215972930192947
8132.0,0.0,0.014743927866220474
8133.0,0.0,0.02632135897874832
8134.0,0.0,0.026744144037365913
8135.0,0.0,0.02314114384353161
8136.0,0.0,0.015413998626172543
8137.0,0.0,0.02314114384353161
8138.0,1.0,0.4392189085483551
8139.0,0.0,0.023887183517217636
8140.0,0.0,0.0015030310023576021
8141.0,0.0,0.02314114384353161
8142.0,0.0,0.023922305554151535
8143.0,0.0,0.024724546819925308
8144.0,0.0,0.024906201288104057
8145.0,0.0,0.0014693202683702111
8146.0,0.0,0.027913730591535568
8147.0,0.0,0.05607227236032486
8148.0,0.0,0.023636609315872192
8149.0,0.0,0.03343838080763817
8150.0,0.0,0.022420059889554977
8151.0,0.0,0.024717602878808975
8152.0,0.0,0.01758851297199726
8153.0,0.0,0.02419760823249817
8154.0,0.0,0.02264479734003544
8155.0,0.0,0.0015450300415977836
8156.0,0.0,0.016122156754136086
8157.0,0.0,0.015878908336162567
8158.0,0.0,0.02323314920067787
8159.0,0.0,0.037497278302907944
8160.0,0.0,0.025771109387278557
8161.0,0.0,0.014743927866220474
8162.0,0.0,0.017094489187002182
8163.0,0.0,0.016122156754136086
8164.0,0.0,0.025005033239722252
8165.0,0.0,0.029966790229082108
8166.0,0.0,0.06208358332514763
8167.0,0.0,0.01678997464478016
8168.0,0.0,0.017969094216823578
8169.0,0.0,0.02544485405087471
8170.0,0.0,0.02663862146437168
8171.0,0.0,0.0012720894301310182
8172.0,0.0,0.026141773909330368
8173.0,0.0,0.015675872564315796
8174.0,0.0,0.027021421119570732
8175.0,0.0,0.003296883078292012
8176.0,0.0,0.025873281061649323
8177.0,0.0,0.018040908500552177
8178.0,0.0,0.058941278606653214
8179.0,0.0,0.019801313057541847
8180.0,0.0,0.0016901070484891534
8181.0,0.0,0.0246882326900959
8182.0,0.0,0.017336970195174217
8183.0,0.0,0.06512225419282913
8184.0,0.0,0.024717602878808975
8185.0,0.0,0.0014202744932845235
8186.0,1.0,0.43026041984558105
8187.0,0.0,0.02628469653427601
8188.0,0.0,0.06302212178707123
8189.0,0.0,0.022938264533877373
8190.0,1.0,0.4632141888141632
8191.0,0.0,0.0031689931638538837
8192.0,0.0,0.0472479946911335
8193.0,0.0,0.024556316435337067
8194.0,0.0,0.02628469653427601
8195.0,0.0,0.017336970195174217
8196.0,1.0,0.36442863941192627
8197.0,0.0,0.017336970195174217
8198.0,0.0,0.017969094216823578
8199.0,0.0,0.0014260467141866684
8200.0,0.0,0.026141773909330368
8201.0,0.0,0.025873281061649323
8202.0,0.0,0.028982939198613167
8203.0,0.0,0.01158476434648037
8204.0,0.0,0.02824964001774788
8205.0,0.0,0.0012283599935472012
8206.0,0.0,0.046862103044986725
8207.0,0.0,0.025913292542099953
8208.0,0.0,0.024906201288104057
8209.0,0.0,0.02628469653427601
8210.0,0.0,0.05795514956116676
8211.0,0.0,0.025873281061649323
8212.0,0.0,0.024970166385173798
8213.0,0.0,0.017228078097105026
8214.0,0.0,0.025005033239722252
8215.0,0.0,0.035886865109205246
8216.0,0.0,0.06302212178707123
8217.0,0.0,0.02236247807741165
8218.0,0.0,0.02544485405087471
8219.0,0.0,0.029535578563809395
8220.0,0.0,0.4442150890827179
8221.0,0.0,0.0013663552235811949
8222.0,0.0,0.016994355246424675
8223.0,0.0,0.014743927866220474
8224.0,1.0,0.06302212178707123
8225.0,0.0,0.01899777166545391
8226.0,0.0,0.01410497073084116
8227.0,0.0,0.0013770321384072304
8228.0,0.0,0.01704694889485836
8229.0,0.0,0.0016450430266559124
8230.0,0.0,0.015878908336162567
8231.0,0.0,0.024906201288104057
8232.0,0.0,0.024717602878808975
8233.0,0.0,0.025227047502994537
8234.0,0.0,0.02236247807741165
8235.0,0.0,0.017739813774824142
8236.0,0.0,0.027341853827238083
8237.0,0.0,0.02445853315293789
8238.0,0.0,0.016435613855719566
8239.0,0.0,0.015280703082680702
8240.0,1.0,0.025283005088567734
8241.0,0.0,0.026301685720682144
8242.0,0.0,0.039532795548439026
8243.0,1.0,0.027234036475419998
8244.0,0.0,0.05916696786880493
8245.0,0.0,0.024906201288104057
8246.0,0.0,0.025771109387278557
8247.0,0.0,0.01829373836517334
8248.0,0.0,0.0013023688225075603
8249.0,0.0,0.023636609315872192
8250.0,0.0,0.0013193896738812327
8251.0,0.0,0.41751599311828613
8252.0,0.0,0.025771109387278557
8253.0,0.0,0.02632135897874832
8254.0,0.0,0.027234036475419998
8255.0,0.0,0.01704694889485836
8256.0,0.0,0.016122156754136086
8257.0,0.0,0.025771109387278557
8258.0,0.0,0.06139259412884712
8259.0,0.0,0.02236247807741165
8260.0,0.0,0.026744144037365913
8261.0,0.0,0.05787777155637741
8262.0,0.0,0.024970166385173798
8263.0,0.0,0.04021724313497543
8264.0,0.0,0.0034331486094743013
8265.0,0.0,0.023887183517217636
8266.0,0.0,0.01678997464478016
8267.0,0.0,0.0016048408579081297
8268.0,0.0,0.02298109605908394
8269.0,0.0,0.019337741658091545
8270.0,0.0,0.025771109387278557
8271.0,0.0,0.04041016474366188
8272.0,0.0,0.01562632992863655
8273.0,0.0,0.0014693202683702111
8274.0,0.0,0.024970166385173798
8275.0,0.0,0.024871468544006348
8276.0,0.0,0.013825992122292519
8277.0,0.0,0.025771109387278557
8278.0,0.0,0.0014513740316033363
8279.0,0.0,0.0014260467141866684
8280.0,0.0,0.026744144037365913
8281.0,0.0,0.014700775034725666
8282.0,0.0,0.023853830993175507
8283.0,0.0,0.06512225419282913
8284.0,0.0,0.019073618575930595
8285.0,0.0,0.0522933267056942
8286.0,0.0,0.02632135897874832
8287.0,0.0,0.017739813774824142
8288.0,0.0,0.027341853827238083
8289.0,0.0,0.05708349123597145
8290.0,0.0,0.06148405745625496
8291.0,0.0,0.016435613855719566
8292.0,0.0,0.0014572733780369163
8293.0,0.0,0.027167392894625664
8294.0,0.0,0.025514967739582062
8295.0,0.0,0.025514967739582062
8296.0,0.0,0.024017333984375
8297.0,0.0,0.02660154178738594
8298.0,0.0,0.023887183517217636
8299.0,0.0,0.020260566845536232
8300.0,0.0,0.017969094216823578
8301.0,0.0,0.026481470093131065
8302.0,0.0,0.05607227236032486
8303.0,0.0,0.0270602498203516
8304.0,1.0,0.017969094216823578
8305.0,0.0,0.027234036475419998
8306.0,1.0,0.02663862146437168
8307.0,0.0,0.025771109387278557
8308.0,0.0,0.001974807819351554
8309.0,0.0,0.33318042755126953
8310.0,0.0,0.02628469653427601
8311.0,0.0,0.024906201288104057
8312.0,0.0,0.024717602878808975
8313.0,1.0,0.024717602878808975
8314.0,0.0,0.012085461057722569
8315.0,0.0,0.024871468544006348
8316.0,0.0,0.017625512555241585
8317.0,0.0,0.0028768209740519524
8318.0,0.0,0.03740875422954559
8319.0,0.0,0.0033458711113780737
8320.0,0.0,0.01156619843095541
8321.0,0.0,0.024871468544006348
8322.0,0.0,0.024231432005763054
8323.0,0.0,0.017969094216823578
8324.0,0.0,0.045390501618385315
8325.0,0.0,0.027234036475419998
8326.0,0.0,0.039414212107658386
8327.0,0.0,0.0013608243316411972
8328.0,0.0,0.025771109387278557
8329.0,0.0,0.025073513388633728
8330.0,0.0,0.020983798429369926
8331.0,0.0,0.055597104132175446
8332.0,0.0,0.025545770302414894
8333.0,0.0,0.025771109387278557
8334.0,0.0,0.023853830993175507
8335.0,0.0,0.017008891329169273
8336.0,0.0,0.013885869644582272
8337.0,0.0,0.015938570722937584
8338.0,0.0,0.027234036475419998
8339.0,0.0,0.022331207990646362
8340.0,0.0,0.0014202744932845235
8341.0,0.0,0.015223466791212559
8342.0,0.0,0.015280703082680702
8343.0,0.0,0.027234036475419998
8344.0,0.0,0.023616880178451538
8345.0,0.0,0.016435613855719566
8346.0,0.0,0.016674311831593513
8347.0,0.0,0.014833132736384869
8348.0,0.0,0.01899777166545391
8349.0,0.0,0.025771109387278557
8350.0,0.0,0.014555196277797222
8351.0,0.0,0.0014260467141866684
8352.0,0.0,0.0013193896738812327
8353.0,0.0,0.027001334354281425
8354.0,0.0,0.024906201288104057
8355.0,0.0,0.02632135897874832
8356.0,0.0,0.024302981793880463
8357.0,0.0,0.01722889207303524
8358.0,0.0,0.06344211101531982
8359.0,0.0,0.02314114384353161
8360.0,0.0,0.016994355246424675
8361.0,0.0,0.04415956512093544
8362.0,0.0,0.023887183517217636
8363.0,0.0,0.02521074190735817
8364.0,0.0,0.013356479816138744
8365.0,0.0,0.024717602878808975
8366.0,0.0,0.01521681435406208
8367.0,0.0,0.42014530301094055
8368.0,0.0,0.024590618908405304
8369.0,0.0,0.0012908532517030835
8370.0,0.0,0.02641528844833374
8371.0,0.0,0.024906201288104057
8372.0,0.0,0.024906201288104057
8373.0,0.0,0.01704694889485836
8374.0,0.0,0.02814936637878418
8375.0,0.0,0.026744144037365913
8376.0,0.0,0.024906201288104057
8377.0,0.0,0.01158476434648037
8378.0,0.0,0.06344211101531982
8379.0,1.0,0.02314114384353161
8380.0,0.0,0.022822577506303787
8381.0,0.0,0.024906201288104057
8382.0,0.0,0.02314114384353161
8383.0,0.0,0.318710595369339
8384.0,0.0,0.025771109387278557
8385.0,0.0,0.06512225419282913
8386.0,0.0,0.0015612490242347121
8387.0,0.0,0.022451452910900116
8388.0,0.0,0.022166267037391663
8389.0,0.0,0.02314114384353161
8390.0,0.0,0.020809795707464218
8391.0,0.0,0.025771109387278557
8392.0,0.0,0.015246058814227581
8393.0,0.0,0.025005033239722252
8394.0,0.0,0.023579120635986328
8395.0,0.0,0.02632135897874832
8396.0,0.0,0.011426706798374653
8397.0,0.0,0.04041016474366188
8398.0,0.0,0.017969094216823578
8399.0,0.0,0.02526475116610527
8400.0,0.0,0.022822577506303787
8401.0,0.0,0.024871468544006348
8402.0,0.0,0.022331207990646362
8403.0,0.0,0.05708349123597145
8404.0,0.0,0.017969094216823578
8405.0,0.0,0.0013906233943998814
8406.0,0.0,0.03513512387871742
8407.0,0.0,0.05893402174115181
8408.0,1.0,0.939146101474762
8409.0,0.0,0.015856554731726646
8410.0,0.0,0.027234036475419998
8411.0,1.0,0.9678695797920227
8412.0,0.0,0.024871468544006348
8413.0,0.0,0.018040908500552177
8414.0,0.0,0.014743927866220474
8415.0,0.0,0.025873281061649323
8416.0,0.0,0.014061274006962776
8417.0,0.0,0.0013714581727981567
8418.0,0.0,0.016435613855719566
8419.0,0.0,0.024590618908405304
8420.0,0.0,0.05708349123597145
8421.0,0.0,0.01722889207303524
8422.0,0.0,0.015413998626172543
8423.0,0.0,0.023710720241069794
8424.0,0.0,0.02207839861512184
8425.0,1.0,0.3513956665992737
8426.0,0.0,0.06549248099327087
8427.0,0.0,0.024717602878808975
8428.0,0.0,0.054297368973493576
8429.0,0.0,0.026141773909330368
8430.0,0.0,0.024906201288104057
8431.0,0.0,0.029535578563809395
8432.0,1.0,0.4616709053516388
8433.0,0.0,0.039917442947626114
8434.0,0.0,0.02663862146437168
8435.0,0.0,0.02236247807741165
8436.0,1.0,0.4166153073310852
8437.0,0.0,0.015803491696715355
8438.0,0.0,0.06428132206201553
8439.0,1.0,0.023853830993175507
8440.0,0.0,0.03710935637354851
8441.0,0.0,0.01704694889485836
8442.0,0.0,0.025873281061649323
8443.0,0.0,0.027341853827238083
8444.0,0.0,0.025771109387278557
8445.0,0.0,0.022047515958547592
8446.0,0.0,0.0013770321384072304
8447.0,0.0,0.03969156742095947
8448.0,0.0,0.017739813774824142
8449.0,0.0,0.026481470093131065
8450.0,0.0,0.0013608243316411972
8451.0,0.0,0.02314114384353161
8452.0,0.0,0.017467131838202477
8453.0,1.0,0.9772631525993347
8454.0,0.0,0.024906201288104057
8455.0,0.0,0.02481570467352867
8456.0,0.0,0.02632135897874832
8457.0,0.0,0.025873281061649323
8458.0,0.0,0.017969094216823578
8459.0,0.0,0.024590618908405304
8460.0,0.0,0.017070453613996506
8461.0,0.0,0.01729780063033104
8462.0,0.0,0.02381543442606926
8463.0,0.0,0.01607489213347435
8464.0,0.0,0.017094489187002182
8465.0,0.0,0.017968246713280678
8466.0,0.0,0.026425663381814957
8467.0,0.0,0.014975089579820633
8468.0,0.0,0.02314114384353161
8469.0,0.0,0.024906201288104057
8470.0,0.0,0.04094049707055092
8471.0,0.0,0.025771109387278557
8472.0,0.0,0.02663862146437168
8473.0,0.0,0.024970166385173798
8474.0,0.0,0.01704694889485836
8475.0,0.0,0.0012464794563129544
8476.0,0.0,0.027234036475419998
8477.0,1.0,0.4442150890827179
8478.0,0.0,0.023922305554151535
8479.0,0.0,0.025245940312743187
8480.0,0.0,0.02481570467352867
8481.0,0.0,0.0014018514193594456
8482.0,0.0,0.01757531799376011
8483.0,0.0,0.02440434880554676
8484.0,0.0,0.018040908500552177
8485.0,0.0,0.001422525616362691
8486.0,0.0,0.003504489315673709
8487.0,0.0,0.4392189085483551
8488.0,0.0,0.024556316435337067
8489.0,0.0,0.022331207990646362
8490.0,0.0,0.024970166385173798
8491.0,1.0,0.02663862146437168
8492.0,0.0,0.024871468544006348
8493.0,1.0,0.4205121099948883
8494.0,0.0,0.025771109387278557
8495.0,0.0,0.017228078097105026
8496.0,0.0,0.07039401680231094
8497.0,0.0,0.027949275448918343
8498.0,0.0,0.05795514956116676
8499.0,0.0,0.05817730352282524
8500.0,0.0,0.023853830993175507
8501.0,0.0,0.02544485405087471
8502.0,0.0,0.015986574813723564
8503.0,0.0,0.015979811549186707
8504.0,0.0,0.0014202744932845235
8505.0,0.0,0.02061801590025425
8506.0,1.0,0.027341853827238083
8507.0,0.0,0.022331207990646362
8508.0,0.0,0.03893374651670456
8509.0,0.0,0.025545770302414894
8510.0,0.0,0.013356479816138744
8511.0,0.0,0.026301685720682144
8512.0,0.0,0.024906201288104057
8513.0,0.0,0.025771109387278557
8514.0,0.0,0.026425663381814957
8515.0,0.0,0.015086700208485126
8516.0,0.0,0.024906201288104057
8517.0,0.0,0.0015091396635398269
8518.0,0.0,0.024590618908405304
8519.0,0.0,0.025771109387278557
8520.0,1.0,0.44283321499824524
8521.0,0.0,0.025771109387278557
8522.0,0.0,0.05795514956116676
8523.0,0.0,0.027001334354281425
8524.0,0.0,0.02660154178738594
8525.0,0.0,0.016595402732491493
8526.0,0.0,0.029535578563809395
8527.0,0.0,0.014844920486211777
8528.0,0.0,0.025247754529118538
8529.0,0.0,0.4122503101825714
8530.0,0.0,0.014243694953620434
8531.0,0.0,0.02445853315293789
8532.0,0.0,0.06428132206201553
8533.0,0.0,0.06021404266357422
8534.0,0.0,0.42805230617523193
8535.0,0.0,0.015155063942074776
8536.0,0.0,0.0013141449308022857
8537.0,0.0,0.02323314920067787
8538.0,0.0,0.025810956954956055
8539.0,0.0,0.017969094216823578
8540.0,0.0,0.026122327893972397
8541.0,0.0,0.05915085971355438
8542.0,0.0,0.02279067598283291
8543.0,0.0,0.023924192413687706
8544.0,0.0,0.027341853827238083
8545.0,0.0,0.023636609315872192
8546.0,0.0,0.02632135897874832
8547.0,0.0,0.022135263308882713
8548.0,0.0,0.43061134219169617
8549.0,0.0,0.05998348444700241
8550.0,0.0,0.05450361967086792
8551.0,0.0,0.4739935100078583
8552.0,0.0,0.852695107460022
8553.0,0.0,0.05804680660367012
8554.0,0.0,0.016994355246424675
8555.0,0.0,0.0012985700741410255
8556.0,0.0,0.022685261443257332
8557.0,0.0,0.01722889207303524
8558.0,0.0,0.0219366904348135
8559.0,0.0,0.05697529390454292
8560.0,0.0,0.32480359077453613
8561.0,0.0,0.015413998626172543
8562.0,1.0,0.7056717276573181
8563.0,0.0,0.025771109387278557
8564.0,0.0,0.017969094216823578
8565.0,1.0,0.02465379238128662
8566.0,0.0,0.02653190866112709
8567.0,0.0,0.0031651456374675035
8568.0,0.0,0.02632135897874832
8569.0,0.0,0.025771109387278557
8570.0,0.0,0.0032782291527837515
8571.0,0.0,0.02314114384353161
8572.0,0.0,0.024871468544006348
8573.0,0.0,0.016530299559235573
8574.0,0.0,0.0013160249218344688
8575.0,0.0,0.04692196473479271
8576.0,0.0,0.001332744024693966
8577.0,0.0,0.02641528844833374
8578.0,0.0,0.01899777166545391
8579.0,0.0,0.02814936637878418
8580.0,1.0,0.4370000660419464
8581.0,0.0,0.03634200617671013
8582.0,0.0,0.0014018514193594456
8583.0,0.0,0.0012720894301310182
8584.0,0.0,0.025005033239722252
8585.0,1.0,0.9747138619422913
8586.0,1.0,0.42740845680236816
8587.0,0.0,0.027341853827238083
8588.0,0.0,0.024717602878808975
8589.0,0.0,0.0014018514193594456
8590.0,0.0,0.018330127000808716
8591.0,0.0,0.024871468544006348
8592.0,0.0,0.01722889207303524
8593.0,0.0,0.05447521060705185
8594.0,1.0,0.02481570467352867
8595.0,0.0,0.02632135897874832
8596.0,0.0,0.4037907123565674
8597.0,0.0,0.014743927866220474
8598.0,0.0,0.016661789268255234
8599.0,0.0,0.02526475116610527
8600.0,0.0,0.016409974545240402
8601.0,0.0,0.024871468544006348
8602.0,0.0,0.0013160249218344688
8603.0,0.0,0.052849479019641876
8604.0,0.0,0.025310751050710678
8605.0,0.0,0.024906201288104057
8606.0,0.0,0.05522727221250534
8607.0,0.0,0.0017885572742670774
8608.0,0.0,0.024970166385173798
8609.0,0.0,0.020900513976812363
8610.0,0.0,0.018040908500552177
8611.0,0.0,0.025873281061649323
8612.0,0.0,0.016122156754136086
8613.0,0.0,0.022938264533877373
8614.0,0.0,0.0018182997591793537
8615.0,0.0,0.016225576400756836
8616.0,0.0,0.003526357701048255
8617.0,1.0,0.014743927866220474
8618.0,0.0,0.013648834079504013
8619.0,0.0,0.06689666211605072
8620.0,0.0,0.01575755886733532
8621.0,0.0,0.025771109387278557
8622.0,1.0,0.4907330572605133
8623.0,0.0,0.01404144149273634
8624.0,0.0,0.01158476434648037
8625.0,0.0,0.029535578563809395
8626.0,0.0,0.025771109387278557
8627.0,0.0,0.025771109387278557
8628.0,0.0,0.0246882326900959
8629.0,0.0,0.027341853827238083
8630.0,0.0,0.038782041519880295
8631.0,0.0,0.023433061316609383
8632.0,0.0,0.015413998626172543
8633.0,0.0,0.017969094216823578
8634.0,1.0,0.47179487347602844
8635.0,0.0,0.4287012219429016
8636.0,0.0,0.025771109387278557
8637.0,0.0,0.024906201288104057
8638.0,0.0,0.0014260467141866684
8639.0,0.0,0.04041016474366188
8640.0,0.0,0.02663862146437168
8641.0,0.0,0.014114202931523323
8642.0,0.0,0.02207839861512184
8643.0,0.0,0.023887183517217636
8644.0,0.0,0.0015030310023576021
8645.0,0.0,0.001449301722459495
8646.0,0.0,0.02314114384353161
8647.0,1.0,0.3581281900405884
8648.0,0.0,0.014891373924911022
8649.0,0.0,0.02323314920067787
8650.0,0.0,0.025245940312743187
8651.0,0.0,0.023887183517217636
8652.0,0.0,0.025005033239722252
8653.0,0.0,0.059759028255939484
8654.0,0.0,0.027234036475419998
8655.0,0.0,0.01618671976029873
8656.0,0.0,0.017969094216823578
8657.0,1.0,0.8473340272903442
8658.0,0.0,0.025873281061649323
8659.0,0.0,0.04075709730386734
8660.0,0.0,0.015903720632195473
8661.0,0.0,0.024017333984375
8662.0,0.0,0.04081787168979645
8663.0,1.0,0.02532961592078209
8664.0,0.0,0.022847406566143036
8665.0,0.0,0.023887183517217636
8666.0,0.0,0.0262258630245924
8667.0,0.0,0.01506237406283617
8668.0,0.0,0.0014572733780369163
8669.0,0.0,0.3513956665992737
8670.0,0.0,0.05834890156984329
8671.0,0.0,0.02536497637629509
8672.0,0.0,0.7780362367630005
8673.0,0.0,0.04041016474366188
8674.0,0.0,0.017816275358200073
8675.0,0.0,0.01899777166545391
8676.0,0.0,0.024960659444332123
8677.0,0.0,0.027234036475419998
8678.0,0.0,0.04480060189962387
8679.0,0.0,0.004001043736934662
8680.0,0.0,0.0013714581727981567
8681.0,0.0,0.05708349123597145
8682.0,0.0,0.023887183517217636
8683.0,0.0,0.02314114384353161
8684.0,0.0,0.027341853827238083
8685.0,0.0,0.025743823498487473
8686.0,0.0,0.017378058284521103
8687.0,0.0,0.0263888631016016
8688.0,0.0,0.06139259412884712
8689.0,0.0,0.025005033239722252
8690.0,0.0,0.026141773909330368
8691.0,0.0,0.02749347686767578
8692.0,0.0,0.03683403134346008
8693.0,0.0,0.02314114384353161
8694.0,0.0,0.0242068562656641
8695.0,0.0,0.01575755886733532
8696.0,0.0,0.027234036475419998
8697.0,0.0,0.02398207224905491
8698.0,0.0,0.03634200617671013
8699.0,0.0,0.0013694989029318094
8700.0,0.0,0.02902810275554657
8701.0,0.0,0.4392189085483551
8702.0,0.0,0.027070535346865654
8703.0,0.0,0.05607227236032486
8704.0,0.0,0.001280923024751246
8705.0,0.0,0.02465379238128662
8706.0,0.0,0.029535578563809395
8707.0,0.0,0.026258056983351707
8708.0,0.0,0.015916068106889725
8709.0,0.0,0.025873281061649323
8710.0,0.0,0.042148660868406296
8711.0,0.0,0.061746884137392044
8712.0,0.0,0.017969094216823578
8713.0,0.0,0.024717602878808975
8714.0,0.0,0.04041016474366188
8715.0,0.0,0.016661789268255234
8716.0,0.0,0.03889988735318184
8717.0,0.0,0.025545770302414894
8718.0,0.0,0.023677917197346687
8719.0,0.0,0.016122156754136086
8720.0,1.0,0.45021647214889526
8721.0,0.0,0.023636609315872192
8722.0,1.0,0.9787936210632324
8723.0,0.0,0.025771109387278557
8724.0,0.0,0.02445853315293789
8725.0,0.0,0.037267234176397324
8726.0,0.0,0.027426468208432198
8727.0,0.0,0.024906201288104057
8728.0,0.0,0.010952994227409363
8729.0,0.0,0.01629883050918579
8730.0,0.0,0.06148405745625496
8731.0,0.0,0.02854803204536438
8732.0,0.0,0.027234036475419998
8733.0,0.0,0.016435613855719566
8734.0,0.0,0.03833799064159393
8735.0,0.0,0.01758851297199726
8736.0,0.0,0.024906201288104057
8737.0,0.0,0.015553967095911503
8738.0,0.0,0.01899777166545391
8739.0,0.0,0.0013770321384072304
8740.0,0.0,0.0014202744932845235
8741.0,0.0,0.025873281061649323
8742.0,0.0,0.025550583377480507
8743.0,0.0,0.022847406566143036
8744.0,0.0,0.024717602878808975
8745.0,0.0,0.4006469249725342
8746.0,0.0,0.04174934700131416
8747.0,0.0,0.025771109387278557
8748.0,0.0,0.02632135897874832
8749.0,0.0,0.0633791908621788
8750.0,0.0,0.026237044483423233
8751.0,0.0,0.01521681435406208
8752.0,0.0,0.3513956665992737
8753.0,0.0,0.027341853827238083
8754.0,0.0,0.01678997464478016
8755.0,0.0,0.02663862146437168
8756.0,0.0,0.03339214250445366
8757.0,0.0,0.10452297329902649
8758.0,0.0,0.015202022157609463
8759.0,0.0,0.015413998626172543
8760.0,0.0,0.02398207224905491
8761.0,0.0,0.024017333984375
8762.0,0.0,0.016435613855719566
8763.0,1.0,0.025873281061649323
8764.0,0.0,0.014605714939534664
8765.0,0.0,0.024871468544006348
8766.0,0.0,0.02360360138118267
8767.0,0.0,0.024906201288104057
8768.0,0.0,0.4436468780040741
8769.0,0.0,0.4392189085483551
8770.0,0.0,0.0014693202683702111
8771.0,0.0,0.058099646121263504
8772.0,0.0,0.05547303706407547
8773.0,0.0,0.024906201288104057
8774.0,0.0,0.023853830993175507
8775.0,0.0,0.024906201288104057
8776.0,1.0,0.025771109387278557
8777.0,0.0,0.015986574813723564
8778.0,0.0,0.017478905618190765
8779.0,0.0,0.025771109387278557
8780.0,0.0,0.025771109387278557
8781.0,0.0,0.015107985585927963
8782.0,0.0,0.024871468544006348
8783.0,0.0,0.003597911447286606
8784.0,0.0,0.026425663381814957
8785.0,0.0,0.013825992122292519
8786.0,0.0,0.025346089154481888
8787.0,0.0,0.02314114384353161
8788.0,0.0,0.025771109387278557
8789.0,0.0,0.003128680167719722
8790.0,0.0,0.025771109387278557
8791.0,0.0,0.016122156754136086
8792.0,0.0,0.06344211101531982
8793.0,0.0,0.0015108594670891762
8794.0,0.0,0.025005033239722252
8795.0,0.0,0.025873281061649323
8796.0,0.0,0.025771109387278557
8797.0,0.0,0.015223466791212559
8798.0,0.0,0.02902810275554657
8799.0,0.0,0.027234036475419998
8800.0,0.0,0.02314114384353161
8801.0,0.0,0.02814936637878418
8802.0,0.0,0.05656439810991287
8803.0,0.0,0.0012772607151418924
8804.0,0.0,0.06664564460515976
8805.0,0.0,0.0016615756321698427
8806.0,0.0,0.01335851475596428
8807.0,0.0,0.025873281061649323
8808.0,0.0,0.024906201288104057
8809.0,0.0,0.016435613855719566
8810.0,0.0,0.014588294550776482
8811.0,0.0,0.014743927866220474
8812.0,0.0,0.05708349123597145
8813.0,0.0,0.030163714662194252
8814.0,0.0,0.0029673948884010315
8815.0,0.0,0.027234036475419998
8816.0,0.0,0.01722889207303524
8817.0,0.0,0.02544485405087471
8818.0,0.0,0.017336970195174217
8819.0,0.0,0.05623804032802582
8820.0,0.0,0.02445853315293789
8821.0,0.0,0.024944746866822243
8822.0,0.0,0.03683403134346008
8823.0,0.0,0.0013714581727981567
8824.0,0.0,0.32667824625968933
8825.0,0.0,0.024717602878808975
8826.0,0.0,0.0013160249218344688
8827.0,0.0,0.02236247807741165
8828.0,0.0,0.027341853827238083
8829.0,0.0,0.0015612490242347121
8830.0,0.0,0.02398207224905491
8831.0,0.0,0.028748469427227974
8832.0,0.0,0.0013431700645014644
8833.0,0.0,0.010245205834507942
8834.0,0.0,0.03476127237081528
8835.0,0.0,0.02314114384353161
8836.0,0.0,0.027234036475419998
8837.0,0.0,0.016766361892223358
8838.0,0.0,0.015280703082680702
8839.0,0.0,0.03683403134346008
8840.0,0.0,0.023568198084831238
8841.0,0.0,0.04371431842446327
8842.0,0.0,0.027128420770168304
8843.0,0.0,0.027234036475419998
8844.0,0.0,0.02502305433154106
8845.0,0.0,0.0319456122815609
8846.0,0.0,0.02061801590025425
8847.0,0.0,0.0013714581727981567
8848.0,0.0,0.05607227236032486
8849.0,0.0,0.025771109387278557
8850.0,0.0,0.026122327893972397
8851.0,0.0,0.01704694889485836
8852.0,0.0,0.024717602878808975
8853.0,0.0,0.02628469653427601
8854.0,0.0,0.024590618908405304
8855.0,0.0,0.025245940312743187
8856.0,0.0,0.028148459270596504
8857.0,0.0,0.024906201288104057
8858.0,0.0,0.02445853315293789
8859.0,0.0,0.025771109387278557
8860.0,0.0,0.017895635217428207
8861.0,0.0,0.015041153877973557
8862.0,0.0,0.025771109387278557
8863.0,0.0,0.02361888997256756
8864.0,0.0,0.42740845680236816
8865.0,0.0,0.03888615220785141
8866.0,1.0,0.029136408120393753
8867.0,0.0,0.027341853827238083
8868.0,0.0,0.0013770321384072304
8869.0,0.0,0.0013714581727981567
8870.0,0.0,0.027234036475419998
8871.0,0.0,0.025550583377480507
8872.0,0.0,0.0032576294615864754
8873.0,0.0,0.025873281061649323
8874.0,0.0,0.02628469653427601
8875.0,0.0,0.02505970373749733
8876.0,0.0,0.027341853827238083
8877.0,0.0,0.04019296169281006
8878.0,0.0,0.0033689364790916443
8879.0,0.0,0.003244467545300722
8880.0,0.0,0.0262258630245924
8881.0,0.0,0.024906201288104057
8882.0,0.0,0.02236247807741165
8883.0,0.0,0.025771109387278557
8884.0,0.0,0.05826232582330704
8885.0,0.0,0.02710825391113758
8886.0,0.0,0.023887183517217636
8887.0,0.0,0.020916162058711052
8888.0,0.0,0.06198906525969505
8889.0,0.0,0.02236247807741165
8890.0,0.0,0.0014693202683702111
8891.0,0.0,0.026744144037365913
8892.0,0.0,0.024906201288104057
8893.0,0.0,0.038809921592473984
8894.0,0.0,0.33927401900291443
8895.0,0.0,0.02481570467352867
8896.0,0.0,0.02236247807741165
8897.0,0.0,0.024717602878808975
8898.0,0.0,0.028508367016911507
8899.0,0.0,0.024906201288104057
8900.0,0.0,0.02632135897874832
8901.0,0.0,0.024717602878808975
8902.0,0.0,0.023636609315872192
8903.0,0.0,0.02481570467352867
8904.0,0.0,0.0014260467141866684
8905.0,0.0,0.026744144037365913
8906.0,0.0,0.25250205397605896
8907.0,0.0,0.024501239880919456
8908.0,0.0,0.025005033239722252
8909.0,0.0,0.015878908336162567
8910.0,0.0,0.02143094129860401
8911.0,0.0,0.017969094216823578
8912.0,0.0,0.06377851217985153
8913.0,0.0,0.0182296484708786
8914.0,0.0,0.014743927866220474
8915.0,0.0,0.023887183517217636
8916.0,0.0,0.011426706798374653
8917.0,0.0,0.05907125025987625
8918.0,0.0,0.0014202744932845235
8919.0,0.0,0.003230936359614134
8920.0,0.0,0.024871468544006348
8921.0,0.0,0.022847406566143036
8922.0,0.0,0.026301685720682144
8923.0,0.0,0.003355857450515032
8924.0,0.0,0.014777462929487228
8925.0,0.0,0.003244467545300722
8926.0,0.0,0.024906201288104057
8927.0,0.0,0.02236247807741165
8928.0,0.0,0.025771109387278557
8929.0,0.0,0.02236247807741165
8930.0,0.0,0.0013714581727981567
8931.0,0.0,0.023393183946609497
8932.0,0.0,0.02314114384353161
8933.0,0.0,0.05400810018181801
8934.0,0.0,0.02663862146437168
8935.0,0.0,0.02544485405087471
8936.0,0.0,0.02628469653427601
8937.0,0.0,0.030525844544172287
8938.0,0.0,0.02521074190735817
8939.0,0.0,0.0729578509926796
8940.0,0.0,0.04846736416220665
8941.0,0.0,0.02544485405087471
8942.0,0.0,0.4392189085483551
8943.0,0.0,0.039073653519153595
8944.0,0.0,0.024433191865682602
8945.0,0.0,0.4532330334186554
8946.0,0.0,0.01899777166545391
8947.0,1.0,0.8482744693756104
8948.0,1.0,0.025771109387278557
8949.0,0.0,0.025771109387278557
8950.0,0.0,0.025873281061649323
8951.0,0.0,0.01575755886733532
8952.0,0.0,0.016225576400756836
8953.0,0.0,0.016661789268255234
8954.0,0.0,0.023887183517217636
8955.0,0.0,0.02641528844833374
8956.0,0.0,0.025771109387278557
8957.0,0.0,0.525729238986969
8958.0,0.0,0.01506237406283617
8959.0,0.0,0.024717602878808975
8960.0,0.0,0.03740875422954559
8961.0,0.0,0.025771109387278557
8962.0,0.0,0.01629883050918579
8963.0,0.0,0.024871468544006348
8964.0,0.0,0.2373291254043579
8965.0,0.0,0.02426704578101635
8966.0,0.0,0.0013714581727981567
8967.0,0.0,0.014297300949692726
8968.0,0.0,0.025771109387278557
8969.0,0.0,0.017378058284521103
8970.0,0.0,0.07317094504833221
8971.0,0.0,0.025771109387278557
8972.0,0.0,0.025873281061649323
8973.0,0.0,0.02445853315293789
8974.0,0.0,0.023474901914596558
8975.0,0.0,0.0014202744932845235
8976.0,0.0,0.016661789268255234
8977.0,0.0,0.06456372141838074
8978.0,0.0,0.0012720894301310182
8979.0,0.0,0.04041139781475067
8980.0,0.0,0.02314114384353161
8981.0,0.0,0.016122156754136086
8982.0,0.0,0.030163714662194252
8983.0,0.0,0.010836593806743622
8984.0,0.0,0.2373291254043579
8985.0,0.0,0.037215910851955414
8986.0,0.0,0.025229530408978462
8987.0,0.0,0.05834890156984329
8988.0,0.0,0.04079590365290642
8989.0,1.0,0.4392189085483551
8990.0,0.0,0.001437790342606604
8991.0,0.0,0.024871468544006348
8992.0,0.0,0.02360360138118267
8993.0,0.0,0.016122156754136086
8994.0,0.0,0.04243891313672066
8995.0,0.0,0.024906201288104057
8996.0,0.0,0.05514055863022804
8997.0,0.0,0.017228078097105026
8998.0,0.0,0.025005033239722252
8999.0,0.0,0.026141773909330368
9000.0,0.0,0.026744144037365913
9001.0,0.0,0.0013608243316411972
9002.0,0.0,0.024556316435337067
9003.0,0.0,0.016435613855719566
9004.0,0.0,0.05826232582330704
9005.0,1.0,0.43501991033554077
9006.0,0.0,0.05538422241806984
9007.0,0.0,0.0013121713418513536
9008.0,0.0,0.025172991678118706
9009.0,0.0,0.001449301722459495
9010.0,0.0,0.02544485405087471
9011.0,0.0,0.036940768361091614
9012.0,0.0,0.02653190866112709
9013.0,0.0,0.014743927866220474
9014.0,0.0,0.022847406566143036
9015.0,0.0,0.015878908336162567
9016.0,0.0,0.015202022157609463
9017.0,0.0,0.023922305554151535
9018.0,0.0,0.01704694889485836
9019.0,0.0,0.028706278651952744
9020.0,0.0,0.023393183946609497
9021.0,0.0,0.0012555853463709354
9022.0,0.0,0.024717602878808975
9023.0,0.0,0.02236247807741165
9024.0,0.0,0.0013591691385954618
9025.0,0.0,0.037497278302907944
9026.0,0.0,0.0014566865283995867
9027.0,0.0,0.0597548745572567
9028.0,0.0,0.02641528844833374
9029.0,0.0,0.016435613855719566
9030.0,1.0,0.8570403456687927
9031.0,0.0,0.8380959630012512
9032.0,0.0,0.014870388433337212
9033.0,0.0,0.017115140333771706
9034.0,0.0,0.017739813774824142
9035.0,0.0,0.025545770302414894
9036.0,0.0,0.0014202744932845235
9037.0,0.0,0.016529247164726257
9038.0,0.0,0.4532330334186554
9039.0,0.0,0.05782511830329895
9040.0,0.0,0.024590618908405304
9041.0,0.0,0.02544485405087471
9042.0,0.0,0.02814936637878418
9043.0,0.0,0.016225576400756836
9044.0,0.0,0.027341853827238083
9045.0,0.0,0.030282769352197647
9046.0,0.0,0.017924703657627106
9047.0,0.0,0.003345412900671363
9048.0,1.0,0.9961983561515808
9049.0,0.0,0.01608537882566452
9050.0,0.0,0.058941278606653214
9051.0,0.0,0.0013663552235811949
9052.0,0.0,0.015856554731726646
9053.0,0.0,0.017969094216823578
9054.0,1.0,0.4443788528442383
9055.0,0.0,0.017969094216823578
9056.0,1.0,0.9756596088409424
9057.0,0.0,0.017336970195174217
9058.0,0.0,0.025172991678118706
9059.0,0.0,0.015856554731726646
9060.0,0.0,0.02445853315293789
9061.0,0.0,0.025771109387278557
9062.0,0.0,0.02824964001774788
9063.0,0.0,0.03343838080763817
9064.0,0.0,0.03513512387871742
9065.0,0.0,0.024717602878808975
9066.0,0.0,0.027955632656812668
9067.0,0.0,0.01899777166545391
9068.0,0.0,0.023887183517217636
9069.0,0.0,0.017378058284521103
9070.0,0.0,0.05898585543036461
9071.0,1.0,0.774584174156189
9072.0,1.0,0.43061134219169617
9073.0,0.0,0.027234036475419998
9074.0,1.0,0.43026041984558105
9075.0,0.0,0.009604624472558498
9076.0,0.0,0.024717602878808975
9077.0,0.0,0.025771109387278557
9078.0,0.0,0.014891373924911022
9079.0,0.0,0.02236247807741165
9080.0,0.0,0.4392189085483551
9081.0,0.0,0.0012741065584123135
9082.0,0.0,0.0013608243316411972
9083.0,0.0,0.060015689581632614
9084.0,0.0,0.013825992122292519
9085.0,0.0,0.023887183517217636
9086.0,0.0,0.01722889207303524
9087.0,0.0,0.3431324362754822
9088.0,0.0,0.02481570467352867
9089.0,0.0,0.05882978439331055
9090.0,0.0,0.06689666211605072
9091.0,0.0,0.024871468544006348
9092.0,0.0,0.025873281061649323
9093.0,0.0,0.02236247807741165
9094.0,0.0,0.05902445688843727
9095.0,0.0,0.02314114384353161
9096.0,0.0,0.015028689987957478
9097.0,0.0,0.022397181019186974
9098.0,0.0,0.015590906143188477
9099.0,0.0,0.025283005088567734
9100.0,0.0,0.06087524816393852
9101.0,0.0,0.011288595385849476
9102.0,0.0,0.017969094216823578
9103.0,0.0,0.0032407285179942846
9104.0,0.0,0.017378058284521103
9105.0,0.0,0.03752155229449272
9106.0,0.0,0.02719457447528839
9107.0,0.0,0.024717602878808975
9108.0,0.0,0.024717602878808975
9109.0,0.0,0.024871468544006348
9110.0,0.0,0.015413998626172543
9111.0,0.0,0.01729780063033104
9112.0,0.0,0.015553967095911503
9113.0,0.0,0.02314114384353161
9114.0,0.0,0.015556056052446365
9115.0,0.0,0.025771109387278557
9116.0,0.0,0.0013047066750004888
9117.0,0.0,0.003581981873139739
9118.0,0.0,0.010200626216828823
9119.0,0.0,0.0013906233943998814
9120.0,0.0,0.02360360138118267
9121.0,0.0,0.026744144037365913
9122.0,0.0,0.02628469653427601
9123.0,0.0,0.4445684850215912
9124.0,0.0,0.024717602878808975
9125.0,0.0,0.02602090686559677
9126.0,0.0,0.017378058284521103
9127.0,0.0,0.06375277787446976
9128.0,0.0,0.024717602878808975
9129.0,0.0,0.01575755886733532
9130.0,0.0,0.029535578563809395
9131.0,0.0,0.06154433637857437
9132.0,0.0,0.016121400520205498
9133.0,0.0,0.4037907123565674
9134.0,0.0,0.003027476603165269
9135.0,1.0,0.44021958112716675
9136.0,0.0,0.015675872564315796
9137.0,0.0,0.0229489766061306
9138.0,0.0,0.016122156754136086
9139.0,0.0,0.02710825391113758
9140.0,0.0,0.025771109387278557
9141.0,0.0,0.02314114384353161
9142.0,0.0,0.025873281061649323
9143.0,0.0,0.4773422181606293
9144.0,0.0,0.025873281061649323
9145.0,1.0,0.43061134219169617
9146.0,0.0,0.0014941769186407328
9147.0,0.0,0.034017689526081085
9148.0,0.0,0.07461477071046829
9149.0,0.0,0.02653190866112709
9150.0,0.0,0.025771109387278557
9151.0,0.0,0.0013694989029318094
9152.0,0.0,0.023888908326625824
9153.0,0.0,0.01947602443397045
9154.0,0.0,0.32667824625968933
9155.0,0.0,0.025771109387278557
9156.0,0.0,0.0357942134141922
9157.0,0.0,0.02314114384353161
9158.0,0.0,0.044249724596738815
9159.0,0.0,0.015375401824712753
9160.0,0.0,0.06839460879564285
9161.0,0.0,0.016109652817249298
9162.0,0.0,0.4476095139980316
9163.0,0.0,0.05475153774023056
9164.0,0.0,0.04300350323319435
9165.0,0.0,0.025771109387278557
9166.0,0.0,0.02995872125029564
9167.0,0.0,0.025873281061649323
9168.0,0.0,0.02814936637878418
9169.0,0.0,0.025283005088567734
9170.0,0.0,0.023948587477207184
9171.0,0.0,0.03901994973421097
9172.0,0.0,0.025346089154481888
9173.0,0.0,0.014243694953620434
9174.0,0.0,0.025005033239722252
9175.0,0.0,0.025771109387278557
9176.0,0.0,0.0015653333393856883
9177.0,0.0,0.015724515542387962
9178.0,0.0,0.02314114384353161
9179.0,0.0,0.023636609315872192
9180.0,0.0,0.022487236186861992
9181.0,0.0,0.0008104839362204075
9182.0,0.0,0.023887183517217636
9183.0,0.0,0.017969094216823578
9184.0,0.0,0.02398207224905491
9185.0,0.0,0.019073618575930595
9186.0,0.0,0.025771109387278557
9187.0,0.0,0.025550583377480507
9188.0,0.0,0.025771109387278557
9189.0,0.0,0.015878908336162567
9190.0,0.0,0.027341853827238083
9191.0,0.0,0.43061134219169617
9192.0,1.0,0.4322679936885834
9193.0,0.0,0.015878908336162567
9194.0,0.0,0.027234036475419998
9195.0,0.0,0.025771109387278557
9196.0,0.0,0.035886865109205246
9197.0,0.0,0.03458906710147858
9198.0,0.0,0.018421942368149757
9199.0,0.0,0.02663862146437168
9200.0,0.0,0.0037179694045335054
9201.0,0.0,0.015280703082680702
9202.0,0.0,0.0263888631016016
9203.0,0.0,0.001392714912071824
9204.0,0.0,0.0636674016714096
9205.0,0.0,0.016661789268255234
9206.0,0.0,0.4961549639701843
9207.0,0.0,0.040982529520988464
9208.0,0.0,0.012085461057722569
9209.0,1.0,0.5956190228462219
9210.0,0.0,0.015878908336162567
9211.0,0.0,0.025873281061649323
9212.0,0.0,0.025771109387278557
9213.0,0.0,0.02663862146437168
9214.0,0.0,0.04332609102129936
9215.0,0.0,0.02398207224905491
9216.0,0.0,0.025550583377480507
9217.0,0.0,0.0016109982971102
9218.0,0.0,0.01133112795650959
9219.0,0.0,0.06175331398844719
9220.0,1.0,0.8499495983123779
9221.0,1.0,0.024717602878808975
9222.0,0.0,0.05924532189965248
9223.0,0.0,0.025771109387278557
9224.0,0.0,0.02544485405087471
9225.0,0.0,0.03710399940609932
9226.0,0.0,0.0032437474001199007
9227.0,0.0,0.02895745076239109
9228.0,0.0,0.024970166385173798
9229.0,0.0,0.027234036475419998
9230.0,0.0,0.025771109387278557
9231.0,0.0,0.014243694953620434
9232.0,0.0,0.02314114384353161
9233.0,0.0,0.016435613855719566
9234.0,1.0,0.43061134219169617
9235.0,0.0,0.027234036475419998
9236.0,0.0,0.01722889207303524
9237.0,0.0,0.03634200617671013
9238.0,0.0,0.015223466791212559
9239.0,0.0,0.02803678810596466
9240.0,0.0,0.02314114384353161
9241.0,0.0,0.025873281061649323
9242.0,0.0,0.024970166385173798
9243.0,0.0,0.06431885063648224
9244.0,0.0,0.027234036475419998
9245.0,0.0,0.4800378084182739
9246.0,0.0,0.026122327893972397
9247.0,0.0,0.024906201288104057
9248.0,0.0,0.024871468544006348
9249.0,0.0,0.016435613855719566
9250.0,0.0,0.025873281061649323
9251.0,0.0,0.016714928671717644
9252.0,0.0,0.025771109387278557
9253.0,0.0,0.038782041519880295
9254.0,0.0,0.024717602878808975
9255.0,0.0,0.023922305554151535
9256.0,0.0,0.02314114384353161
9257.0,0.0,0.015220965258777142
9258.0,0.0,0.015938570722937584
9259.0,0.0,0.027234036475419998
9260.0,0.0,0.06100006029009819
9261.0,0.0,0.02445853315293789
9262.0,0.0,0.05730250105261803
9263.0,1.0,0.9961143732070923
9264.0,0.0,0.024871468544006348
9265.0,0.0,0.015438084490597248
9266.0,0.0,0.014743927866220474
9267.0,0.0,0.015193900093436241
9268.0,1.0,0.02314114384353161
9269.0,0.0,0.0016428837552666664
9270.0,0.0,0.015878908336162567
9271.0,0.0,0.016777299344539642
9272.0,0.0,0.015096615068614483
9273.0,0.0,0.0013663552235811949
9274.0,0.0,0.024906201288104057
9275.0,0.0,0.011426706798374653
9276.0,0.0,0.0015030310023576021
9277.0,0.0,0.024944746866822243
9278.0,0.0,0.016122156754136086
9279.0,0.0,0.0014551917556673288
9280.0,0.0,0.0014909888850525022
9281.0,0.0,0.0028884958010166883
9282.0,0.0,0.0013033684808760881
9283.0,0.0,0.040982529520988464
9284.0,1.0,0.904673159122467
9285.0,0.0,0.04332609102129936
9286.0,0.0,0.02544485405087471
9287.0,0.0,0.026300104334950447
9288.0,0.0,0.02440434880554676
9289.0,0.0,0.42740845680236816
9290.0,0.0,0.02628469653427601
9291.0,0.0,0.03942525386810303
9292.0,0.0,0.027913730591535568
9293.0,0.0,0.015413998626172543
9294.0,0.0,0.019073618575930595
9295.0,0.0,0.06198906525969505
9296.0,0.0,0.0014513740316033363
9297.0,0.0,0.01758851297199726
9298.0,0.0,0.001389697310514748
9299.0,0.0,0.026301685720682144
9300.0,0.0,0.02421925775706768
9301.0,0.0,0.023710720241069794
9302.0,0.0,0.027341853827238083
9303.0,0.0,0.014891373924911022
9304.0,0.0,0.015856554731726646
9305.0,0.0,0.01629883050918579
9306.0,0.0,0.013356479816138744
9307.0,0.0,0.025771109387278557
9308.0,1.0,0.996130108833313
9309.0,0.0,0.024555636569857597
9310.0,0.0,0.00125177635345608
9311.0,0.0,0.025771109387278557
9312.0,0.0,0.041035208851099014
9313.0,0.0,0.030525844544172287
9314.0,0.0,0.060643456876277924
9315.0,1.0,0.4287012219429016
9316.0,0.0,0.023474901914596558
9317.0,0.0,0.02207839861512184
9318.0,0.0,0.06465663015842438
9319.0,0.0,0.02544485405087471
9320.0,0.0,0.05607227236032486
9321.0,0.0,0.05405464768409729
9322.0,0.0,0.025771109387278557
9323.0,0.0,0.025005033239722252
9324.0,0.0,0.01462045032531023
9325.0,0.0,0.016225576400756836
9326.0,0.0,0.025550583377480507
9327.0,0.0,0.0013714581727981567
9328.0,0.0,0.017969094216823578
9329.0,0.0,0.05708349123597145
9330.0,0.0,0.024871468544006348
9331.0,0.0,0.0012772607151418924
9332.0,0.0,0.3581281900405884
9333.0,0.0,0.014743927866220474
9334.0,0.0,0.018040908500552177
9335.0,0.0,0.02663862146437168
9336.0,0.0,0.026122327893972397
9337.0,0.0,0.05522727221250534
9338.0,0.0,0.025005033239722252
9339.0,0.0,0.0288077499717474
9340.0,0.0,0.016548000276088715
9341.0,0.0,0.024590618908405304
9342.0,0.0,0.024906201288104057
9343.0,0.0,0.024944746866822243
9344.0,0.0,0.02314114384353161
9345.0,0.0,0.058945007622241974
9346.0,0.0,0.0013714581727981567
9347.0,0.0,0.014061274006962776
9348.0,0.0,0.025873281061649323
9349.0,0.0,0.02663862146437168
9350.0,0.0,0.02314114384353161
9351.0,0.0,0.06335165351629257
9352.0,0.0,0.02632135897874832
9353.0,0.0,0.03859657794237137
9354.0,0.0,0.058183833956718445
9355.0,1.0,0.9775838851928711
9356.0,0.0,0.014891373924911022
9357.0,0.0,0.025873281061649323
9358.0,0.0,0.02628469653427601
9359.0,0.0,0.024906201288104057
9360.0,0.0,0.0185039434581995
9361.0,0.0,0.059547122567892075
9362.0,0.0,0.027234036475419998
9363.0,0.0,0.024017333984375
9364.0,0.0,0.025545770302414894
9365.0,0.0,0.02544485405087471
9366.0,0.0,0.02517021633684635
9367.0,0.0,0.061627063900232315
9368.0,0.0,0.0013431700645014644
9369.0,0.0,0.025771109387278557
9370.0,0.0,0.02814936637878418
9371.0,0.0,0.01757531799376011
9372.0,0.0,0.06220649182796478
9373.0,0.0,0.01722889207303524
9374.0,0.0,0.025873281061649323
9375.0,0.0,0.04717712476849556
9376.0,1.0,0.43061134219169617
9377.0,0.0,0.4037907123565674
9378.0,0.0,0.01506237406283617
9379.0,0.0,0.0014078195672482252
9380.0,0.0,0.014093264937400818
9381.0,0.0,0.014743927866220474
9382.0,0.0,0.02481570467352867
9383.0,0.0,0.0597548745572567
9384.0,0.0,0.013648834079504013
9385.0,0.0,0.024017333984375
9386.0,0.0,0.024871468544006348
9387.0,0.0,0.023887183517217636
9388.0,0.0,0.025005033239722252
9389.0,0.0,0.024871468544006348
9390.0,0.0,0.029535578563809395
9391.0,0.0,0.026122327893972397
9392.0,0.0,0.018199829384684563
9393.0,0.0,0.06498962640762329
9394.0,0.0,0.022451452910900116
9395.0,0.0,0.024906201288104057
9396.0,0.0,0.025771109387278557
9397.0,0.0,0.01618671976029873
9398.0,0.0,0.0013714581727981567
9399.0,0.0,0.0014632827369496226
9400.0,0.0,0.026122327893972397
9401.0,0.0,0.0014202744932845235
9402.0,0.0,0.025873281061649323
9403.0,0.0,0.026744144037365913
9404.0,0.0,0.023853830993175507
9405.0,0.0,0.027913730591535568
9406.0,0.0,0.0013750650687143207
9407.0,0.0,0.025043737143278122
9408.0,0.0,0.026122327893972397
9409.0,0.0,0.02481570467352867
9410.0,0.0,0.040733180940151215
9411.0,0.0,0.025771109387278557
9412.0,0.0,0.024871468544006348
9413.0,0.0,0.027341853827238083
9414.0,0.0,0.024433191865682602
9415.0,0.0,0.025873281061649323
9416.0,0.0,0.01899777166545391
9417.0,0.0,0.05454898998141289
9418.0,0.0,0.017969094216823578
9419.0,0.0,0.061310164630413055
9420.0,0.0,0.0012266056146472692
9421.0,0.0,0.003244467545300722
9422.0,0.0,0.016661789268255234
9423.0,0.0,0.026301685720682144
9424.0,0.0,0.024906201288104057
9425.0,0.0,0.01165784988552332
9426.0,0.0,0.024717602878808975
9427.0,0.0,0.025771109387278557
9428.0,0.0,0.01678997464478016
9429.0,0.0,0.05476207286119461
9430.0,0.0,0.025771109387278557
9431.0,0.0,0.015413998626172543
9432.0,0.0,0.0014202744932845235
9433.0,0.0,0.016237957403063774
9434.0,0.0,0.038782041519880295
9435.0,0.0,0.024556316435337067
9436.0,0.0,0.0572500005364418
9437.0,0.0,0.056136466562747955
9438.0,1.0,0.01722889207303524
9439.0,0.0,0.02663862146437168
9440.0,0.0,0.02358420193195343
9441.0,0.0,0.02314114384353161
9442.0,0.0,0.034389086067676544
9443.0,0.0,0.022653555497527122
9444.0,0.0,0.026405904442071915
9445.0,0.0,0.023853830993175507
9446.0,0.0,0.02663862146437168
9447.0,0.0,0.029769327491521835
9448.0,0.0,0.016122156754136086
9449.0,0.0,0.0385444350540638
9450.0,0.0,0.025005033239722252
9451.0,0.0,0.4595222473144531
9452.0,0.0,0.02207839861512184
9453.0,0.0,0.0013714581727981567
9454.0,0.0,0.041240986436605453
9455.0,0.0,0.4360010325908661
9456.0,0.0,0.018700268119573593
9457.0,0.0,0.0597548745572567
9458.0,1.0,0.024871468544006348
9459.0,0.0,0.06512225419282913
9460.0,0.0,0.016853002831339836
9461.0,0.0,0.0012283599935472012
9462.0,0.0,0.026122327893972397
9463.0,0.0,0.0242068562656641
9464.0,0.0,0.05621235817670822
9465.0,0.0,0.024906201288104057
9466.0,0.0,0.0246882326900959
9467.0,0.0,0.02398207224905491
9468.0,0.0,0.024717602878808975
9469.0,0.0,0.024717602878808975
9470.0,0.0,0.0012720894301310182
9471.0,0.0,0.024501239880919456
9472.0,0.0,0.03220509737730026
9473.0,0.0,0.01081225648522377
9474.0,0.0,0.016994355246424675
9475.0,0.0,0.0013591691385954618
9476.0,0.0,0.4287012219429016
9477.0,1.0,0.8454277515411377
9478.0,0.0,0.0012720894301310182
9479.0,0.0,0.02663862146437168
9480.0,0.0,0.0014970481861382723
9481.0,0.0,0.3275723159313202
9482.0,0.0,0.001295147929340601
9483.0,0.0,0.0034470735117793083
9484.0,0.0,0.025873281061649323
9485.0,0.0,0.025283005088567734
9486.0,0.0,0.02398207224905491
9487.0,0.0,0.024555636569857597
9488.0,0.0,0.0008162669837474823
9489.0,0.0,0.05730250105261803
9490.0,0.0,0.06175331398844719
9491.0,0.0,0.0013750650687143207
9492.0,0.0,0.01729780063033104
9493.0,0.0,0.018040908500552177
9494.0,0.0,0.025771109387278557
9495.0,0.0,0.05708349123597145
9496.0,0.0,0.017969094216823578
9497.0,0.0,0.01678997464478016
9498.0,0.0,0.0013714581727981567
9499.0,0.0,0.009882061742246151
9500.0,0.0,0.022451452910900116
9501.0,0.0,0.01506237406283617
9502.0,0.0,0.025550583377480507
9503.0,0.0,0.06939762830734253
9504.0,0.0,0.0012173517607152462
9505.0,0.0,0.0014260467141866684
9506.0,0.0,0.026744144037365913
9507.0,0.0,0.026141773909330368
9508.0,0.0,0.02628469653427601
9509.0,0.0,0.015413998626172543
9510.0,0.0,0.014426080510020256
9511.0,0.0,0.022847406566143036
9512.0,0.0,0.003374945605173707
9513.0,0.0,0.025245940312743187
9514.0,0.0,0.03747883439064026
9515.0,0.0,0.02544485405087471
9516.0,0.0,0.0013536671176552773
9517.0,0.0,0.014870388433337212
9518.0,0.0,0.026122327893972397
9519.0,0.0,0.02624538727104664
9520.0,0.0,0.024906201288104057
9521.0,0.0,0.027913730591535568
9522.0,0.0,0.04788393899798393
9523.0,0.0,0.028508367016911507
9524.0,0.0,0.02236247807741165
9525.0,0.0,0.04428699612617493
9526.0,0.0,0.4169633090496063
9527.0,0.0,0.016225576400756836
9528.0,0.0,0.014777462929487228
9529.0,0.0,0.022775495424866676
9530.0,0.0,0.02314114384353161
9531.0,0.0,0.022685261443257332
9532.0,0.0,0.02236247807741165
9533.0,0.0,0.02663862146437168
9534.0,0.0,0.024717602878808975
9535.0,0.0,0.02632135897874832
9536.0,0.0,0.025005033239722252
9537.0,0.0,0.025771109387278557
9538.0,0.0,0.015724515542387962
9539.0,0.0,0.03896172344684601
9540.0,0.0,0.01678997464478016
9541.0,0.0,0.024970166385173798
9542.0,0.0,0.02826070226728916
9543.0,0.0,0.02632135897874832
9544.0,0.0,0.0014693202683702111
9545.0,0.0,0.025227047502994537
9546.0,0.0,0.0015030310023576021
9547.0,0.0,0.05522727221250534
9548.0,0.0,0.0014566865283995867
9549.0,0.0,0.060015689581632614
9550.0,0.0,0.04041016474366188
9551.0,0.0,0.02663862146437168
9552.0,0.0,0.014093264937400818
9553.0,0.0,0.43061134219169617
9554.0,0.0,0.02236247807741165
9555.0,0.0,0.031205356121063232
9556.0,0.0,0.010245205834507942
9557.0,0.0,0.050926804542541504
9558.0,0.0,0.0014502613339573145
9559.0,0.0,0.025771109387278557
9560.0,0.0,0.0013714581727981567
9561.0,0.0,0.024906201288104057
9562.0,0.0,0.015107985585927963
9563.0,0.0,0.05826232582330704
9564.0,0.0,0.025005033239722252
9565.0,0.0,0.025227047502994537
9566.0,0.0,0.03967888653278351
9567.0,0.0,0.05910811945796013
9568.0,0.0,0.016661789268255234
9569.0,0.0,0.03957344591617584
9570.0,0.0,0.02426442876458168
9571.0,0.0,0.01635638438165188
9572.0,0.0,0.027234036475419998
9573.0,0.0,0.0685417577624321
9574.0,0.0,0.023636609315872192
9575.0,0.0,0.02526475116610527
9576.0,0.0,0.01575755886733532
9577.0,0.0,0.4228905141353607
9578.0,0.0,0.0019164407858625054
9579.0,1.0,0.06512225419282913
9580.0,0.0,0.4532330334186554
9581.0,0.0,0.01133112795650959
9582.0,0.0,0.024717602878808975
9583.0,0.0,0.024556316435337067
9584.0,1.0,0.05522727221250534
9585.0,0.0,0.05638376995921135
9586.0,0.0,0.05741441249847412
9587.0,0.0,0.024255694821476936
9588.0,0.0,0.024871468544006348
9589.0,0.0,0.015223466791212559
9590.0,0.0,0.029535578563809395
9591.0,0.0,0.02854803204536438
9592.0,0.0,0.025245940312743187
9593.0,0.0,0.02314114384353161
9594.0,0.0,0.05844329297542572
9595.0,0.0,0.001993543468415737
9596.0,0.0,0.0012555853463709354
9597.0,0.0,0.017008891329169273
9598.0,0.0,0.03683403134346008
9599.0,0.0,0.027234036475419998
9600.0,0.0,0.023568198084831238
9601.0,0.0,0.02465379238128662
9602.0,0.0,0.022847406566143036
9603.0,0.0,0.0008283127681352198
9604.0,0.0,0.023887183517217636
9605.0,0.0,0.02667977847158909
9606.0,0.0,0.02445853315293789
9607.0,0.0,0.01704694889485836
9608.0,0.0,0.003138103988021612
9609.0,0.0,0.02440434880554676
9610.0,0.0,0.023474901914596558
9611.0,0.0,0.024871468544006348
9612.0,0.0,0.02355126105248928
9613.0,0.0,0.026141773909330368
9614.0,0.0,0.05795514956116676
9615.0,0.0,0.02885267697274685
9616.0,0.0,0.023853830993175507
9617.0,0.0,0.02544485405087471
9618.0,0.0,0.0263888631016016
9619.0,0.0,0.01899777166545391
9620.0,0.0,0.0013895576121285558
9621.0,0.0,0.0262258630245924
9622.0,0.0,0.017693044617772102
9623.0,0.0,0.02314114384353161
9624.0,0.0,0.024906201288104057
9625.0,0.0,0.025771109387278557
9626.0,0.0,0.023853830993175507
9627.0,0.0,0.02445853315293789
9628.0,0.0,0.02854803204536438
9629.0,0.0,0.029535578563809395
9630.0,0.0,0.017228078097105026
9631.0,0.0,0.02481570467352867
9632.0,0.0,0.024970166385173798
9633.0,0.0,0.016435613855719566
9634.0,1.0,0.02667977847158909
9635.0,1.0,0.36442863941192627
9636.0,0.0,0.014680053107440472
9637.0,0.0,0.02323314920067787
9638.0,0.0,0.0012283599935472012
9639.0,0.0,0.02361888997256756
9640.0,0.0,0.023887183517217636
9641.0,0.0,0.014621013775467873
9642.0,0.0,0.025005033239722252
9643.0,0.0,0.039917442947626114
9644.0,1.0,0.8470497131347656
9645.0,0.0,0.037497278302907944
9646.0,0.0,0.029848946258425713
9647.0,0.0,0.025771109387278557
9648.0,0.0,0.027234036475419998
9649.0,0.0,0.02814936637878418
9650.0,0.0,0.022047515958547592
9651.0,0.0,0.02814936637878418
9652.0,0.0,0.02632135897874832
9653.0,0.0,0.02689267322421074
9654.0,0.0,0.017378058284521103
9655.0,0.0,0.028332654386758804
9656.0,0.0,0.02632135897874832
9657.0,0.0,0.025172991678118706
9658.0,0.0,0.027234036475419998
9659.0,0.0,0.023887183517217636
9660.0,0.0,0.05707152560353279
9661.0,0.0,0.015878908336162567
9662.0,0.0,0.05821302905678749
9663.0,0.0,0.02314114384353161
9664.0,0.0,0.0219366904348135
9665.0,0.0,0.015413998626172543
9666.0,0.0,0.0167525801807642
9667.0,1.0,0.41751599311828613
9668.0,0.0,0.0013462231727316976
9669.0,0.0,0.0008660730673000216
9670.0,0.0,0.02323314920067787
9671.0,0.0,0.027234036475419998
9672.0,0.0,0.014743927866220474
9673.0,0.0,0.0013193896738812327
9674.0,0.0,0.017997104674577713
9675.0,0.0,0.00967075489461422
9676.0,0.0,0.04191213846206665
9677.0,0.0,0.031328391283750534
9678.0,0.0,0.02323314920067787
9679.0,0.0,0.02513364516198635
9680.0,0.0,0.02018212527036667
9681.0,0.0,0.05616211146116257
9682.0,0.0,0.06368388235569
9683.0,0.0,0.025771109387278557
9684.0,0.0,0.06368388235569
9685.0,0.0,0.02314114384353161
9686.0,0.0,0.0012999485479667783
9687.0,0.0,0.01133112795650959
9688.0,0.0,0.04158467799425125
9689.0,0.0,0.017968246713280678
9690.0,1.0,0.5049108862876892
9691.0,0.0,0.024906201288104057
9692.0,0.0,0.05599725991487503
9693.0,0.0,0.0034053996205329895
9694.0,1.0,0.05547303706407547
9695.0,0.0,0.05787777155637741
9696.0,0.0,0.4100680947303772
9697.0,0.0,0.023887183517217636
9698.0,0.0,0.0597548745572567
9699.0,0.0,0.015202022157609463
9700.0,1.0,0.015280703082680702
9701.0,0.0,0.02536497637629509
9702.0,0.0,0.060015689581632614
9703.0,0.0,0.0012333538616076112
9704.0,0.0,0.016435613855719566
9705.0,0.0,0.34056469798088074
9706.0,0.0,0.01685047335922718
9707.0,0.0,0.01722889207303524
9708.0,0.0,0.02440434880554676
9709.0,0.0,0.029535578563809395
9710.0,0.0,0.015155063942074776
9711.0,0.0,0.025707945227622986
9712.0,0.0,0.0013047066750004888
9713.0,0.0,0.011000842787325382
9714.0,0.0,0.026744144037365913
9715.0,0.0,0.025771109387278557
9716.0,0.0,0.025310751050710678
9717.0,0.0,0.01704694889485836
9718.0,1.0,0.3308098614215851
9719.0,0.0,0.026744144037365913
9720.0,0.0,0.015413998626172543
9721.0,0.0,0.013648834079504013
9722.0,0.0,0.0014561552088707685
9723.0,0.0,0.03859657794237137
9724.0,0.0,0.017969094216823578
9725.0,0.0,0.02314114384353161
9726.0,0.0,0.0013121713418513536
9727.0,0.0,0.026122327893972397
9728.0,0.0,0.015878908336162567
9729.0,0.0,0.027341853827238083
9730.0,0.0,0.025550583377480507
9731.0,0.0,0.0008341518696397543
9732.0,0.0,0.0033274877350777388
9733.0,0.0,0.06139259412884712
9734.0,0.0,0.054085057228803635
9735.0,0.0,0.018040908500552177
9736.0,0.0,0.017521150410175323
9737.0,0.0,0.025651903823018074
9738.0,0.0,0.01629883050918579
9739.0,0.0,0.025771109387278557
9740.0,1.0,0.8454277515411377
9741.0,0.0,0.01692560501396656
9742.0,0.0,0.0014412200544029474
9743.0,0.0,0.0263888631016016
9744.0,0.0,0.0013714581727981567
9745.0,0.0,0.003244467545300722
9746.0,0.0,0.016853002831339836
9747.0,0.0,0.024906201288104057
9748.0,0.0,0.028022009879350662
9749.0,0.0,0.024906201288104057
9750.0,0.0,0.06428132206201553
9751.0,0.0,0.015413998626172543
9752.0,0.0,0.023887183517217636
9753.0,0.0,0.017739813774824142
9754.0,0.0,0.018040908500552177
9755.0,0.0,0.016994355246424675
9756.0,0.0,0.016435613855719566
9757.0,0.0,0.41323480010032654
9758.0,0.0,0.024906201288104057
9759.0,0.0,0.0014693202683702111
9760.0,0.0,0.014777462929487228
9761.0,0.0,0.4287012219429016
9762.0,0.0,0.4453819990158081
9763.0,0.0,0.025005033239722252
9764.0,0.0,0.0159847903996706
9765.0,0.0,0.019073618575930595
9766.0,0.0,0.025810956954956055
9767.0,0.0,0.02064839005470276
9768.0,1.0,0.038453470915555954
9769.0,1.0,0.059498436748981476
9770.0,0.0,0.016382457688450813
9771.0,0.0,0.05730250105261803
9772.0,0.0,0.4316074550151825
9773.0,0.0,0.024433191865682602
9774.0,1.0,0.9706440567970276
9775.0,0.0,0.027234036475419998
9776.0,0.0,0.4197966754436493
9777.0,0.0,0.02653190866112709
9778.0,0.0,0.016530299559235573
9779.0,0.0,0.025873281061649323
9780.0,0.0,0.06021404266357422
9781.0,0.0,0.01704694889485836
9782.0,0.0,0.015590906143188477
9783.0,0.0,0.0014953227946534753
9784.0,0.0,0.04332609102129936
9785.0,0.0,0.025550583377480507
9786.0,0.0,0.0012772607151418924
9787.0,0.0,0.01629883050918579
9788.0,0.0,0.02544485405087471
9789.0,0.0,0.025583310052752495
9790.0,0.0,0.0012283599935472012
9791.0,0.0,0.028508367016911507
9792.0,0.0,0.01575755886733532
9793.0,0.0,0.017969094216823578
9794.0,0.0,0.029535578563809395
9795.0,0.0,0.025005033239722252
9796.0,0.0,0.013825992122292519
9797.0,0.0,0.02641528844833374
9798.0,1.0,0.027234036475419998
9799.0,0.0,0.003551457542926073
9800.0,0.0,0.05708349123597145
9801.0,0.0,0.001694628968834877
9802.0,0.0,0.016994355246424675
9803.0,0.0,0.02445853315293789
9804.0,0.0,0.02663862146437168
9805.0,1.0,0.9388445615768433
9806.0,0.0,0.0013486293610185385
9807.0,0.0,0.024555636569857597
9808.0,0.0,0.022685261443257332
9809.0,0.0,0.04715581238269806
9810.0,0.0,0.015413998626172543
9811.0,0.0,0.024717602878808975
9812.0,0.0,0.24193497002124786
9813.0,0.0,0.003731371136382222
9814.0,0.0,0.03752155229449272
9815.0,0.0,0.001396275358274579
9816.0,0.0,0.016435613855719566
9817.0,0.0,0.023853830993175507
9818.0,0.0,0.026122327893972397
9819.0,0.0,0.003424345515668392
9820.0,1.0,0.057245396077632904
9821.0,0.0,0.02360360138118267
9822.0,0.0,0.0262258630245924
9823.0,0.0,0.0014359471388161182
9824.0,0.0,0.02314114384353161
9825.0,1.0,0.9962475895881653
9826.0,0.0,0.41840609908103943
9827.0,0.0,0.0014513740316033363
9828.0,1.0,0.9656259417533875
9829.0,0.0,0.02591816894710064
9830.0,0.0,0.014243694953620434
9831.0,0.0,0.0013663552235811949
9832.0,0.0,0.07152251899242401
9833.0,1.0,0.026744144037365913
9834.0,0.0,0.0014202744932845235
9835.0,0.0,0.027234036475419998
9836.0,0.0,0.0013714581727981567
9837.0,0.0,0.025771109387278557
9838.0,0.0,0.026141773909330368
9839.0,0.0,0.02663862146437168
9840.0,0.0,0.027777401730418205
9841.0,0.0,0.0014260467141866684
9842.0,0.0,0.02440434880554676
9843.0,0.0,0.024590618908405304
9844.0,0.0,0.025771109387278557
9845.0,0.0,0.02061801590025425
9846.0,0.0,0.015878908336162567
9847.0,0.0,0.0013140484225004911
9848.0,0.0,0.0597548745572567
9849.0,0.0,0.025545770302414894
9850.0,0.0,0.0014260467141866684
9851.0,0.0,0.02663862146437168
9852.0,0.0,0.0014260467141866684
9853.0,0.0,0.003480709157884121
9854.0,0.0,0.025383293628692627
9855.0,0.0,0.02814936637878418
9856.0,0.0,0.0014018514193594456
9857.0,0.0,0.0015839730622246861
9858.0,0.0,0.017810726538300514
9859.0,0.0,0.05607227236032486
9860.0,0.0,0.022938264533877373
9861.0,0.0,0.0033087374176830053
9862.0,1.0,0.06689666211605072
9863.0,0.0,0.025771109387278557
9864.0,0.0,0.04596911370754242
9865.0,0.0,0.0597548745572567
9866.0,0.0,0.02814936637878418
9867.0,0.0,0.027428707107901573
9868.0,0.0,0.025514967739582062
9869.0,0.0,0.023474901914596558
9870.0,0.0,0.05436822399497032
9871.0,0.0,0.8499495983123779
9872.0,0.0,0.06021404266357422
9873.0,0.0,0.034646641463041306
9874.0,0.0,0.022847406566143036
9875.0,0.0,0.026122327893972397
9876.0,0.0,0.024906201288104057
9877.0,0.0,0.026141773909330368
9878.0,1.0,0.43704754114151
9879.0,0.0,0.013879301957786083
9880.0,0.0,0.02360360138118267
9881.0,0.0,0.016435613855719566
9882.0,0.0,0.02663862146437168
9883.0,1.0,0.43125638365745544
9884.0,0.0,0.025550583377480507
9885.0,0.0,0.024906201288104057
9886.0,0.0,0.014743927866220474
9887.0,0.0,0.0014459739904850721
9888.0,0.0,0.025771109387278557
9889.0,0.0,0.017769450321793556
9890.0,0.0,0.0014202744932845235
9891.0,0.0,0.027234036475419998
9892.0,0.0,0.025771109387278557
9893.0,0.0,0.02663862146437168
9894.0,0.0,0.01575755886733532
9895.0,0.0,0.01376468688249588
9896.0,0.0,0.012085461057722569
9897.0,0.0,0.024717602878808975
9898.0,0.0,0.025005033239722252
9899.0,0.0,0.016548000276088715
9900.0,0.0,0.024906201288104057
9901.0,0.0,0.015223466791212559
9902.0,0.0,0.01899777166545391
9903.0,1.0,0.4532330334186554
9904.0,0.0,0.03749186545610428
9905.0,0.0,0.047726742923259735
9906.0,0.0,0.024590618908405304
9907.0,0.0,0.025771109387278557
9908.0,0.0,0.024590618908405304
9909.0,0.0,0.013970283791422844
9910.0,0.0,0.024906201288104057
9911.0,0.0,0.014891373924911022
9912.0,0.0,0.017969094216823578
9913.0,0.0,0.06583894789218903
9914.0,0.0,0.024590618908405304
9915.0,0.0,0.023922305554151535
9916.0,0.0,0.5049108862876892
9917.0,0.0,0.061310164630413055
9918.0,0.0,0.02314114384353161
9919.0,0.0,0.025651903823018074
9920.0,0.0,0.025651903823018074
9921.0,0.0,0.03611837327480316
9922.0,0.0,0.01584351621568203
9923.0,0.0,0.0690503939986229
9924.0,0.0,0.04926452785730362
9925.0,0.0,0.0014693202683702111
9926.0,0.0,0.010268616490066051
9927.0,0.0,0.4360010325908661
9928.0,0.0,0.13400940597057343
9929.0,0.0,0.06009460613131523
9930.0,0.0,0.0013714581727981567
9931.0,0.0,0.0246882326900959
9932.0,0.0,0.024717602878808975
9933.0,0.0,0.03975355252623558
9934.0,0.0,0.025771109387278557
9935.0,0.0,0.02426704578101635
9936.0,0.0,0.024906201288104057
9937.0,0.0,0.025771109387278557
9938.0,0.0,0.024906201288104057
9939.0,0.0,0.029163094237446785
9940.0,0.0,0.0015415605157613754
9941.0,0.0,0.02481570467352867
9942.0,0.0,0.026425663381814957
9943.0,0.0,0.016435613855719566
9944.0,0.0,0.024906201288104057
9945.0,0.0,0.025771109387278557
9946.0,0.0,0.025771109387278557
9947.0,0.0,0.43061134219169617
9948.0,0.0,0.025005033239722252
9949.0,0.0,0.026010524481534958
9950.0,0.0,0.0012333538616076112
9951.0,0.0,0.4006469249725342
9952.0,0.0,0.014891373924911022
9953.0,0.0,0.023922305554151535
9954.0,0.0,0.02358420193195343
9955.0,0.0,0.016435613855719566
9956.0,0.0,0.017969094216823578
9957.0,0.0,0.041238512843847275
9958.0,1.0,0.32667824625968933
9959.0,0.0,0.04041016474366188
9960.0,0.0,0.022938264533877373
9961.0,0.0,0.0012717836070805788
9962.0,0.0,0.025771109387278557
9963.0,0.0,0.015878908336162567
9964.0,0.0,0.05831605941057205
9965.0,0.0,0.027234036475419998
9966.0,0.0,0.015878908336162567
9967.0,0.0,0.027341853827238083
9968.0,0.0,0.01678997464478016
9969.0,1.0,0.06401272863149643
9970.0,0.0,0.02544485405087471
9971.0,0.0,0.025873281061649323
9972.0,0.0,0.0032922266982495785
9973.0,0.0,0.025873281061649323
9974.0,0.0,0.018040908500552177
9975.0,0.0,0.023474901914596558
9976.0,0.0,0.056377820670604706
9977.0,0.0,0.016122156754136086
9978.0,0.0,0.023887183517217636
9979.0,0.0,0.01685047335922718
9980.0,0.0,0.015413998626172543
9981.0,0.0,0.026301685720682144
9982.0,0.0,0.01521681435406208
9983.0,0.0,0.02709795907139778
9984.0,0.0,0.03115367330610752
9985.0,1.0,0.6693575978279114
9986.0,0.0,0.03363712877035141
9987.0,0.0,0.03710399940609932
9988.0,0.0,0.038782041519880295
9989.0,0.0,0.0013608243316411972
9990.0,0.0,0.0013694989029318094
9991.0,0.0,0.017969094216823578
9992.0,0.0,0.022166267037391663
9993.0,0.0,0.0033102568704634905
9994.0,1.0,0.47073468565940857
9995.0,0.0,0.04354483634233475
9996.0,0.0,0.05893402174115181
9997.0,0.0,0.024501239880919456
9998.0,0.0,0.03024076670408249
9999.0,0.0,0.02628469653427601
10000.0,0.0,0.022622419521212578
10001.0,0.0,0.05812613666057587
10002.0,0.0,0.024871468544006348
10003.0,0.0,0.02481570467352867
10004.0,0.0,0.016435613855719566
10005.0,1.0,0.017336970195174217
10006.0,0.0,0.016435613855719566
10007.0,0.0,0.027234036475419998
10008.0,0.0,0.029535578563809395
10009.0,0.0,0.0015091396635398269
10010.0,0.0,0.0012720894301310182
10011.0,0.0,0.01722889207303524
10012.0,0.0,0.010836593806743622
10013.0,0.0,0.4316074550151825
10014.0,0.0,0.0013536671176552773
10015.0,0.0,0.016225576400756836
10016.0,0.0,0.022847406566143036
10017.0,0.0,0.013356479816138744
10018.0,0.0,0.0014202744932845235
10019.0,0.0,0.02323314920067787
10020.0,0.0,0.014588294550776482
10021.0,0.0,0.010245205834507942
10022.0,0.0,0.0015030310023576021
10023.0,0.0,0.059726130217313766
10024.0,0.0,0.059674497693777084
10025.0,0.0,0.014588294550776482
10026.0,0.0,0.016435613855719566
10027.0,0.0,0.027234036475419998
10028.0,0.0,0.026301685720682144
10029.0,0.0,0.02314114384353161
10030.0,1.0,0.4800378084182739
10031.0,0.0,0.025383293628692627
10032.0,0.0,0.02323314920067787
10033.0,0.0,0.026141773909330368
10034.0,0.0,0.026122327893972397
10035.0,0.0,0.02465379238128662
10036.0,0.0,0.022847406566143036
10037.0,0.0,0.016225576400756836
10038.0,0.0,0.023677917197346687
10039.0,0.0,0.01722889207303524
10040.0,0.0,0.06490270048379898
10041.0,0.0,0.02236247807741165
10042.0,0.0,0.03329914063215256
10043.0,0.0,0.02236247807741165
10044.0,0.0,0.32667824625968933
10045.0,0.0,0.02475586347281933
10046.0,0.0,0.0634346678853035
10047.0,0.0,0.01740630343556404
10048.0,0.0,0.02663862146437168
10049.0,0.0,0.023887183517217636
10050.0,0.0,0.0013663552235811949
10051.0,0.0,0.016994355246424675
10052.0,0.0,0.02323314920067787
10053.0,0.0,0.024871468544006348
10054.0,0.0,0.024871468544006348
10055.0,0.0,0.016435613855719566
10056.0,0.0,0.05515262857079506
10057.0,0.0,0.0034105125814676285
10058.0,0.0,0.018215972930192947
10059.0,0.0,0.024906201288104057
10060.0,0.0,0.003196687437593937
10061.0,0.0,0.0013807386858388782
10062.0,0.0,0.041112322360277176
10063.0,0.0,0.017378058284521103
10064.0,0.0,0.015675872564315796
10065.0,0.0,0.0013714581727981567
10066.0,0.0,0.0015030310023576021
10067.0,0.0,0.024017333984375
10068.0,0.0,0.023568198084831238
10069.0,0.0,0.023636609315872192
10070.0,0.0,0.05848557502031326
10071.0,0.0,0.03458906710147858
10072.0,0.0,0.014743927866220474
10073.0,0.0,0.0013714581727981567
10074.0,0.0,0.0014078195672482252
10075.0,0.0,0.0012989522656425834
10076.0,0.0,0.016661789268255234
10077.0,0.0,0.025873281061649323
10078.0,0.0,0.06777822971343994
10079.0,0.0,0.039073653519153595
10080.0,0.0,0.0034192120656371117
10081.0,0.0,0.0014202744932845235
10082.0,0.0,0.0014018514193594456
10083.0,0.0,0.025005033239722252
10084.0,0.0,0.023636609315872192
10085.0,0.0,0.026425663381814957
10086.0,0.0,0.036484528332948685
10087.0,1.0,0.024717602878808975
10088.0,0.0,0.02314114384353161
10089.0,0.0,0.024590618908405304
10090.0,0.0,0.02544485405087471
10091.0,0.0,0.026744144037365913
10092.0,0.0,0.014463476836681366
10093.0,0.0,0.014870388433337212
10094.0,0.0,0.04420370236039162
10095.0,0.0,0.02814936637878418
10096.0,1.0,0.0232691653072834
10097.0,0.0,0.01758851297199726
10098.0,0.0,0.055040765553712845
10099.0,0.0,0.016435613855719566
10100.0,0.0,0.0034005448687821627
10101.0,0.0,0.02236247807741165
10102.0,0.0,0.02445853315293789
10103.0,0.0,0.06175331398844719
10104.0,0.0,0.02749258652329445
10105.0,0.0,0.02663862146437168
10106.0,0.0,0.017969094216823578
10107.0,1.0,0.4616709053516388
10108.0,0.0,0.024906201288104057
10109.0,0.0,0.061627063900232315
10110.0,0.0,0.018040908500552177
10111.0,0.0,0.3513956665992737
10112.0,0.0,0.025771109387278557
10113.0,0.0,0.025771109387278557
10114.0,0.0,0.030076995491981506
10115.0,0.0,0.016122156754136086
10116.0,0.0,0.01678997464478016
10117.0,0.0,0.024717602878808975
10118.0,0.0,0.036397580057382584
10119.0,0.0,0.025771109387278557
10120.0,0.0,0.024906201288104057
10121.0,0.0,0.024871468544006348
10122.0,1.0,0.852695107460022
10123.0,0.0,0.017969094216823578
10124.0,0.0,0.01678997464478016
10125.0,0.0,0.02632135897874832
10126.0,0.0,0.02358420193195343
10127.0,0.0,0.024871468544006348
10128.0,0.0,0.06512225419282913
10129.0,1.0,0.48198366165161133
10130.0,0.0,0.025771109387278557
10131.0,0.0,0.01685047335922718
10132.0,0.0,0.05533432960510254
10133.0,0.0,0.02632135897874832
10134.0,0.0,0.027234036475419998
10135.0,0.0,0.0273841954767704
10136.0,0.0,0.02663862146437168
10137.0,0.0,0.024906201288104057
10138.0,0.0,0.02814936637878418
10139.0,0.0,0.023922305554151535
10140.0,0.0,0.016994355246424675
10141.0,0.0,0.024717602878808975
10142.0,0.0,0.016435613855719566
10143.0,0.0,0.024717602878808975
10144.0,0.0,0.024871468544006348
10145.0,0.0,0.027234036475419998
10146.0,0.0,0.0014752917923033237
10147.0,0.0,0.017739813774824142
10148.0,0.0,0.02641528844833374
10149.0,0.0,0.026425663381814957
10150.0,0.0,0.016994355246424675
10151.0,0.0,0.039093051105737686
10152.0,0.0,0.0013608243316411972
10153.0,0.0,0.016994355246424675
10154.0,0.0,0.025771109387278557
10155.0,0.0,0.0015030310023576021
10156.0,0.0,0.02440434880554676
10157.0,0.0,0.016435613855719566
10158.0,0.0,0.0008372063748538494
10159.0,0.0,0.024906201288104057
10160.0,0.0,0.024717602878808975
10161.0,0.0,0.02360360138118267
10162.0,0.0,0.003345412900671363
10163.0,1.0,0.05264653265476227
10164.0,0.0,0.011940901167690754
10165.0,0.0,0.01729780063033104
10166.0,0.0,0.025771109387278557
10167.0,0.0,0.025771109387278557
10168.0,0.0,0.0014632827369496226
10169.0,0.0,0.026122327893972397
10170.0,0.0,0.023887183517217636
10171.0,0.0,0.050926804542541504
10172.0,0.0,0.0032610218040645123
10173.0,0.0,0.024717602878808975
10174.0,0.0,0.05795514956116676
10175.0,0.0,0.024717602878808975
10176.0,0.0,0.0034886039793491364
10177.0,0.0,0.4166153073310852
10178.0,0.0,0.06349930912256241
10179.0,0.0,0.34169960021972656
10180.0,0.0,0.025771109387278557
10181.0,0.0,0.04692196473479271
10182.0,0.0,0.01899777166545391
10183.0,0.0,0.02317703142762184
10184.0,0.0,0.03967888653278351
10185.0,0.0,0.02236247807741165
10186.0,0.0,0.015878908336162567
10187.0,0.0,0.011426706798374653
10188.0,0.0,0.014743927866220474
10189.0,0.0,0.0015091396635398269
10190.0,0.0,0.039073653519153595
10191.0,0.0,0.016293639317154884
10192.0,0.0,0.05475153774023056
10193.0,0.0,0.024717602878808975
10194.0,0.0,0.02236247807741165
10195.0,0.0,0.02070019766688347
10196.0,0.0,0.0013916846364736557
10197.0,0.0,0.016853002831339836
10198.0,0.0,0.04070216044783592
10199.0,0.0,0.025771109387278557
10200.0,0.0,0.012085461057722569
10201.0,0.0,0.02641528844833374
10202.0,1.0,0.8454277515411377
10203.0,0.0,0.05616211146116257
10204.0,0.0,0.4454721212387085
10205.0,0.0,0.026405904442071915
10206.0,0.0,0.02521074190735817
10207.0,0.0,0.015590906143188477
10208.0,0.0,0.0033153772819787264
10209.0,0.0,0.06823190301656723
10210.0,0.0,0.017336970195174217
10211.0,0.0,0.025771109387278557
10212.0,0.0,0.025771109387278557
10213.0,0.0,0.015413998626172543
10214.0,1.0,0.07213820517063141
10215.0,0.0,0.031080109998583794
10216.0,0.0,0.0014202744932845235
10217.0,1.0,0.059673719108104706
10218.0,0.0,0.0012124227359890938
10219.0,0.0,0.03769870847463608
10220.0,0.0,0.0013608243316411972
10221.0,0.0,0.02465379238128662
10222.0,0.0,0.02814936637878418
10223.0,0.0,0.018421942368149757
10224.0,0.0,0.06139259412884712
10225.0,0.0,0.0014401210937649012
10226.0,0.0,0.023780781775712967
10227.0,0.0,0.015413998626172543
10228.0,0.0,0.016853002831339836
10229.0,0.0,0.058220189064741135
10230.0,0.0,0.024970166385173798
10231.0,0.0,0.0013714581727981567
10232.0,0.0,0.03740875422954559
10233.0,0.0,0.0013140484225004911
10234.0,0.0,0.017336970195174217
10235.0,0.0,0.02236247807741165
10236.0,0.0,0.02398207224905491
10237.0,0.0,0.027341853827238083
10238.0,0.0,0.018288765102624893
10239.0,0.0,0.014743927866220474
10240.0,0.0,0.039073653519153595
10241.0,0.0,0.016225576400756836
10242.0,0.0,0.015878908336162567
10243.0,0.0,0.0620439350605011
10244.0,0.0,0.05257376283407211
10245.0,0.0,0.025903895497322083
10246.0,0.0,0.031205356121063232
10247.0,0.0,0.06375277787446976
10248.0,0.0,0.05400810018181801
10249.0,0.0,0.022420059889554977
10250.0,0.0,0.023853830993175507
10251.0,1.0,0.43402186036109924
10252.0,0.0,0.026122327893972397
10253.0,0.0,0.05774777755141258
10254.0,0.0,0.026706915348768234
10255.0,0.0,0.02663862146437168
10256.0,0.0,0.43026041984558105
10257.0,0.0,0.01629883050918579
10258.0,0.0,0.027021421119570732
10259.0,0.0,0.023433061316609383
10260.0,0.0,0.019549429416656494
10261.0,0.0,0.01740630343556404
10262.0,0.0,0.015119008719921112
10263.0,1.0,0.017969094216823578
10264.0,0.0,0.02314114384353161
10265.0,0.0,0.42740845680236816
10266.0,0.0,0.0472479946911335
10267.0,0.0,0.026167912408709526
10268.0,0.0,0.022451452910900116
10269.0,0.0,0.024717602878808975
10270.0,0.0,0.03710935637354851
10271.0,0.0,0.027234036475419998
10272.0,0.0,0.027234036475419998
10273.0,0.0,0.05237181484699249
10274.0,0.0,0.025771109387278557
10275.0,0.0,0.06220649182796478
10276.0,0.0,0.014243694953620434
10277.0,0.0,0.016435613855719566
10278.0,0.0,0.024590618908405304
10279.0,0.0,0.022938264533877373
10280.0,0.0,0.010505485348403454
10281.0,0.0,0.017008891329169273
10282.0,0.0,0.02323314920067787
10283.0,0.0,0.02544485405087471
10284.0,0.0,0.025771109387278557
10285.0,0.0,0.025247754529118538
10286.0,0.0,0.025771403685212135
10287.0,0.0,0.014243694953620434
10288.0,0.0,0.02660154178738594
10289.0,0.0,0.025771109387278557
10290.0,1.0,0.43061134219169617
10291.0,1.0,0.33927401900291443
10292.0,0.0,0.01618671976029873
10293.0,0.0,0.02236247807741165
10294.0,0.0,0.01575755886733532
10295.0,0.0,0.019502442330121994
10296.0,0.0,0.037215910851955414
10297.0,0.0,0.02854803204536438
10298.0,0.0,0.02323314920067787
10299.0,1.0,0.4532330334186554
10300.0,0.0,0.025771109387278557
10301.0,0.0,0.015413998626172543
10302.0,0.0,0.026141773909330368
10303.0,0.0,0.0012555853463709354
10304.0,0.0,0.023875262588262558
10305.0,0.0,0.014743927866220474
10306.0,0.0,0.03865246847271919
10307.0,0.0,0.025771109387278557
10308.0,0.0,0.0014412200544029474
10309.0,0.0,0.05163946375250816
10310.0,0.0,0.0013916846364736557
10311.0,0.0,0.015590906143188477
10312.0,0.0,0.017969094216823578
10313.0,0.0,0.015028689987957478
10314.0,1.0,0.4450284242630005
10315.0,0.0,0.027234036475419998
10316.0,0.0,0.022331207990646362
10317.0,1.0,0.05366620793938637
10318.0,0.0,0.02544485405087471
10319.0,0.0,0.4122503101825714
10320.0,0.0,0.023853830993175507
10321.0,0.0,0.023887183517217636
10322.0,0.0,0.023474901914596558
10323.0,0.0,0.024906201288104057
10324.0,0.0,0.04075709730386734
10325.0,0.0,0.013495939783751965
10326.0,0.0,0.42579787969589233
10327.0,0.0,0.02632135897874832
10328.0,0.0,0.03115367330610752
10329.0,0.0,0.015223466791212559
10330.0,0.0,0.030483517795801163
10331.0,0.0,0.025873281061649323
10332.0,0.0,0.02854803204536438
10333.0,1.0,0.01635933853685856
10334.0,0.0,0.022331207990646362
10335.0,0.0,0.026141773909330368
10336.0,0.0,0.017969094216823578
10337.0,0.0,0.02440434880554676
10338.0,0.0,0.05607227236032486
10339.0,0.0,0.025073513388633728
10340.0,0.0,0.05807369947433472
10341.0,0.0,0.0597548745572567
10342.0,0.0,0.023922305554151535
10343.0,0.0,0.05066057667136192
10344.0,0.0,0.02323314920067787
10345.0,0.0,0.06722301989793777
10346.0,0.0,0.05607227236032486
10347.0,0.0,0.024871468544006348
10348.0,0.0,0.014061274006962776
10349.0,0.0,0.024717602878808975
10350.0,1.0,0.4545227289199829
10351.0,0.0,0.02814936637878418
10352.0,0.0,0.014891373924911022
10353.0,1.0,0.43061134219169617
10354.0,0.0,0.013356479816138744
10355.0,0.0,0.0014412200544029474
10356.0,0.0,0.05730250105261803
10357.0,0.0,0.025873281061649323
10358.0,0.0,0.025771109387278557
10359.0,0.0,0.01704694889485836
10360.0,1.0,0.42840272188186646
10361.0,1.0,0.05452021211385727
10362.0,1.0,0.4942064881324768
10363.0,1.0,0.02632135897874832
10364.0,0.0,0.025283005088567734
10365.0,0.0,0.06056196615099907
10366.0,0.0,0.06512225419282913
10367.0,0.0,0.015590906143188477
10368.0,0.0,0.022847406566143036
10369.0,0.0,0.015856554731726646
10370.0,0.0,0.025245940312743187
10371.0,0.0,0.02663862146437168
10372.0,0.0,0.023922305554151535
10373.0,0.0,0.014680053107440472
10374.0,0.0,0.026122327893972397
10375.0,0.0,0.0013714581727981567
10376.0,0.0,0.36442863941192627
10377.0,1.0,0.4037907123565674
10378.0,0.0,0.015638090670108795
10379.0,0.0,0.4392189085483551
10380.0,0.0,0.002009044401347637
10381.0,0.0,0.025913292542099953
10382.0,1.0,0.3523220121860504
10383.0,0.0,0.02814936637878418
10384.0,0.0,0.024501239880919456
10385.0,0.0,0.06344211101531982
10386.0,0.0,0.015986574813723564
10387.0,1.0,0.024906201288104057
10388.0,0.0,0.053039416670799255
10389.0,0.0,0.02360360138118267
10390.0,0.0,0.055439580231904984
10391.0,0.0,0.01646127924323082
10392.0,0.0,0.015028689987957478
10393.0,0.0,0.41263464093208313
10394.0,0.0,0.023887183517217636
10395.0,0.0,0.037081919610500336
10396.0,0.0,0.0013694989029318094
10397.0,1.0,0.43026041984558105
10398.0,0.0,0.02555767446756363
10399.0,0.0,0.01886281929910183
10400.0,0.0,0.023636609315872192
10401.0,0.0,0.057358935475349426
10402.0,0.0,0.016409974545240402
10403.0,0.0,0.4426445960998535
10404.0,0.0,0.014870388433337212
10405.0,0.0,0.027234036475419998
10406.0,0.0,0.024906201288104057
10407.0,0.0,0.024871468544006348
10408.0,0.0,0.05616211146116257
10409.0,0.0,0.02824964001774788
10410.0,0.0,0.023887183517217636
10411.0,0.0,0.024871468544006348
10412.0,0.0,0.041035208851099014
10413.0,0.0,0.07135201245546341
10414.0,0.0,0.023568198084831238
10415.0,1.0,0.024906201288104057
10416.0,0.0,0.024906201288104057
10417.0,0.0,0.016097549349069595
10418.0,0.0,0.025873281061649323
10419.0,0.0,0.02323314920067787
10420.0,0.0,0.025771109387278557
10421.0,1.0,0.4047689437866211
10422.0,0.0,0.02653190866112709
10423.0,0.0,0.016435613855719566
10424.0,0.0,0.030141258612275124
10425.0,0.0,0.02314114384353161
10426.0,0.0,0.029163094237446785
10427.0,0.0,0.037497278302907944
10428.0,0.0,0.026141773909330368
10429.0,1.0,0.02445853315293789
10430.0,0.0,0.0032154463697224855
10431.0,0.0,0.0014202744932845235
10432.0,0.0,0.023474901914596558
10433.0,0.0,0.05708349123597145
10434.0,0.0,0.025008806958794594
10435.0,0.0,0.05795514956116676
10436.0,0.0,0.0013694989029318094
10437.0,0.0,0.025310751050710678
10438.0,0.0,0.024717602878808975
10439.0,0.0,0.0013694989029318094
10440.0,0.0,0.02364484779536724
10441.0,0.0,0.024590618908405304
10442.0,0.0,0.04179711267352104
10443.0,0.0,0.025005033239722252
10444.0,0.0,0.015878908336162567
10445.0,0.0,0.06198906525969505
10446.0,0.0,0.02632135897874832
10447.0,0.0,0.0270602498203516
10448.0,1.0,0.4508828818798065
10449.0,1.0,0.43061134219169617
10450.0,0.0,0.02526475116610527
10451.0,0.0,0.015413998626172543
10452.0,1.0,0.34648624062538147
10453.0,0.0,0.024906201288104057
10454.0,0.0,0.4037907123565674
10455.0,0.0,0.038145195692777634
10456.0,0.0,0.02481570467352867
10457.0,0.0,0.030530719086527824
10458.0,0.0,0.02314114384353161
10459.0,0.0,0.061310164630413055
10460.0,0.0,0.025771109387278557
10461.0,0.0,0.027341853827238083
10462.0,0.0,0.01629883050918579
10463.0,1.0,0.8304533958435059
10464.0,0.0,0.025873281061649323
10465.0,0.0,0.0014752917923033237
10466.0,0.0,0.04095249995589256
10467.0,0.0,0.030919808894395828
10468.0,0.0,0.05522727221250534
10469.0,0.0,0.0013714581727981567
10470.0,0.0,0.017969094216823578
10471.0,0.0,0.015878908336162567
10472.0,0.0,0.025771109387278557
10473.0,0.0,0.024590618908405304
10474.0,0.0,0.02207839861512184
10475.0,0.0,0.0013807386858388782
10476.0,0.0,0.003092571860179305
10477.0,0.0,0.017336970195174217
10478.0,0.0,0.028923334553837776
10479.0,0.0,0.025771109387278557
10480.0,0.0,0.024906201288104057
10481.0,0.0,0.029535578563809395
10482.0,0.0,0.013356479816138744
10483.0,0.0,0.0014502613339573145
10484.0,0.0,0.048402342945337296
10485.0,0.0,0.027234036475419998
10486.0,0.0,0.016994355246424675
10487.0,0.0,0.01678997464478016
10488.0,0.0,0.025771109387278557
10489.0,0.0,0.025383293628692627
10490.0,0.0,0.02453019469976425
10491.0,0.0,0.017378058284521103
10492.0,0.0,0.024906201288104057
10493.0,0.0,0.015413998626172543
10494.0,0.0,0.017969094216823578
10495.0,0.0,0.025005033239722252
10496.0,0.0,0.0014566865283995867
10497.0,0.0,0.027234036475419998
10498.0,0.0,0.02814936637878418
10499.0,0.0,0.02663862146437168
10500.0,0.0,0.02364484779536724
10501.0,0.0,0.003374945605173707
10502.0,0.0,0.022657619789242744
10503.0,0.0,0.025771109387278557
10504.0,0.0,0.02314114384353161
10505.0,0.0,0.06297677010297775
10506.0,0.0,0.0014898506924510002
10507.0,0.0,0.024871468544006348
10508.0,0.0,0.02624538727104664
10509.0,0.0,0.022331207990646362
10510.0,0.0,0.01825965754687786
10511.0,0.0,0.0015549295349046588
10512.0,0.0,0.03893374651670456
10513.0,0.0,0.038738228380680084
10514.0,0.0,0.027646450325846672
10515.0,0.0,0.019268490374088287
10516.0,0.0,0.015878908336162567
10517.0,0.0,0.018040908500552177
10518.0,0.0,0.02236247807741165
10519.0,0.0,0.02481570467352867
10520.0,0.0,0.025771109387278557
10521.0,0.0,0.019268490374088287
10522.0,0.0,0.01575755886733532
10523.0,0.0,0.01899777166545391
10524.0,1.0,0.9650524854660034
10525.0,0.0,0.02632135897874832
10526.0,0.0,0.06344211101531982
10527.0,0.0,0.025346089154481888
10528.0,0.0,0.02544485405087471
10529.0,0.0,0.016097549349069595
10530.0,0.0,0.015986574813723564
10531.0,0.0,0.04081787168979645
10532.0,1.0,0.9939430356025696
10533.0,0.0,0.004024738911539316
10534.0,0.0,0.05693892389535904
10535.0,0.0,0.013825992122292519
10536.0,0.0,0.01629883050918579
10537.0,0.0,0.026141773909330368
10538.0,0.0,0.061310164630413055
10539.0,1.0,0.43402186036109924
10540.0,0.0,0.016122156754136086
10541.0,0.0,0.0014018514193594456
10542.0,0.0,0.018544992431998253
10543.0,0.0,0.02445853315293789
10544.0,0.0,0.014223608188331127
10545.0,0.0,0.014870388433337212
10546.0,0.0,0.016994355246424675
10547.0,0.0,0.01899777166545391
10548.0,0.0,0.022135263308882713
10549.0,0.0,0.05163946375250816
10550.0,0.0,0.024556316435337067
10551.0,0.0,0.018330127000808716
10552.0,0.0,0.02445853315293789
10553.0,0.0,0.06498962640762329
10554.0,0.0,0.026481470093131065
10555.0,0.0,0.06021404266357422
10556.0,0.0,0.039414212107658386
10557.0,0.0,0.0031331481877714396
10558.0,0.0,0.022938264533877373
10559.0,0.0,0.02632135897874832
10560.0,0.0,0.0013608243316411972
10561.0,0.0,0.43061134219169617
10562.0,0.0,0.06428132206201553
10563.0,0.0,0.02660154178738594
10564.0,0.0,0.04110029339790344
10565.0,0.0,0.0013694989029318094
10566.0,1.0,0.4287012219429016
10567.0,0.0,0.025771109387278557
10568.0,0.0,0.026744144037365913
10569.0,0.0,0.02481570467352867
10570.0,0.0,0.016270712018013
10571.0,0.0,0.057245396077632904
10572.0,0.0,0.01629883050918579
10573.0,0.0,0.02445853315293789
10574.0,0.0,0.01521681435406208
10575.0,0.0,0.026744144037365913
10576.0,0.0,0.023420259356498718
10577.0,1.0,0.03630444407463074
10578.0,0.0,0.4907330572605133
10579.0,0.0,0.06100006029009819
10580.0,0.0,0.0013714581727981567
10581.0,0.0,0.025771109387278557
10582.0,0.0,0.060643456876277924
10583.0,0.0,0.023636609315872192
10584.0,0.0,0.02314114384353161
10585.0,0.0,0.001263095997273922
10586.0,0.0,0.0013916846364736557
10587.0,0.0,0.027341853827238083
10588.0,0.0,0.05764511972665787
10589.0,0.0,0.022331207990646362
10590.0,0.0,0.019073618575930595
10591.0,0.0,0.011426706798374653
10592.0,0.0,0.03637295961380005
10593.0,0.0,0.025873281061649323
10594.0,0.0,0.025873281061649323
10595.0,0.0,0.01629883050918579
10596.0,0.0,0.001422525616362691
10597.0,0.0,0.015734784305095673
10598.0,0.0,0.02628469653427601
10599.0,0.0,0.0013431700645014644
10600.0,0.0,0.024871468544006348
10601.0,0.0,0.0012333538616076112
10602.0,0.0,0.0012555853463709354
10603.0,0.0,0.054215990006923676
10604.0,0.0,0.48198366165161133
10605.0,0.0,0.0015030310023576021
10606.0,0.0,0.04041016474366188
10607.0,0.0,0.024717602878808975
10608.0,0.0,0.027892906218767166
10609.0,0.0,0.0013536671176552773
10610.0,0.0,0.025545770302414894
10611.0,0.0,0.02544485405087471
10612.0,0.0,0.017336970195174217
10613.0,0.0,0.01574668474495411
10614.0,0.0,0.018040908500552177
10615.0,0.0,0.02544485405087471
10616.0,0.0,0.02314114384353161
10617.0,0.0,0.023636609315872192
10618.0,0.0,0.013124067336320877
10619.0,0.0,0.0013140484225004911
10620.0,0.0,0.03954440355300903
10621.0,0.0,0.024906201288104057
10622.0,0.0,0.017969094216823578
10623.0,0.0,0.026744144037365913
10624.0,0.0,0.056853342801332474
10625.0,0.0,0.026141773909330368
10626.0,0.0,0.02236247807741165
10627.0,0.0,0.024906201288104057
10628.0,0.0,0.025771109387278557
10629.0,0.0,0.016293639317154884
10630.0,0.0,0.05599655583500862
10631.0,0.0,0.02544485405087471
10632.0,0.0,0.025873281061649323
10633.0,0.0,0.027234036475419998
10634.0,0.0,0.024906201288104057
10635.0,0.0,0.017008891329169273
10636.0,0.0,0.018215972930192947
10637.0,0.0,0.2357015162706375
10638.0,0.0,0.062166977673769
10639.0,0.0,0.0014401210937649012
10640.0,0.0,0.035130035132169724
10641.0,0.0,0.02663702517747879
10642.0,0.0,0.02536497637629509
10643.0,0.0,0.023612098768353462
10644.0,0.0,0.027234036475419998
10645.0,0.0,0.02544485405087471
10646.0,0.0,0.06021404266357422
10647.0,0.0,0.015878908336162567
10648.0,0.0,0.05708349123597145
10649.0,0.0,0.025005033239722252
10650.0,0.0,0.05817730352282524
10651.0,0.0,0.02655457705259323
10652.0,0.0,0.025227047502994537
10653.0,0.0,0.053643546998500824
10654.0,0.0,0.022847406566143036
10655.0,0.0,0.015041153877973557
10656.0,0.0,0.027234036475419998
10657.0,0.0,0.031205356121063232
10658.0,0.0,0.0013608243316411972
10659.0,0.0,0.024590618908405304
10660.0,0.0,0.0015030310023576021
10661.0,0.0,0.0346066839993
10662.0,0.0,0.015413998626172543
10663.0,0.0,0.0014202744932845235
10664.0,0.0,0.016622358933091164
10665.0,0.0,0.02544485405087471
10666.0,1.0,0.8414415121078491
10667.0,0.0,0.0013608243316411972
10668.0,0.0,0.0012266056146472692
10669.0,0.0,0.01899777166545391
10670.0,0.0,0.07171344012022018
10671.0,0.0,0.026265054941177368
10672.0,0.0,0.014777462929487228
10673.0,0.0,0.027234036475419998
10674.0,0.0,0.03749186545610428
10675.0,0.0,0.05656439810991287
10676.0,0.0,0.028660891577601433
10677.0,0.0,0.025771109387278557
10678.0,0.0,0.003296883078292012
10679.0,0.0,0.025346089154481888
10680.0,0.0,0.023887183517217636
10681.0,1.0,0.9958117008209229
10682.0,0.0,0.06175331398844719
10683.0,0.0,0.4739935100078583
10684.0,0.0,0.04019296169281006
10685.0,0.0,0.0015403785509988666
10686.0,0.0,0.014243694953620434
10687.0,0.0,0.02236247807741165
10688.0,0.0,0.025771109387278557
10689.0,0.0,0.01565380021929741
10690.0,0.0,0.02663862146437168
10691.0,0.0,0.018040908500552177
10692.0,0.0,0.015041153877973557
10693.0,0.0,0.003202454885467887
10694.0,0.0,0.027234036475419998
10695.0,0.0,0.0013608243316411972
10696.0,0.0,0.02440434880554676
10697.0,0.0,0.03527308255434036
10698.0,0.0,0.0014513740316033363
10699.0,0.0,0.024906201288104057
10700.0,0.0,0.015878908336162567
10701.0,0.0,0.036167774349451065
10702.0,1.0,0.4037907123565674
10703.0,0.0,0.025873281061649323
10704.0,0.0,0.4316074550151825
10705.0,0.0,0.01722889207303524
10706.0,0.0,0.01685047335922718
10707.0,0.0,0.025771109387278557
10708.0,0.0,0.023922305554151535
10709.0,0.0,0.024970166385173798
10710.0,0.0,0.015223466791212559
10711.0,0.0,0.02207839861512184
10712.0,0.0,0.025005033239722252
10713.0,0.0,0.017969094216823578
10714.0,0.0,0.05937730893492699
10715.0,0.0,0.015413998626172543
10716.0,0.0,0.027234036475419998
10717.0,0.0,0.05812613666057587
10718.0,0.0,0.023983800783753395
10719.0,0.0,0.015675872564315796
10720.0,0.0,0.025264715775847435
10721.0,0.0,0.0012720894301310182
10722.0,0.0,0.02641528844833374
10723.0,0.0,0.02632135897874832
10724.0,0.0,0.017969094216823578
10725.0,0.0,0.015041153877973557
10726.0,0.0,0.025771109387278557
10727.0,0.0,0.001449301722459495
10728.0,0.0,0.012660186737775803
10729.0,0.0,0.025283005088567734
10730.0,0.0,0.017115604132413864
10731.0,0.0,0.01724102534353733
10732.0,0.0,0.01678997464478016
10733.0,0.0,0.023922305554151535
10734.0,0.0,0.05708349123597145
10735.0,0.0,0.02314114384353161
10736.0,0.0,0.02176172286272049
10737.0,0.0,0.024717602878808975
10738.0,0.0,0.4360010325908661
10739.0,0.0,0.039073653519153595
10740.0,0.0,0.017739813774824142
10741.0,0.0,0.025771109387278557
10742.0,0.0,0.023721186444163322
10743.0,0.0,0.024906201288104057
10744.0,0.0,0.0015549295349046588
10745.0,0.0,0.0012555853463709354
10746.0,0.0,0.02632135897874832
10747.0,0.0,0.023887183517217636
10748.0,0.0,0.0012720894301310182
10749.0,0.0,0.05708349123597145
10750.0,0.0,0.02371274307370186
10751.0,0.0,0.4122503101825714
10752.0,0.0,0.02481570467352867
10753.0,0.0,0.01678997464478016
10754.0,0.0,0.02314114384353161
10755.0,0.0,0.016853002831339836
10756.0,0.0,0.05623804032802582
10757.0,1.0,0.05522727221250534
10758.0,0.0,0.003480709157884121
10759.0,0.0,0.01886281929910183
10760.0,0.0,0.039824340492486954
10761.0,0.0,0.0031331481877714396
10762.0,0.0,0.0014202744932845235
10763.0,0.0,0.02624538727104664
10764.0,0.0,0.015246058814227581
10765.0,0.0,0.0016901070484891534
10766.0,0.0,0.022847406566143036
10767.0,0.0,0.0008283127681352198
10768.0,0.0,0.02398207224905491
10769.0,1.0,0.024717602878808975
10770.0,0.0,0.003305581631138921
10771.0,0.0,0.026744144037365913
10772.0,0.0,0.025651903823018074
10773.0,1.0,0.4122503101825714
10774.0,0.0,0.4532330334186554
10775.0,0.0,0.02544485405087471
10776.0,0.0,0.030163714662194252
10777.0,0.0,0.022331207990646362
10778.0,0.0,0.025771109387278557
10779.0,0.0,0.02526475116610527
10780.0,0.0,0.0014260467141866684
10781.0,0.0,0.024906201288104057
10782.0,0.0,0.4169633090496063
10783.0,1.0,0.0012124227359890938
10784.0,0.0,0.04019296169281006
10785.0,0.0,0.0008329596603289247
10786.0,0.0,0.05812613666057587
10787.0,0.0,0.05730250105261803
10788.0,0.0,0.025771109387278557
10789.0,0.0,0.35719504952430725
10790.0,0.0,0.01722889207303524
10791.0,0.0,0.016435613855719566
10792.0,0.0,0.003708237549290061
10793.0,0.0,0.06540492177009583
10794.0,0.0,0.024717602878808975
10795.0,0.0,0.027234036475419998
10796.0,0.0,0.0014202744932845235
10797.0,0.0,0.017969094216823578
10798.0,0.0,0.024555636569857597
10799.0,0.0,0.015107985585927963
10800.0,0.0,0.026425663381814957
10801.0,0.0,0.05821302905678749
10802.0,0.0,0.025771109387278557
10803.0,0.0,0.02236247807741165
10804.0,0.0,0.02236247807741165
10805.0,0.0,0.0015091396635398269
10806.0,0.0,0.050801001489162445
10807.0,0.0,0.018040908500552177
10808.0,0.0,0.02179497294127941
10809.0,0.0,0.025873281061649323
10810.0,0.0,0.016122156754136086
10811.0,0.0,0.025771109387278557
10812.0,0.0,0.027507184073328972
10813.0,0.0,0.02632135897874832
10814.0,0.0,0.024717602878808975
10815.0,0.0,0.011444635689258575
10816.0,0.0,0.017478905618190765
10817.0,0.0,0.03012186661362648
10818.0,0.0,0.023853830993175507
10819.0,0.0,0.015856554731726646
10820.0,0.0,0.05857010558247566
10821.0,0.0,0.016435613855719566
10822.0,0.0,0.0012106910580769181
10823.0,0.0,0.027234036475419998
10824.0,0.0,0.022166267037391663
10825.0,0.0,0.02641528844833374
10826.0,0.0,0.027234036475419998
10827.0,1.0,0.4442150890827179
10828.0,0.0,0.02641528844833374
10829.0,0.0,0.025771109387278557
10830.0,0.0,0.06998661160469055
10831.0,0.0,0.4370000660419464
10832.0,0.0,0.0013486293610185385
10833.0,0.0,0.026141773909330368
10834.0,0.0,0.027234036475419998
10835.0,0.0,0.025771109387278557
10836.0,0.0,0.013356479816138744
10837.0,0.0,0.06891530752182007
10838.0,0.0,0.029652222990989685
10839.0,0.0,0.014743927866220474
10840.0,0.0,0.013648834079504013
10841.0,0.0,0.02663862146437168
10842.0,0.0,0.02782529406249523
10843.0,0.0,0.02207839861512184
10844.0,0.0,0.0014513740316033363
10845.0,0.0,0.0013121713418513536
10846.0,0.0,0.01886281929910183
10847.0,0.0,0.02532961592078209
10848.0,0.0,0.018040908500552177
10849.0,0.0,0.02314114384353161
10850.0,0.0,0.0013121713418513536
10851.0,0.0,0.025771109387278557
10852.0,0.0,0.05730250105261803
10853.0,0.0,0.025771109387278557
10854.0,0.0,0.025873281061649323
10855.0,0.0,0.025771109387278557
10856.0,0.0,0.025771109387278557
10857.0,0.0,0.023096319288015366
10858.0,0.0,0.026141773909330368
10859.0,0.0,0.01704694889485836
10860.0,0.0,0.017969094216823578
10861.0,0.0,0.014743927866220474
10862.0,0.0,0.04354483634233475
10863.0,0.0,0.015878908336162567
10864.0,0.0,0.0043165916576981544
10865.0,0.0,0.025550583377480507
10866.0,1.0,0.9960417747497559
10867.0,0.0,0.018330127000808716
10868.0,0.0,0.017904285341501236
10869.0,0.0,0.014891373924911022
10870.0,0.0,0.026141773909330368
10871.0,0.0,0.023710720241069794
10872.0,0.0,0.0013750650687143207
10873.0,0.0,0.025873281061649323
10874.0,0.0,0.057245396077632904
10875.0,0.0,0.016109652817249298
10876.0,0.0,0.02628469653427601
10877.0,0.0,0.02544485405087471
10878.0,0.0,0.02481570467352867
10879.0,0.0,0.02207839861512184
10880.0,0.0,0.025383293628692627
10881.0,0.0,0.023887183517217636
10882.0,0.0,0.017969094216823578
10883.0,0.0,0.025873281061649323
10884.0,0.0,0.023887183517217636
10885.0,0.0,0.02236247807741165
10886.0,0.0,0.06021404266357422
10887.0,0.0,0.017968246713280678
10888.0,0.0,0.0014202744932845235
10889.0,0.0,0.01704694889485836
10890.0,0.0,0.01899777166545391
10891.0,0.0,0.028332654386758804
10892.0,0.0,0.02398207224905491
10893.0,0.0,0.027234036475419998
10894.0,0.0,0.015345773659646511
10895.0,0.0,0.06329625844955444
10896.0,0.0,0.016747333109378815
10897.0,1.0,0.3473648130893707
10898.0,0.0,0.0174587219953537
10899.0,0.0,0.025771109387278557
10900.0,0.0,0.024871468544006348
10901.0,0.0,0.02544485405087471
10902.0,0.0,0.028187638148665428
10903.0,0.0,0.036027662456035614
10904.0,0.0,0.02814936637878418
10905.0,0.0,0.0013714581727981567
10906.0,1.0,0.926020622253418
10907.0,0.0,0.010952994227409363
10908.0,0.0,0.014276108704507351
10909.0,0.0,0.0012720894301310182
10910.0,0.0,0.029243141412734985
10911.0,0.0,0.025873281061649323
10912.0,0.0,0.027234036475419998
10913.0,0.0,0.03889988735318184
10914.0,0.0,0.02854803204536438
10915.0,0.0,0.017810726538300514
10916.0,0.0,0.025771109387278557
10917.0,0.0,0.025771109387278557
10918.0,0.0,0.024906201288104057
10919.0,0.0,0.014743927866220474
10920.0,0.0,0.027234036475419998
10921.0,0.0,0.025005033239722252
10922.0,0.0,0.3493441343307495
10923.0,0.0,0.058183833956718445
10924.0,0.0,0.02481570467352867
10925.0,0.0,0.02709795907139778
10926.0,0.0,0.003244467545300722
10927.0,0.0,0.02632135897874832
10928.0,0.0,0.04681432992219925
10929.0,0.0,0.027128420770168304
10930.0,0.0,0.024556316435337067
10931.0,0.0,0.02632135897874832
10932.0,0.0,0.02314114384353161
10933.0,0.0,0.02544485405087471
10934.0,0.0,0.015556056052446365
10935.0,1.0,0.41323480010032654
10936.0,1.0,0.34842145442962646
10937.0,0.0,0.025005033239722252
10938.0,0.0,0.024906201288104057
10939.0,0.0,0.02560640685260296
10940.0,0.0,0.02663862146437168
10941.0,0.0,0.016661789268255234
10942.0,0.0,0.0014202744932845235
10943.0,0.0,0.025771109387278557
10944.0,0.0,0.011174669489264488
10945.0,0.0,0.023721186444163322
10946.0,0.0,0.0012772607151418924
10947.0,0.0,0.027341853827238083
10948.0,0.0,0.02398207224905491
10949.0,0.0,0.01575755886733532
10950.0,0.0,0.03806506097316742
10951.0,0.0,0.025771109387278557
10952.0,0.0,0.06366080790758133
10953.0,1.0,0.8444064259529114
10954.0,0.0,0.024717602878808975
10955.0,0.0,0.06344211101531982
10956.0,0.0,0.025545770302414894
10957.0,0.0,0.027001334354281425
10958.0,0.0,0.0013273489894345403
10959.0,0.0,0.02814936637878418
10960.0,0.0,0.010713044553995132
10961.0,0.0,0.010713044553995132
10962.0,0.0,0.018225423991680145
10963.0,0.0,0.011039450764656067
10964.0,0.0,0.02591816894710064
10965.0,0.0,0.02236247807741165
10966.0,1.0,0.01722889207303524
10967.0,0.0,0.024906201288104057
10968.0,0.0,0.022685261443257332
10969.0,0.0,0.05237181484699249
10970.0,0.0,0.06428132206201553
10971.0,0.0,0.024906201288104057
10972.0,0.0,0.003135053440928459
10973.0,0.0,0.01165784988552332
10974.0,0.0,0.06198906525969505
10975.0,0.0,0.44021958112716675
10976.0,0.0,0.02314114384353161
10977.0,0.0,0.014743927866220474
10978.0,0.0,0.024906201288104057
10979.0,0.0,0.016710296273231506
10980.0,0.0,0.015556056052446365
10981.0,0.0,0.0013462231727316976
10982.0,0.0,0.0597548745572567
10983.0,0.0,0.03380919620394707
10984.0,0.0,0.05708349123597145
10985.0,0.0,0.025771109387278557
10986.0,0.0,0.01531444862484932
10987.0,0.0,0.02314114384353161
10988.0,0.0,0.024017333984375
10989.0,0.0,0.036484528332948685
10990.0,0.0,0.0019508488476276398
10991.0,0.0,0.05522727221250534
10992.0,0.0,0.0012772607151418924
10993.0,0.0,0.013825992122292519
10994.0,0.0,0.017969094216823578
10995.0,0.0,0.02544485405087471
10996.0,0.0,0.05520085245370865
10997.0,0.0,0.024717602878808975
10998.0,0.0,0.04354483634233475
10999.0,0.0,0.05525912344455719
11000.0,0.0,0.022847406566143036
11001.0,0.0,0.06198906525969505
11002.0,0.0,0.05515262857079506
11003.0,0.0,0.02628469653427601
11004.0,0.0,0.0014909888850525022
11005.0,0.0,0.02314114384353161
11006.0,0.0,0.028978295624256134
11007.0,0.0,0.058941278606653214
11008.0,0.0,0.0014401210937649012
11009.0,0.0,0.015638090670108795
11010.0,0.0,0.025771109387278557
11011.0,0.0,0.027234036475419998
11012.0,0.0,0.040982529520988464
11013.0,0.0,0.011426706798374653
11014.0,0.0,0.06302650272846222
11015.0,0.0,0.024944746866822243
11016.0,0.0,0.016829300671815872
11017.0,0.0,0.025771109387278557
11018.0,0.0,0.024433191865682602
11019.0,0.0,0.015856554731726646
11020.0,0.0,0.026122327893972397
11021.0,0.0,0.025873281061649323
11022.0,0.0,0.02236247807741165
11023.0,0.0,0.058220189064741135
11024.0,0.0,0.053850870579481125
11025.0,0.0,0.014093264937400818
11026.0,0.0,0.02481570467352867
11027.0,0.0,0.016435613855719566
11028.0,0.0,0.06474325805902481
11029.0,0.0,0.025005033239722252
11030.0,0.0,0.027234036475419998
11031.0,0.0,0.018330127000808716
11032.0,0.0,0.014621013775467873
11033.0,0.0,0.02660154178738594
11034.0,0.0,0.03458906710147858
11035.0,0.0,0.024906201288104057
11036.0,0.0,0.023887183517217636
11037.0,0.0,0.06344211101531982
11038.0,0.0,0.06166466325521469
11039.0,0.0,0.025771109387278557
11040.0,0.0,0.0014412200544029474
11041.0,0.0,0.017739813774824142
11042.0,0.0,0.03802664950489998
11043.0,0.0,0.04081787168979645
11044.0,0.0,0.0013462231727316976
11045.0,0.0,0.03749186545610428
11046.0,0.0,0.03889988735318184
11047.0,0.0,0.06639550626277924
11048.0,0.0,0.0014202744932845235
11049.0,0.0,0.025005033239722252
11050.0,0.0,0.026122327893972397
11051.0,1.0,0.010113470256328583
11052.0,0.0,0.026744144037365913
11053.0,0.0,0.02314114384353161
11054.0,0.0,0.0014260467141866684
11055.0,0.0,0.023948587477207184
11056.0,0.0,0.057245396077632904
11057.0,0.0,0.017969094216823578
11058.0,0.0,0.018330127000808716
11059.0,0.0,0.027234036475419998
11060.0,0.0,0.025771109387278557
11061.0,0.0,0.025005033239722252
11062.0,0.0,0.02314114384353161
11063.0,0.0,0.014680053107440472
11064.0,0.0,0.003623533993959427
11065.0,0.0,0.02663862146437168
11066.0,0.0,0.023887183517217636
11067.0,0.0,0.03948640078306198
11068.0,1.0,0.02803678810596466
11069.0,0.0,0.022822577506303787
11070.0,0.0,0.026301685720682144
11071.0,0.0,0.0012720894301310182
11072.0,0.0,0.02526475116610527
11073.0,0.0,0.022451452910900116
11074.0,1.0,0.016435613855719566
11075.0,0.0,0.0013694989029318094
11076.0,0.0,0.015096615068614483
11077.0,0.0,0.0031689931638538837
11078.0,0.0,0.01506237406283617
11079.0,1.0,0.014777462929487228
11080.0,0.0,0.05795514956116676
11081.0,0.0,0.016435613855719566
11082.0,0.0,0.02663862146437168
11083.0,1.0,0.06298276036977768
11084.0,0.0,0.02902810275554657
11085.0,0.0,0.01722889207303524
11086.0,0.0,0.4739935100078583
11087.0,0.0,0.010575352236628532
11088.0,0.0,0.02314114384353161
11089.0,0.0,0.0012266056146472692
11090.0,0.0,0.05708349123597145
11091.0,0.0,0.024906201288104057
11092.0,0.0,0.015878908336162567
11093.0,0.0,0.010507835075259209
11094.0,0.0,0.4907330572605133
11095.0,1.0,0.06344211101531982
11096.0,0.0,0.013356479816138744
11097.0,0.0,0.02814936637878418
11098.0,0.0,0.02314114384353161
11099.0,0.0,0.026744144037365913
11100.0,0.0,0.025771109387278557
11101.0,0.0,0.024017333984375
11102.0,0.0,0.001675242674537003
11103.0,0.0,0.040858279913663864
11104.0,0.0,0.43061134219169617
11105.0,1.0,0.6049969792366028
11106.0,0.0,0.014743927866220474
11107.0,1.0,0.8454277515411377
11108.0,0.0,0.025873281061649323
11109.0,0.0,0.053343940526247025
11110.0,0.0,0.43061134219169617
11111.0,0.0,0.025771109387278557
11112.0,0.0,0.018040908500552177
11113.0,0.0,0.03653378039598465
11114.0,0.0,0.02803678810596466
11115.0,0.0,0.025771109387278557
11116.0,0.0,0.016435613855719566
11117.0,0.0,0.058220189064741135
11118.0,0.0,0.023730482906103134
11119.0,0.0,0.06021404266357422
11120.0,0.0,0.015223466791212559
11121.0,0.0,0.0014202744932845235
11122.0,0.0,0.01506237406283617
11123.0,0.0,0.042148660868406296
11124.0,0.0,0.0036289540585130453
11125.0,0.0,0.052221037447452545
11126.0,0.0,0.018461478874087334
11127.0,0.0,0.023585906252264977
11128.0,0.0,0.0576346293091774
11129.0,0.0,0.014743927866220474
11130.0,0.0,0.024433191865682602
11131.0,0.0,0.4287012219429016
11132.0,0.0,0.024970166385173798
11133.0,0.0,0.06139259412884712
11134.0,0.0,0.0014202744932845235
11135.0,0.0,0.027983561158180237
11136.0,0.0,0.025771109387278557
11137.0,0.0,0.003244467545300722
11138.0,0.0,0.01678997464478016
11139.0,0.0,0.025771109387278557
11140.0,0.0,0.01629883050918579
11141.0,0.0,0.02526475116610527
11142.0,0.0,0.01740630343556404
11143.0,0.0,0.025771109387278557
11144.0,0.0,0.0012908532517030835
11145.0,0.0,0.4287012219429016
11146.0,0.0,0.003708237549290061
11147.0,0.0,0.021417561918497086
11148.0,0.0,0.04159116744995117
11149.0,0.0,0.01678997464478016
11150.0,0.0,0.024871468544006348
11151.0,1.0,0.8338411450386047
11152.0,0.0,0.024921730160713196
11153.0,0.0,0.024590618908405304
11154.0,0.0,0.026405904442071915
11155.0,0.0,0.02521074190735817
11156.0,0.0,0.024871468544006348
11157.0,0.0,0.43061134219169617
11158.0,0.0,0.0438106469810009
11159.0,0.0,0.023780781775712967
11160.0,0.0,0.024556316435337067
11161.0,0.0,0.01704694889485836
11162.0,0.0,0.022451452910900116
11163.0,0.0,0.02814936637878418
11164.0,0.0,0.0013865068322047591
11165.0,0.0,0.011279945261776447
11166.0,0.0,0.015413998626172543
11167.0,0.0,0.015878908336162567
11168.0,0.0,0.014891373924911022
11169.0,0.0,0.0014513740316033363
11170.0,0.0,0.0013140484225004911
11171.0,0.0,0.016435613855719566
11172.0,0.0,0.019178984686732292
11173.0,0.0,0.0015030310023576021
11174.0,0.0,0.016122156754136086
11175.0,0.0,0.015878908336162567
11176.0,0.0,0.01587403006851673
11177.0,0.0,0.023636609315872192
11178.0,0.0,0.025873281061649323
11179.0,0.0,0.023298293352127075
11180.0,0.0,0.02236247807741165
11181.0,0.0,0.05522727221250534
11182.0,0.0,0.02273487113416195
11183.0,0.0,0.027234036475419998
11184.0,0.0,0.024717602878808975
11185.0,0.0,0.013825992122292519
11186.0,0.0,0.02824964001774788
11187.0,0.0,0.02314114384353161
11188.0,0.0,0.4592801630496979
11189.0,0.0,0.026265054941177368
11190.0,0.0,0.02628469653427601
11191.0,0.0,0.010245205834507942
11192.0,0.0,0.057245396077632904
11193.0,0.0,0.02663862146437168
11194.0,1.0,0.9935270547866821
11195.0,0.0,0.04371431842446327
11196.0,0.0,0.017969094216823578
11197.0,0.0,0.0014202744932845235
11198.0,0.0,0.00330717652104795
11199.0,0.0,0.024906201288104057
11200.0,0.0,0.02236247807741165
11201.0,0.0,0.04063725471496582
11202.0,0.0,0.025771109387278557
11203.0,0.0,0.027341853827238083
11204.0,0.0,0.011426706798374653
11205.0,0.0,0.0034331486094743013
11206.0,0.0,0.05522727221250534
11207.0,0.0,0.02521074190735817
11208.0,0.0,0.043610937893390656
11209.0,0.0,0.02632135897874832
11210.0,0.0,0.026425663381814957
11211.0,0.0,0.02236247807741165
11212.0,0.0,0.010261302813887596
11213.0,0.0,0.025245940312743187
11214.0,0.0,0.010713044553995132
11215.0,0.0,0.02371274307370186
11216.0,0.0,0.001848058425821364
11217.0,0.0,0.029163094237446785
11218.0,0.0,0.024717602878808975
11219.0,1.0,0.3523220121860504
11220.0,1.0,0.3874518871307373
11221.0,1.0,0.05910811945796013
11222.0,0.0,0.026122327893972397
11223.0,0.0,0.015734784305095673
11224.0,0.0,0.06166466325521469
11225.0,0.0,0.01886281929910183
11226.0,0.0,0.025873281061649323
11227.0,0.0,0.025545770302414894
11228.0,0.0,0.024970166385173798
11229.0,0.0,0.024906201288104057
11230.0,1.0,0.027234036475419998
11231.0,0.0,0.061746884137392044
11232.0,0.0,0.04743117094039917
11233.0,0.0,0.014777462929487228
11234.0,0.0,0.027341853827238083
11235.0,1.0,0.6189892292022705
11236.0,0.0,0.016994355246424675
11237.0,0.0,0.0033205936197191477
11238.0,0.0,0.014276108704507351
11239.0,0.0,0.023474901914596558
11240.0,0.0,0.02445853315293789
11241.0,0.0,0.025771109387278557
11242.0,0.0,0.026744144037365913
11243.0,0.0,0.02632135897874832
11244.0,0.0,0.01629883050918579
11245.0,0.0,0.04156623035669327
11246.0,0.0,0.023887183517217636
11247.0,0.0,0.02569483406841755
11248.0,0.0,0.022420059889554977
11249.0,0.0,0.01899777166545391
11250.0,0.0,0.02632135897874832
11251.0,0.0,0.015467743389308453
11252.0,0.0,0.02624538727104664
11253.0,0.0,0.017693044617772102
11254.0,0.0,0.01740630343556404
11255.0,0.0,0.0015091396635398269
11256.0,0.0,0.022331207990646362
11257.0,0.0,0.0015030310023576021
11258.0,0.0,0.030525844544172287
11259.0,1.0,0.4713025689125061
11260.0,0.0,0.0018555959686636925
11261.0,0.0,0.010245205834507942
11262.0,0.0,0.024590618908405304
11263.0,0.0,0.01641029678285122
11264.0,0.0,0.06044430285692215
11265.0,0.0,0.01230571698397398
11266.0,1.0,0.931056559085846
11267.0,0.0,0.05441904067993164
11268.0,0.0,0.02521074190735817
11269.0,0.0,0.017378058284521103
11270.0,0.0,0.0014202744932845235
11271.0,0.0,0.027234036475419998
11272.0,0.0,0.05454898998141289
11273.0,0.0,0.015878908336162567
11274.0,0.0,0.017969094216823578
11275.0,0.0,0.027341853827238083
11276.0,0.0,0.02331724390387535
11277.0,0.0,0.023616880178451538
11278.0,0.0,0.022822577506303787
11279.0,0.0,0.025771109387278557
11280.0,0.0,0.06431885063648224
11281.0,0.0,0.0319456122815609
11282.0,0.0,0.024906201288104057
11283.0,1.0,0.023922305554151535
11284.0,1.0,0.9931517839431763
11285.0,0.0,0.025005033239722252
11286.0,1.0,0.45423975586891174
11287.0,0.0,0.027001334354281425
11288.0,0.0,0.027234036475419998
11289.0,0.0,0.003731371136382222
11290.0,0.0,0.40344616770744324
11291.0,0.0,0.024906201288104057
11292.0,1.0,0.4287012219429016
11293.0,0.0,0.02314114384353161
11294.0,0.0,0.016936318948864937
11295.0,0.0,0.026122327893972397
11296.0,0.0,0.0219366904348135
11297.0,0.0,0.06715065240859985
11298.0,0.0,0.05795514956116676
11299.0,0.0,0.0008072012569755316
11300.0,0.0,0.0013714581727981567
11301.0,1.0,0.4392189085483551
11302.0,0.0,0.024906201288104057
11303.0,0.0,0.016661789268255234
11304.0,0.0,0.06554759293794632
11305.0,0.0,0.05693892389535904
11306.0,0.0,0.0690503939986229
11307.0,0.0,0.024906201288104057
11308.0,0.0,0.0014513740316033363
11309.0,1.0,0.06375277787446976
11310.0,0.0,0.025873281061649323
11311.0,0.0,0.018288765102624893
11312.0,0.0,0.025642139837145805
11313.0,0.0,0.023612098768353462
11314.0,0.0,0.018288765102624893
11315.0,0.0,0.01133112795650959
11316.0,0.0,0.01629883050918579
11317.0,0.0,0.015246058814227581
11318.0,0.0,0.027234036475419998
11319.0,0.0,0.024717602878808975
11320.0,0.0,0.0013193896738812327
11321.0,0.0,0.02314114384353161
11322.0,0.0,0.03458906710147858
11323.0,0.0,0.0013315248070284724
11324.0,0.0,0.062166977673769
11325.0,0.0,0.024970166385173798
11326.0,0.0,0.025005033239722252
11327.0,0.0,0.0597548745572567
11328.0,0.0,0.02360360138118267
11329.0,1.0,0.014555196277797222
11330.0,0.0,0.025873281061649323
11331.0,0.0,0.06136394292116165
11332.0,0.0,0.023636609315872192
11333.0,0.0,0.062166977673769
11334.0,0.0,0.05907125025987625
11335.0,0.0,0.015116751194000244
11336.0,0.0,0.024906201288104057
11337.0,0.0,0.013648834079504013
11338.0,0.0,0.02440434880554676
11339.0,0.0,0.4626805782318115
11340.0,0.0,0.0013516949256882071
11341.0,0.0,0.04528721421957016
11342.0,1.0,0.3523220121860504
11343.0,0.0,0.4140818417072296
11344.0,0.0,0.02207839861512184
11345.0,0.0,0.011426706798374653
11346.0,0.0,0.016435613855719566
11347.0,0.0,0.025873281061649323
11348.0,0.0,0.0185039434581995
11349.0,0.0,0.002060550730675459
11350.0,1.0,0.05817730352282524
11351.0,0.0,0.3513956665992737
11352.0,0.0,0.022743655368685722
11353.0,0.0,0.024854116141796112
11354.0,0.0,0.015878908336162567
11355.0,0.0,0.014243694953620434
11356.0,0.0,0.02544485405087471
11357.0,0.0,0.010880522429943085
11358.0,0.0,0.0012283599935472012
11359.0,0.0,0.028110241517424583
11360.0,0.0,0.04011544585227966
11361.0,0.0,0.03793221339583397
11362.0,0.0,0.026122327893972397
11363.0,0.0,0.03554240241646767
11364.0,1.0,0.34019145369529724
11365.0,0.0,0.024717602878808975
11366.0,0.0,0.024556316435337067
11367.0,0.0,0.01635638438165188
11368.0,1.0,0.4287012219429016
11369.0,0.0,0.014961141161620617
11370.0,0.0,0.024906201288104057
11371.0,0.0,0.0597548745572567
11372.0,0.0,0.025771109387278557
11373.0,0.0,0.023887183517217636
11374.0,0.0,0.43061134219169617
11375.0,0.0,0.02314114384353161
11376.0,0.0,0.02641528844833374
11377.0,0.0,0.02440434880554676
11378.0,0.0,0.017969094216823578
11379.0,1.0,0.4392189085483551
11380.0,0.0,0.026122327893972397
11381.0,1.0,0.02314114384353161
11382.0,0.0,0.025073513388633728
11383.0,0.0,0.42740845680236816
11384.0,0.0,0.025771109387278557
11385.0,0.0,0.024501239880919456
11386.0,0.0,0.01618671976029873
11387.0,0.0,0.024363409727811813
11388.0,0.0,0.06344211101531982
11389.0,1.0,0.4158072769641876
11390.0,0.0,0.0013714581727981567
11391.0,0.0,0.024909960106015205
11392.0,0.0,0.017739813774824142
11393.0,0.0,0.016435613855719566
11394.0,0.0,0.017969094216823578
11395.0,0.0,0.016293639317154884
11396.0,0.0,0.017378058284521103
11397.0,0.0,0.012660186737775803
11398.0,0.0,0.010713044553995132
11399.0,0.0,0.026926081627607346
11400.0,0.0,0.011426706798374653
11401.0,0.0,0.023948587477207184
11402.0,0.0,0.01693744584918022
11403.0,0.0,0.326625257730484
11404.0,0.0,0.0014202744932845235
11405.0,1.0,0.02663862146437168
11406.0,0.0,0.024970166385173798
11407.0,0.0,0.0014135412639006972
11408.0,0.0,0.013166645541787148
11409.0,0.0,0.023568198084831238
11410.0,0.0,0.0262258630245924
11411.0,0.0,0.043610937893390656
11412.0,0.0,0.027234036475419998
11413.0,1.0,0.9962475895881653
11414.0,0.0,0.017378058284521103
11415.0,1.0,0.02641528844833374
11416.0,0.0,0.027234036475419998
11417.0,0.0,0.058099646121263504
11418.0,1.0,0.024555636569857597
11419.0,0.0,0.026122327893972397
11420.0,0.0,0.045085202902555466
11421.0,0.0,0.01885867677628994
11422.0,0.0,0.0012970002135261893
11423.0,0.0,0.024231432005763054
11424.0,0.0,0.029535578563809395
11425.0,0.0,0.027234036475419998
11426.0,0.0,0.03458906710147858
11427.0,0.0,0.001517681172117591
11428.0,0.0,0.4532330334186554
11429.0,0.0,0.0014566865283995867
11430.0,0.0,0.02519186958670616
11431.0,0.0,0.024556316435337067
11432.0,0.0,0.023677917197346687
11433.0,0.0,0.022451452910900116
11434.0,0.0,0.025873281061649323
11435.0,0.0,0.03749186545610428
11436.0,0.0,0.026265054941177368
11437.0,0.0,0.0013587368885055184
11438.0,0.0,0.035611413419246674
11439.0,0.0,0.003072339342907071
11440.0,0.0,0.023887183517217636
11441.0,0.0,0.017969094216823578
11442.0,0.0,0.02236247807741165
11443.0,0.0,0.02544485405087471
11444.0,0.0,0.0031458595767617226
11445.0,0.0,0.023710720241069794
11446.0,0.0,0.025642139837145805
11447.0,1.0,0.4366953670978546
11448.0,0.0,0.025651903823018074
11449.0,0.0,0.0015030310023576021
11450.0,0.0,0.02358420193195343
11451.0,0.0,0.038782041519880295
11452.0,0.0,0.024590618908405304
11453.0,0.0,0.024970166385173798
11454.0,0.0,0.01565380021929741
11455.0,0.0,0.025283005088567734
11456.0,0.0,0.015223466791212559
11457.0,0.0,0.38725024461746216
11458.0,0.0,0.027234036475419998
11459.0,0.0,0.02236247807741165
11460.0,0.0,0.06689666211605072
11461.0,1.0,0.9774124622344971
11462.0,0.0,0.010575352236628532
11463.0,0.0,0.02632135897874832
11464.0,0.0,0.025771109387278557
11465.0,0.0,0.016435613855719566
11466.0,0.0,0.04056795686483383
11467.0,0.0,0.0013714581727981567
11468.0,0.0,0.023721186444163322
11469.0,0.0,0.02628469653427601
11470.0,0.0,0.025771109387278557
11471.0,0.0,0.02653190866112709
11472.0,0.0,0.029535578563809395
11473.0,0.0,0.017969094216823578
11474.0,0.0,0.013305281288921833
11475.0,0.0,0.06175331398844719
11476.0,0.0,0.02398207224905491
11477.0,0.0,0.017450282350182533
11478.0,0.0,0.015107985585927963
11479.0,0.0,0.015413998626172543
11480.0,0.0,0.02663862146437168
11481.0,0.0,0.02544485405087471
11482.0,0.0,0.016994355246424675
11483.0,0.0,0.017378058284521103
11484.0,0.0,0.0014285823563113809
11485.0,0.0,0.02355126105248928
11486.0,0.0,0.01729780063033104
11487.0,0.0,0.016435613855719566
11488.0,0.0,0.0013714581727981567
11489.0,0.0,0.02314114384353161
11490.0,0.0,0.026301685720682144
11491.0,0.0,0.05522727221250534
11492.0,0.0,0.02314114384353161
11493.0,0.0,0.023922305554151535
11494.0,1.0,0.9964537620544434
11495.0,0.0,0.02236247807741165
11496.0,0.0,0.022949842736124992
11497.0,0.0,0.022847406566143036
11498.0,0.0,0.44021958112716675
11499.0,0.0,0.061310164630413055
11500.0,0.0,0.42579787969589233
11501.0,0.0,0.024717602878808975
11502.0,0.0,0.016766361892223358
11503.0,0.0,0.028147684410214424
11504.0,0.0,0.018040908500552177
11505.0,0.0,0.022331207990646362
11506.0,0.0,0.0036180189345031977
11507.0,0.0,0.028018031269311905
11508.0,0.0,0.05638376995921135
11509.0,0.0,0.04041016474366188
11510.0,0.0,0.02323314920067787
11511.0,0.0,0.027234036475419998
11512.0,0.0,0.016435613855719566
11513.0,0.0,0.024717602878808975
11514.0,0.0,0.017968246713280678
11515.0,0.0,0.02555892802774906
11516.0,1.0,0.43402186036109924
11517.0,0.0,0.03653378039598465
11518.0,0.0,0.018040908500552177
11519.0,0.0,0.017378058284521103
11520.0,0.0,0.02263348177075386
11521.0,0.0,0.015590906143188477
11522.0,0.0,0.026744144037365913
11523.0,0.0,0.023636609315872192
11524.0,0.0,0.029535578563809395
11525.0,0.0,0.025199830532073975
11526.0,0.0,0.024906201288104057
11527.0,0.0,0.025229530408978462
11528.0,0.0,0.022331207990646362
11529.0,0.0,0.4037907123565674
11530.0,0.0,0.0013462231727316976
11531.0,0.0,0.05843610316514969
11532.0,0.0,0.010713044553995132
11533.0,0.0,0.016225576400756836
11534.0,0.0,0.022775495424866676
11535.0,0.0,0.027983561158180237
11536.0,0.0,0.02445853315293789
11537.0,0.0,0.0013121713418513536
11538.0,0.0,0.0035538547672331333
11539.0,0.0,0.015413998626172543
11540.0,0.0,0.02440434880554676
11541.0,0.0,0.023636609315872192
11542.0,0.0,0.02314114384353161
11543.0,1.0,0.4006469249725342
11544.0,0.0,0.026141773909330368
11545.0,0.0,0.0597548745572567
11546.0,0.0,0.05616211146116257
11547.0,0.0,0.05582575500011444
11548.0,0.0,0.027234036475419998
11549.0,0.0,0.022420059889554977
11550.0,0.0,0.02236247807741165
11551.0,0.0,0.017969094216823578
11552.0,0.0,0.05628763884305954
11553.0,0.0,0.025310751050710678
11554.0,0.0,0.0013895576121285558
11555.0,0.0,0.022024011239409447
11556.0,0.0,0.02697308547794819
11557.0,0.0,0.02628469653427601
11558.0,0.0,0.02440434880554676
11559.0,0.0,0.06428132206201553
11560.0,0.0,0.03458906710147858
11561.0,1.0,0.015878908336162567
11562.0,0.0,0.01521681435406208
11563.0,0.0,0.015223466791212559
11564.0,0.0,0.32667824625968933
11565.0,0.0,0.025771109387278557
11566.0,0.0,0.024970166385173798
11567.0,0.0,0.01729780063033104
11568.0,0.0,0.015116751194000244
11569.0,0.0,0.029535578563809395
11570.0,0.0,0.024906201288104057
11571.0,0.0,0.019073618575930595
11572.0,0.0,0.016766361892223358
11573.0,0.0,0.002962704747915268
11574.0,0.0,0.017378058284521103
11575.0,0.0,0.017816275358200073
11576.0,0.0,0.026744144037365913
11577.0,0.0,0.01899777166545391
11578.0,0.0,0.025873281061649323
11579.0,0.0,0.05817730352282524
11580.0,0.0,0.024906201288104057
11581.0,0.0,0.05400810018181801
11582.0,0.0,0.02825978770852089
11583.0,0.0,0.02632135897874832
11584.0,1.0,0.45996466279029846
11585.0,0.0,0.025873281061649323
11586.0,0.0,0.055439580231904984
11587.0,0.0,0.001305232523009181
11588.0,0.0,0.01678997464478016
11589.0,0.0,0.02179497294127941
11590.0,0.0,0.01607489213347435
11591.0,0.0,0.016435613855719566
11592.0,0.0,0.030143672600388527
11593.0,0.0,0.025005033239722252
11594.0,0.0,0.0013213740894570947
11595.0,0.0,0.02440434880554676
11596.0,0.0,0.018040908500552177
11597.0,0.0,0.027341853827238083
11598.0,0.0,0.003753985045477748
11599.0,0.0,0.01565380021929741
11600.0,0.0,0.0246882326900959
11601.0,0.0,0.024906201288104057
11602.0,0.0,0.024717602878808975
11603.0,0.0,0.377876341342926
11604.0,1.0,0.06344211101531982
11605.0,0.0,0.025771109387278557
11606.0,0.0,0.024871468544006348
11607.0,0.0,0.024590618908405304
11608.0,0.0,0.016994355246424675
11609.0,0.0,0.01799868792295456
11610.0,0.0,0.024906201288104057
11611.0,0.0,0.014700775034725666
11612.0,0.0,0.0013886369997635484
11613.0,0.0,0.014061274006962776
11614.0,0.0,0.025545770302414894
11615.0,0.0,0.05525912344455719
11616.0,0.0,0.0012283599935472012
11617.0,0.0,0.04266770929098129
11618.0,0.0,0.02663862146437168
11619.0,0.0,0.01722889207303524
11620.0,0.0,0.06113040819764137
11621.0,0.0,0.022331207990646362
11622.0,0.0,0.05552269518375397
11623.0,0.0,0.015223466791212559
11624.0,0.0,0.06113040819764137
11625.0,0.0,0.02526475116610527
11626.0,0.0,0.024717602878808975
11627.0,0.0,0.025771109387278557
11628.0,0.0,0.02641528844833374
11629.0,0.0,0.02445853315293789
11630.0,0.0,0.015041153877973557
11631.0,0.0,0.01899777166545391
11632.0,0.0,0.025550583377480507
11633.0,0.0,0.024104200303554535
11634.0,0.0,0.023853830993175507
11635.0,0.0,0.027234036475419998
11636.0,0.0,0.003206670517101884
11637.0,1.0,0.9689841270446777
11638.0,0.0,0.024906201288104057
11639.0,0.0,0.016853002831339836
11640.0,0.0,0.06521227955818176
11641.0,0.0,0.010245205834507942
11642.0,0.0,0.039073653519153595
11643.0,0.0,0.025245940312743187
11644.0,0.0,0.02398207224905491
11645.0,0.0,0.015590906143188477
11646.0,0.0,0.003244467545300722
11647.0,0.0,0.03630084544420242
11648.0,0.0,0.02632135897874832
11649.0,0.0,0.01613527350127697
11650.0,0.0,0.02526475116610527
11651.0,0.0,0.023721186444163322
11652.0,0.0,0.027234036475419998
11653.0,0.0,0.019502442330121994
11654.0,0.0,0.04536348581314087
11655.0,0.0,0.06722301989793777
11656.0,0.0,0.02628469653427601
11657.0,1.0,0.023780781775712967
11658.0,0.0,0.05730250105261803
11659.0,0.0,0.0014018514193594456
11660.0,0.0,0.024555636569857597
11661.0,0.0,0.025005033239722252
11662.0,0.0,0.05468479543924332
11663.0,0.0,0.0014412200544029474
11664.0,0.0,0.025771109387278557
11665.0,0.0,0.06849057972431183
11666.0,0.0,0.023887183517217636
11667.0,0.0,0.33927401900291443
11668.0,0.0,0.022938264533877373
11669.0,0.0,0.02336050570011139
11670.0,0.0,0.040226031094789505
11671.0,1.0,0.35456952452659607
11672.0,0.0,0.022331207990646362
11673.0,0.0,0.024871468544006348
11674.0,0.0,0.02734609693288803
11675.0,0.0,0.05436822399497032
11676.0,0.0,0.02398207224905491
11677.0,0.0,0.003705400275066495
11678.0,1.0,0.015413998626172543
11679.0,0.0,0.01133112795650959
11680.0,0.0,0.05817730352282524
11681.0,0.0,0.016853002831339836
11682.0,0.0,0.025771109387278557
11683.0,0.0,0.06375277787446976
11684.0,0.0,0.022331207990646362
11685.0,0.0,0.027913730591535568
11686.0,0.0,0.0013714581727981567
11687.0,0.0,0.024556316435337067
11688.0,0.0,0.023636609315872192
11689.0,0.0,0.02568180114030838
11690.0,0.0,0.02481570467352867
11691.0,0.0,0.001980617642402649
11692.0,0.0,0.023948587477207184
11693.0,0.0,0.018495531752705574
11694.0,0.0,0.015878908336162567
11695.0,0.0,0.02709795907139778
11696.0,0.0,0.05522727221250534
11697.0,0.0,0.05795514956116676
11698.0,0.0,0.027234036475419998
11699.0,1.0,0.9962475895881653
11700.0,0.0,0.014243694953620434
11701.0,1.0,0.014777462929487228
11702.0,0.0,0.024017333984375
11703.0,0.0,0.035886865109205246
11704.0,0.0,0.01899777166545391
11705.0,0.0,0.0016681889537721872
11706.0,0.0,0.025771109387278557
11707.0,0.0,0.024906201288104057
11708.0,0.0,0.06927911937236786
11709.0,0.0,0.05607227236032486
11710.0,0.0,0.022913336753845215
11711.0,1.0,0.0013121713418513536
11712.0,0.0,0.02507074922323227
11713.0,0.0,0.015916068106889725
11714.0,0.0,0.03744565322995186
11715.0,0.0,0.059674497693777084
11716.0,0.0,0.03224973380565643
11717.0,0.0,0.016446709632873535
11718.0,0.0,0.02236247807741165
11719.0,0.0,0.3513956665992737
11720.0,0.0,0.01722889207303524
11721.0,0.0,0.01575755886733532
11722.0,0.0,0.05638376995921135
11723.0,0.0,0.024556316435337067
11724.0,0.0,0.024970166385173798
11725.0,0.0,0.025771109387278557
11726.0,0.0,0.02440434880554676
11727.0,0.0,0.026208091527223587
11728.0,0.0,0.02236247807741165
11729.0,0.0,0.023948587477207184
11730.0,1.0,0.058941278606653214
11731.0,0.0,0.0014909888850525022
11732.0,0.0,0.4380471110343933
11733.0,0.0,0.06326238811016083
11734.0,0.0,0.023579120635986328
11735.0,0.0,0.025771109387278557
11736.0,0.0,0.015413998626172543
11737.0,0.0,0.3513956665992737
11738.0,0.0,0.024555636569857597
11739.0,1.0,0.34842145442962646
11740.0,0.0,0.02628469653427601
11741.0,0.0,0.024590618908405304
11742.0,0.0,0.0013536671176552773
11743.0,0.0,0.022331207990646362
11744.0,0.0,0.013825992122292519
11745.0,0.0,0.017969094216823578
11746.0,0.0,0.054758843034505844
11747.0,1.0,0.5852648615837097
11748.0,0.0,0.01899777166545391
11749.0,0.0,0.025283005088567734
11750.0,0.0,0.016850806772708893
11751.0,0.0,0.015556056052446365
11752.0,0.0,0.02445853315293789
11753.0,0.0,0.02544485405087471
11754.0,0.0,0.05795514956116676
11755.0,0.0,0.02314114384353161
11756.0,0.0,0.015938570722937584
11757.0,0.0,0.04041016474366188
11758.0,0.0,0.0012093731202185154
11759.0,1.0,0.9654908180236816
11760.0,0.0,0.022331207990646362
11761.0,0.0,0.026141773909330368
11762.0,0.0,0.4392189085483551
11763.0,0.0,0.02398207224905491
11764.0,0.0,0.0012908532517030835
11765.0,1.0,0.061627063900232315
11766.0,1.0,0.018040908500552177
11767.0,0.0,0.02526475116610527
11768.0,0.0,0.059705499559640884
11769.0,0.0,0.02814936637878418
11770.0,0.0,0.06136394292116165
11771.0,0.0,0.0014412200544029474
11772.0,0.0,0.0012283599935472012
11773.0,0.0,0.017478905618190765
11774.0,0.0,0.016853002831339836
11775.0,0.0,0.04475943744182587
11776.0,0.0,0.0015030310023576021
11777.0,0.0,0.025771109387278557
11778.0,0.0,0.0037465007044374943
11779.0,0.0,0.026141773909330368
11780.0,0.0,0.001263095997273922
11781.0,0.0,0.05066057667136192
11782.0,0.0,0.0008638596627861261
11783.0,0.0,0.025771109387278557
11784.0,0.0,0.034188173711299896
11785.0,0.0,0.024906201288104057
11786.0,0.0,0.01729780063033104
11787.0,0.0,0.013356479816138744
11788.0,0.0,0.024017333984375
11789.0,0.0,0.02632135897874832
11790.0,0.0,0.024906201288104057
11791.0,1.0,0.41840609908103943
11792.0,0.0,0.003128680167719722
11793.0,0.0,0.02663862146437168
11794.0,0.0,0.023730525746941566
11795.0,0.0,0.015878908336162567
11796.0,0.0,0.017378058284521103
11797.0,0.0,0.06090153381228447
11798.0,0.0,0.024717602878808975
11799.0,0.0,0.014743927866220474
11800.0,1.0,0.4624745547771454
11801.0,0.0,0.023853830993175507
11802.0,0.0,0.02323314920067787
11803.0,0.0,0.015096615068614483
11804.0,0.0,0.02663862146437168
11805.0,0.0,0.02544485405087471
11806.0,0.0,0.0014058093074709177
11807.0,0.0,0.025245940312743187
11808.0,0.0,0.0597548745572567
11809.0,0.0,0.02663862146437168
11810.0,0.0,0.027234036475419998
11811.0,0.0,0.02314114384353161
11812.0,0.0,0.024906201288104057
11813.0,0.0,0.025771109387278557
11814.0,0.0,0.03353560343384743
11815.0,0.0,0.33927401900291443
11816.0,0.0,0.0032673964742571115
11817.0,0.0,0.026141773909330368
11818.0,1.0,0.7801046967506409
11819.0,0.0,0.4455717206001282
11820.0,0.0,0.05522727221250534
11821.0,0.0,0.01697045937180519
11822.0,0.0,0.024871468544006348
11823.0,0.0,0.05814175680279732
11824.0,0.0,0.016777299344539642
11825.0,0.0,0.0246882326900959
11826.0,0.0,0.027341853827238083
11827.0,0.0,0.0013608243316411972
11828.0,0.0,0.024501239880919456
11829.0,0.0,0.03508663550019264
11830.0,0.0,0.025771109387278557
11831.0,0.0,0.0182296484708786
11832.0,0.0,0.02445853315293789
11833.0,0.0,0.025771109387278557
11834.0,0.0,0.06610185652971268
11835.0,0.0,0.026301685720682144
11836.0,1.0,0.43061134219169617
11837.0,0.0,0.43061134219169617
11838.0,0.0,0.030025148764252663
11839.0,0.0,0.02070019766688347
11840.0,0.0,0.024717602878808975
11841.0,0.0,0.027234036475419998
11842.0,0.0,0.025771109387278557
11843.0,0.0,0.02880288101732731
11844.0,0.0,0.06198906525969505
11845.0,0.0,0.016435613855719566
11846.0,0.0,0.041035208851099014
11847.0,0.0,0.03906802460551262
11848.0,0.0,0.025743823498487473
11849.0,0.0,0.02544485405087471
11850.0,0.0,0.02521074190735817
11851.0,0.0,0.0014752917923033237
11852.0,0.0,0.0014202744932845235
11853.0,0.0,0.04266770929098129
11854.0,0.0,0.027234036475419998
11855.0,0.0,0.059325143694877625
11856.0,0.0,0.0013517334591597319
11857.0,0.0,0.02314114384353161
11858.0,0.0,0.016435613855719566
11859.0,0.0,0.011593515053391457
11860.0,1.0,0.027341853827238083
11861.0,0.0,0.01840336248278618
11862.0,0.0,0.022331207990646362
11863.0,0.0,0.06344211101531982
11864.0,0.0,0.010245205834507942
11865.0,0.0,0.016435613855719566
11866.0,0.0,0.01575755886733532
11867.0,0.0,0.03619825094938278
11868.0,0.0,0.024906201288104057
11869.0,0.0,0.02174413576722145
11870.0,0.0,0.0014202744932845235
11871.0,0.0,0.03061501495540142
11872.0,0.0,0.4287012219429016
11873.0,0.0,0.02314114384353161
11874.0,0.0,0.0166352316737175
11875.0,0.0,0.02314114384353161
11876.0,0.0,0.023780781775712967
11877.0,0.0,0.024906201288104057
11878.0,0.0,0.05708349123597145
11879.0,0.0,0.025550583377480507
11880.0,0.0,0.04230886325240135
11881.0,1.0,0.43759867548942566
11882.0,0.0,0.022390134632587433
11883.0,0.0,0.023853830993175507
11884.0,0.0,0.024906201288104057
11885.0,0.0,0.031205356121063232
11886.0,0.0,0.02663862146437168
11887.0,0.0,0.036763910204172134
11888.0,0.0,0.023922305554151535
11889.0,0.0,0.06474325805902481
11890.0,0.0,0.015878908336162567
11891.0,0.0,0.06512225419282913
11892.0,0.0,0.05522727221250534
11893.0,0.0,0.01729780063033104
11894.0,0.0,0.017378058284521103
11895.0,0.0,0.0013663552235811949
11896.0,0.0,0.022420059889554977
11897.0,0.0,0.027234036475419998
11898.0,0.0,0.02628469653427601
11899.0,0.0,0.023887183517217636
11900.0,0.0,0.02814936637878418
11901.0,0.0,0.04081787168979645
11902.0,0.0,0.0014202744932845235
11903.0,0.0,0.025771109387278557
11904.0,0.0,0.016097549349069595
11905.0,0.0,0.015938570722937584
11906.0,0.0,0.01722889207303524
11907.0,0.0,0.024906201288104057
11908.0,0.0,0.05795514956116676
11909.0,0.0,0.05910811945796013
11910.0,0.0,0.02314114384353161
11911.0,0.0,0.027341853827238083
11912.0,0.0,0.02440434880554676
11913.0,0.0,0.02632135897874832
11914.0,0.0,0.024871468544006348
11915.0,1.0,0.4360010325908661
11916.0,0.0,0.024871468544006348
11917.0,0.0,0.06290864944458008
11918.0,0.0,0.014740437269210815
11919.0,0.0,0.025771109387278557
11920.0,1.0,0.3513956665992737
11921.0,0.0,0.0013334295945242047
11922.0,0.0,0.02814936637878418
11923.0,0.0,0.017378058284521103
11924.0,0.0,0.011279945261776447
11925.0,0.0,0.05607227236032486
11926.0,0.0,0.05975974351167679
11927.0,0.0,0.01574668474495411
11928.0,0.0,0.057168908417224884
11929.0,0.0,0.018330127000808716
11930.0,0.0,0.028660891577601433
11931.0,0.0,0.025771109387278557
11932.0,1.0,0.02632135897874832
11933.0,0.0,0.035773199051618576
11934.0,0.0,0.017450282350182533
11935.0,0.0,0.014870388433337212
11936.0,0.0,0.02526475116610527
11937.0,0.0,0.017810726538300514
11938.0,0.0,0.018330127000808716
11939.0,0.0,0.1240515485405922
11940.0,0.0,0.025873281061649323
11941.0,0.0,0.02502305433154106
11942.0,0.0,0.023887183517217636
11943.0,0.0,0.02803678810596466
11944.0,0.0,0.003296883078292012
11945.0,0.0,0.0013608243316411972
11946.0,0.0,0.055597104132175446
11947.0,0.0,0.07950881868600845
11948.0,0.0,0.001302272197790444
11949.0,0.0,0.003634760156273842
11950.0,0.0,0.01702914573252201
11951.0,0.0,0.027234036475419998
11952.0,0.0,0.06844154000282288
11953.0,0.0,0.02061801590025425
11954.0,0.0,0.014777462929487228
11955.0,0.0,0.003147862385958433
11956.0,0.0,0.017969094216823578
11957.0,0.0,0.0014078195672482252
11958.0,0.0,0.030525844544172287
11959.0,0.0,0.024555636569857597
11960.0,0.0,0.026122327893972397
11961.0,1.0,0.058183833956718445
11962.0,0.0,0.06212304159998894
11963.0,0.0,0.0014018514193594456
11964.0,0.0,0.016293639317154884
11965.0,0.0,0.003551457542926073
11966.0,0.0,0.0014202744932845235
11967.0,0.0,0.05708349123597145
11968.0,0.0,0.02314114384353161
11969.0,0.0,0.0013714581727981567
11970.0,0.0,0.024871468544006348
11971.0,0.0,0.030903587117791176
11972.0,0.0,0.022451452910900116
11973.0,0.0,0.025005033239722252
11974.0,0.0,0.027234036475419998
11975.0,0.0,0.016122156754136086
11976.0,0.0,0.02323314920067787
11977.0,0.0,0.01899777166545391
11978.0,0.0,0.028221415355801582
11979.0,0.0,0.0012555853463709354
11980.0,0.0,0.06777822971343994
11981.0,0.0,0.06344211101531982
11982.0,0.0,0.003504489315673709
11983.0,0.0,0.022451452910900116
11984.0,0.0,0.0597548745572567
11985.0,0.0,0.023887183517217636
11986.0,0.0,0.015856554731726646
11987.0,0.0,0.015223466791212559
11988.0,0.0,0.015423089265823364
11989.0,0.0,0.07423292845487595
11990.0,0.0,0.028332654386758804
11991.0,0.0,0.4532330334186554
11992.0,0.0,0.010719395242631435
11993.0,0.0,0.009848781861364841
11994.0,1.0,0.013304156251251698
11995.0,0.0,0.02398207224905491
11996.0,0.0,0.4122503101825714
11997.0,0.0,0.024906201288104057
11998.0,0.0,0.024871468544006348
11999.0,0.0,0.01575755886733532
12000.0,1.0,0.996253490447998
12001.0,0.0,0.025771109387278557
12002.0,0.0,0.025771109387278557
12003.0,0.0,0.026425663381814957
12004.0,0.0,0.025771109387278557
12005.0,0.0,0.014743927866220474
12006.0,0.0,0.026301685720682144
12007.0,0.0,0.017969094216823578
12008.0,0.0,0.0263888631016016
12009.0,0.0,0.015916068106889725
12010.0,0.0,0.014891373924911022
12011.0,0.0,0.0035982721019536257
12012.0,0.0,0.4310002028942108
12013.0,0.0,0.0472479946911335
12014.0,0.0,0.02871449664235115
12015.0,0.0,0.022451452910900116
12016.0,0.0,0.026405904442071915
12017.0,1.0,0.05345886945724487
12018.0,0.0,0.01704694889485836
12019.0,0.0,0.025771109387278557
12020.0,0.0,0.05607227236032486
12021.0,0.0,0.025771109387278557
12022.0,1.0,0.32910025119781494
12023.0,0.0,0.48815134167671204
12024.0,0.0,0.024906201288104057
12025.0,0.0,0.0014909888850525022
12026.0,1.0,0.8488627672195435
12027.0,0.0,0.030525844544172287
12028.0,0.0,0.01886281929910183
12029.0,0.0,0.015878908336162567
12030.0,0.0,0.05685824900865555
12031.0,0.0,0.025005033239722252
12032.0,0.0,0.016994355246424675
12033.0,0.0,0.06175331398844719
12034.0,0.0,0.02314114384353161
12035.0,0.0,0.025245940312743187
12036.0,0.0,0.018086470663547516
12037.0,0.0,0.06549248099327087
12038.0,1.0,0.4443788528442383
12039.0,0.0,0.016435613855719566
12040.0,0.0,0.025245940312743187
12041.0,0.0,0.016994355246424675
12042.0,0.0,0.0014202744932845235
12043.0,0.0,0.024906201288104057
12044.0,1.0,0.05812613666057587
12045.0,1.0,0.015856554731726646
12046.0,0.0,0.02663862146437168
12047.0,0.0,0.025771109387278557
12048.0,0.0,0.025771109387278557
12049.0,0.0,0.01404144149273634
12050.0,0.0,0.024906201288104057
12051.0,0.0,0.024717602878808975
12052.0,0.0,0.041746873408555984
12053.0,0.0,0.0012464794563129544
12054.0,0.0,0.026706915348768234
12055.0,0.0,0.025771109387278557
12056.0,1.0,0.4374698996543884
12057.0,0.0,0.04087004438042641
12058.0,0.0,0.014891373924911022
12059.0,0.0,0.041035208851099014
12060.0,0.0,0.01899777166545391
12061.0,0.0,0.0013140484225004911
12062.0,0.0,0.06024523451924324
12063.0,1.0,0.0273841954767704
12064.0,0.0,0.01086955051869154
12065.0,0.0,0.016435613855719566
12066.0,0.0,0.02663862146437168
12067.0,0.0,0.05812613666057587
12068.0,0.0,0.023922305554151535
12069.0,0.0,0.02632135897874832
12070.0,0.0,0.027341853827238083
12071.0,0.0,0.022331207990646362
12072.0,0.0,0.024906201288104057
12073.0,0.0,0.0013462231727316976
12074.0,1.0,0.4532330334186554
12075.0,0.0,0.024717602878808975
12076.0,0.0,0.0014459739904850721
12077.0,0.0,0.025771109387278557
12078.0,0.0,0.026122327893972397
12079.0,0.0,0.0013608243316411972
12080.0,0.0,0.024906201288104057
12081.0,0.0,0.035536110401153564
12082.0,0.0,0.023474901914596558
12083.0,0.0,0.030525844544172287
12084.0,0.0,0.4316074550151825
12085.0,0.0,0.02902810275554657
12086.0,0.0,0.03740875422954559
12087.0,0.0,0.02360360138118267
12088.0,0.0,0.06551076471805573
12089.0,0.0,0.023853830993175507
12090.0,0.0,0.037240318953990936
12091.0,0.0,0.04204447567462921
12092.0,0.0,0.052849479019641876
12093.0,0.0,0.038543496280908585
12094.0,0.0,0.019073618575930595
12095.0,0.0,0.02440434880554676
12096.0,0.0,0.014870388433337212
12097.0,0.0,0.01899777166545391
12098.0,1.0,0.9935466647148132
12099.0,0.0,0.0019138067727908492
12100.0,0.0,0.015574609860777855
12101.0,0.0,0.015938570722937584
12102.0,0.0,0.06021404266357422
12103.0,0.0,0.02314114384353161
12104.0,0.0,0.01633991301059723
12105.0,0.0,0.018495531752705574
12106.0,0.0,0.02663862146437168
12107.0,0.0,0.02207839861512184
12108.0,0.0,0.02314114384353161
12109.0,1.0,0.43199655413627625
12110.0,0.0,0.016435613855719566
12111.0,0.0,0.025035878643393517
12112.0,0.0,0.016766361892223358
12113.0,0.0,0.0174587219953537
12114.0,0.0,0.0375516377389431
12115.0,0.0,0.023887183517217636
12116.0,0.0,0.05522727221250534
12117.0,0.0,0.014621013775467873
12118.0,0.0,0.038684967905282974
12119.0,0.0,0.0562143549323082
12120.0,0.0,0.023922305554151535
12121.0,0.0,0.017378058284521103
12122.0,0.0,0.06175331398844719
12123.0,0.0,0.03167172521352768
12124.0,0.0,0.023887183517217636
12125.0,0.0,0.0013047066750004888
12126.0,0.0,0.023853830993175507
12127.0,0.0,0.016529247164726257
12128.0,0.0,0.011593515053391457
12129.0,0.0,0.024717602878808975
12130.0,0.0,0.024906201288104057
12131.0,0.0,0.03752155229449272
12132.0,0.0,0.031205356121063232
12133.0,0.0,0.003482937579974532
12134.0,0.0,0.024717602878808975
12135.0,0.0,0.01133112795650959
12136.0,0.0,0.037795647978782654
12137.0,0.0,0.0012720894301310182
12138.0,0.0,0.01133112795650959
12139.0,0.0,0.018505094572901726
12140.0,0.0,0.059705499559640884
12141.0,0.0,0.02663862146437168
12142.0,1.0,0.0593344122171402
12143.0,0.0,0.020130716264247894
12144.0,0.0,0.01521681435406208
12145.0,0.0,0.015675872564315796
12146.0,0.0,0.027234036475419998
12147.0,0.0,0.025035878643393517
12148.0,0.0,0.015856554731726646
12149.0,0.0,0.02641528844833374
12150.0,0.0,0.016674311831593513
12151.0,0.0,0.025771109387278557
12152.0,1.0,0.027234036475419998
12153.0,0.0,0.03909050673246384
12154.0,0.0,0.02323314920067787
12155.0,0.0,0.02544485405087471
12156.0,0.0,0.04041016474366188
12157.0,0.0,0.06139259412884712
12158.0,0.0,0.015590906143188477
12159.0,0.0,0.029163094237446785
12160.0,0.0,0.06452606618404388
12161.0,0.0,0.018040908500552177
12162.0,0.0,0.028110241517424583
12163.0,1.0,0.4392189085483551
12164.0,0.0,0.003504489315673709
12165.0,0.0,0.02481570467352867
12166.0,0.0,0.02632135897874832
12167.0,0.0,0.027234036475419998
12168.0,0.0,0.016435613855719566
12169.0,0.0,0.024717602878808975
12170.0,0.0,0.02632135897874832
12171.0,0.0,0.014276108704507351
12172.0,0.0,0.024871468544006348
12173.0,0.0,0.017336970195174217
12174.0,0.0,0.02314114384353161
12175.0,0.0,0.024906201288104057
12176.0,0.0,0.025550583377480507
12177.0,0.0,0.02440434880554676
12178.0,0.0,0.015413998626172543
12179.0,0.0,0.026122327893972397
12180.0,0.0,0.0013714581727981567
12181.0,0.0,0.023853830993175507
12182.0,0.0,0.023888908326625824
12183.0,0.0,0.016122156754136086
12184.0,0.0,0.02440434880554676
12185.0,0.0,0.024906201288104057
12186.0,0.0,0.042148660868406296
12187.0,0.0,0.025005033239722252
12188.0,0.0,0.02632135897874832
12189.0,0.0,0.02236247807741165
12190.0,0.0,0.025005033239722252
12191.0,0.0,0.026048487052321434
12192.0,0.0,0.04191213846206665
12193.0,0.0,0.023433061316609383
12194.0,0.0,0.01830248348414898
12195.0,0.0,0.024906201288104057
12196.0,0.0,0.0013663552235811949
12197.0,0.0,0.06536383181810379
12198.0,0.0,0.025771109387278557
12199.0,0.0,0.014958435669541359
12200.0,0.0,0.024906201288104057
12201.0,0.0,0.01607489213347435
12202.0,0.0,0.0013916846364736557
12203.0,0.0,0.0013714581727981567
12204.0,0.0,0.024871468544006348
12205.0,0.0,0.039073653519153595
12206.0,0.0,0.014175931923091412
12207.0,0.0,0.024906201288104057
12208.0,0.0,0.02521074190735817
12209.0,0.0,0.4465901553630829
12210.0,1.0,0.5711778998374939
12211.0,0.0,0.025873281061649323
12212.0,1.0,0.05237181484699249
12213.0,0.0,0.000811643956694752
12214.0,0.0,0.025771109387278557
12215.0,0.0,0.011426706798374653
12216.0,0.0,0.025913292542099953
12217.0,0.0,0.013337628915905952
12218.0,0.0,0.026141773909330368
12219.0,0.0,0.025913292542099953
12220.0,0.0,0.0008371466537937522
12221.0,0.0,0.01562632992863655
12222.0,0.0,0.016674311831593513
12223.0,0.0,0.02814936637878418
12224.0,0.0,0.03749186545610428
12225.0,0.0,0.01678997464478016
12226.0,0.0,0.06670156121253967
12227.0,0.0,0.026425663381814957
12228.0,0.0,0.024717602878808975
12229.0,0.0,0.06301617622375488
12230.0,0.0,0.02710825391113758
12231.0,0.0,0.025005033239722252
12232.0,0.0,0.023636609315872192
12233.0,0.0,0.0273841954767704
12234.0,0.0,0.0016517271287739277
12235.0,0.0,0.025005033239722252
12236.0,1.0,0.9750341773033142
12237.0,0.0,0.02526475116610527
12238.0,0.0,0.00336131127551198
12239.0,0.0,0.0033205936197191477
12240.0,0.0,0.02826070226728916
12241.0,0.0,0.02314114384353161
12242.0,0.0,0.024501239880919456
12243.0,0.0,0.025771109387278557
12244.0,0.0,0.025771109387278557
12245.0,0.0,0.014124889858067036
12246.0,0.0,0.0015775627689436078
12247.0,0.0,0.028110241517424583
12248.0,0.0,0.06175331398844719
12249.0,0.0,0.017115604132413864
12250.0,0.0,0.024906201288104057
12251.0,0.0,0.003504489315673709
12252.0,0.0,0.017969094216823578
12253.0,0.0,0.01697045937180519
12254.0,0.0,0.05522727221250534
12255.0,0.0,0.0014672224642708898
12256.0,0.0,0.019268490374088287
12257.0,0.0,0.024871468544006348
12258.0,0.0,0.04081787168979645
12259.0,0.0,0.02236247807741165
12260.0,0.0,0.023887183517217636
12261.0,0.0,0.0014693202683702111
12262.0,0.0,0.031328391283750534
12263.0,0.0,0.03634200617671013
12264.0,0.0,0.03529460355639458
12265.0,0.0,0.024590618908405304
12266.0,0.0,0.025005033239722252
12267.0,0.0,0.027234036475419998
12268.0,0.0,0.024590618908405304
12269.0,0.0,0.014777462929487228
12270.0,0.0,0.023420259356498718
12271.0,1.0,0.017969094216823578
12272.0,0.0,0.024906201288104057
12273.0,0.0,0.025550583377480507
12274.0,0.0,0.05059177801012993
12275.0,0.0,0.06574150919914246
12276.0,0.0,0.06100006029009819
12277.0,0.0,0.025873281061649323
12278.0,0.0,0.0037232735194265842
12279.0,0.0,0.023853830993175507
12280.0,0.0,0.025771109387278557
12281.0,0.0,0.01722889207303524
12282.0,0.0,0.0012772607151418924
12283.0,0.0,0.05454898998141289
12284.0,0.0,0.01533604972064495
12285.0,0.0,0.018268050625920296
12286.0,0.0,0.02632135897874832
12287.0,0.0,0.4532330334186554
12288.0,0.0,0.02663862146437168
12289.0,0.0,0.011593515053391457
12290.0,0.0,0.027234036475419998
12291.0,0.0,0.01575755886733532
12292.0,0.0,0.4352077543735504
12293.0,0.0,0.45128288865089417
12294.0,0.0,0.02663862146437168
12295.0,1.0,0.9775838851928711
12296.0,0.0,0.0033240800257772207
12297.0,0.0,0.017895635217428207
12298.0,0.0,0.0636674016714096
12299.0,0.0,0.016225576400756836
12300.0,0.0,0.04019296169281006
12301.0,0.0,0.016293639317154884
12302.0,0.0,0.03893374651670456
12303.0,0.0,0.0015415605157613754
12304.0,0.0,0.026141773909330368
12305.0,0.0,0.0013663552235811949
12306.0,0.0,0.0014401210937649012
12307.0,0.0,0.06344211101531982
12308.0,0.0,0.015878908336162567
12309.0,0.0,0.027234036475419998
12310.0,0.0,0.01635638438165188
12311.0,0.0,0.023887183517217636
12312.0,0.0,0.02236247807741165
12313.0,0.0,0.0472479946911335
12314.0,0.0,0.022913336753845215
12315.0,0.0,0.02358420193195343
12316.0,1.0,0.43704754114151
12317.0,0.0,0.02826070226728916
12318.0,0.0,0.02398207224905491
12319.0,0.0,0.018891548737883568
12320.0,0.0,0.02398207224905491
12321.0,0.0,0.013825992122292519
12322.0,0.0,0.025771109387278557
12323.0,0.0,0.023887183517217636
12324.0,0.0,0.0012720894301310182
12325.0,0.0,0.027234036475419998
12326.0,0.0,0.027234036475419998
12327.0,0.0,0.017378058284521103
12328.0,0.0,0.015878908336162567
12329.0,0.0,0.030143672600388527
12330.0,0.0,0.017115604132413864
12331.0,0.0,0.02314114384353161
12332.0,0.0,0.0014752917923033237
12333.0,0.0,0.015413998626172543
12334.0,0.0,0.016674311831593513
12335.0,0.0,0.05085766315460205
12336.0,0.0,0.022847406566143036
12337.0,0.0,0.0614297017455101
12338.0,0.0,0.02544485405087471
12339.0,0.0,0.03749186545610428
12340.0,0.0,0.023853830993175507
12341.0,0.0,0.037774160504341125
12342.0,0.0,0.021197669208049774
12343.0,0.0,0.01722889207303524
12344.0,0.0,0.4392189085483551
12345.0,0.0,0.0014513740316033363
12346.0,0.0,0.037862952798604965
12347.0,0.0,0.02481570467352867
12348.0,0.0,0.024906201288104057
12349.0,0.0,0.04041016474366188
12350.0,0.0,0.049772925674915314
12351.0,0.0,0.025771109387278557
12352.0,0.0,0.024717602878808975
12353.0,0.0,0.02854803204536438
12354.0,0.0,0.016109652817249298
12355.0,0.0,0.05915085971355438
12356.0,1.0,0.05554807558655739
12357.0,0.0,0.026141773909330368
12358.0,0.0,0.0031837711576372385
12359.0,0.0,0.024717602878808975
12360.0,0.0,0.024717602878808975
12361.0,0.0,0.022331207990646362
12362.0,0.0,0.024871468544006348
12363.0,0.0,0.030530719086527824
12364.0,0.0,0.05741441249847412
12365.0,0.0,0.01886281929910183
12366.0,0.0,0.024590618908405304
12367.0,0.0,0.024717602878808975
12368.0,0.0,0.3426138460636139
12369.0,0.0,0.01543995551764965
12370.0,0.0,0.0014513740316033363
12371.0,1.0,0.061310164630413055
12372.0,0.0,0.04317762702703476
12373.0,0.0,0.01685047335922718
12374.0,0.0,0.06175331398844719
12375.0,0.0,0.027234341949224472
12376.0,0.0,0.025005033239722252
12377.0,0.0,0.05628763884305954
12378.0,0.0,0.014621013775467873
12379.0,0.0,0.02465379238128662
12380.0,0.0,0.059325143694877625
12381.0,0.0,0.025771109387278557
12382.0,0.0,0.04407826438546181
12383.0,0.0,0.42605772614479065
12384.0,0.0,0.02314114384353161
12385.0,0.0,0.0013389488449320197
12386.0,0.0,0.025873281061649323
12387.0,0.0,0.0014202744932845235
12388.0,0.0,0.0014672224642708898
12389.0,0.0,0.003526357701048255
12390.0,0.0,0.025771109387278557
12391.0,0.0,0.025073513388633728
12392.0,0.0,0.4676893949508667
12393.0,0.0,0.4037907123565674
12394.0,0.0,0.05645400658249855
12395.0,0.0,0.24850521981716156
12396.0,0.0,0.018622351810336113
12397.0,0.0,0.05638376995921135
12398.0,0.0,0.016122156754136086
12399.0,0.0,0.024906201288104057
12400.0,0.0,0.022938264533877373
12401.0,0.0,0.028508367016911507
12402.0,0.0,0.017969094216823578
12403.0,0.0,0.025810956954956055
12404.0,0.0,0.02854803204536438
12405.0,1.0,0.4352077543735504
12406.0,0.0,0.0014202744932845235
12407.0,0.0,0.016435613855719566
12408.0,0.0,0.02653190866112709
12409.0,0.0,0.030141258612275124
12410.0,0.0,0.01729780063033104
12411.0,0.0,0.016853002831339836
12412.0,0.0,0.4625804126262665
12413.0,0.0,0.4510480761528015
12414.0,0.0,0.0375923290848732
12415.0,0.0,0.4392189085483551
12416.0,0.0,0.02360360138118267
12417.0,0.0,0.02314114384353161
12418.0,0.0,0.035130035132169724
12419.0,0.0,0.024906201288104057
12420.0,0.0,0.02632135897874832
12421.0,0.0,0.047430071979761124
12422.0,0.0,0.0031792735680937767
12423.0,0.0,0.42740845680236816
12424.0,0.0,0.016435613855719566
12425.0,0.0,0.02653190866112709
12426.0,0.0,0.015979811549186707
12427.0,0.0,0.0014459739904850721
12428.0,0.0,0.025771109387278557
12429.0,0.0,0.02854803204536438
12430.0,0.0,0.016435613855719566
12431.0,0.0,0.02544485405087471
12432.0,0.0,0.025771109387278557
12433.0,0.0,0.015041153877973557
12434.0,0.0,0.016122156754136086
12435.0,0.0,0.3513956665992737
12436.0,0.0,0.03106181137263775
12437.0,0.0,0.02236247807741165
12438.0,1.0,0.48670899868011475
12439.0,0.0,0.02544485405087471
12440.0,0.0,0.014891373924911022
12441.0,0.0,0.07362670451402664
12442.0,0.0,0.025545770302414894
12443.0,0.0,0.024871468544006348
12444.0,0.0,0.02236247807741165
12445.0,0.0,0.016435613855719566
12446.0,0.0,0.002962704747915268
12447.0,0.0,0.022451452910900116
12448.0,0.0,0.0013906233943998814
12449.0,0.0,0.026301685720682144
12450.0,0.0,0.06021404266357422
12451.0,0.0,0.017336970195174217
12452.0,0.0,0.02207839861512184
12453.0,0.0,0.01823294162750244
12454.0,0.0,0.01575755886733532
12455.0,0.0,0.024871468544006348
12456.0,0.0,0.027234036475419998
12457.0,0.0,0.02314114384353161
12458.0,0.0,0.01899777166545391
12459.0,0.0,0.025873281061649323
12460.0,0.0,0.014555196277797222
12461.0,0.0,0.02663862146437168
12462.0,1.0,0.0008859550580382347
12463.0,0.0,0.01575755886733532
12464.0,1.0,0.015413998626172543
12465.0,0.0,0.003855479182675481
12466.0,0.0,0.38397806882858276
12467.0,0.0,0.017765823751688004
12468.0,0.0,0.027234036475419998
12469.0,0.0,0.03683403134346008
12470.0,0.0,0.024906201288104057
12471.0,0.0,0.0008371466537937522
12472.0,0.0,0.023922305554151535
12473.0,0.0,0.0013973414897918701
12474.0,0.0,0.46804577112197876
12475.0,0.0,0.0014260467141866684
12476.0,1.0,0.01830248348414898
12477.0,0.0,0.35456952452659607
12478.0,0.0,0.027386168017983437
12479.0,0.0,0.02628469653427601
12480.0,0.0,0.02323314920067787
12481.0,0.0,0.01618671976029873
12482.0,0.0,0.03513512387871742
12483.0,0.0,0.01740630343556404
12484.0,0.0,0.024906201288104057
12485.0,0.0,0.0262258630245924
12486.0,0.0,0.022847406566143036
12487.0,0.0,0.03634200617671013
12488.0,0.0,0.039172541350126266
12489.0,0.0,0.024590618908405304
12490.0,0.0,0.02663862146437168
12491.0,0.0,0.0033689364790916443
12492.0,0.0,0.02517021633684635
12493.0,0.0,0.04095249995589256
12494.0,0.0,0.024906201288104057
12495.0,0.0,0.05998348444700241
12496.0,0.0,0.02628469653427601
12497.0,0.0,0.017070453613996506
12498.0,0.0,0.0013770321384072304
12499.0,0.0,0.056600261479616165
12500.0,0.0,0.02632135897874832
12501.0,0.0,0.02323314920067787
12502.0,0.0,0.015638090670108795
12503.0,0.0,0.023948587477207184
12504.0,0.0,0.0014075487852096558
12505.0,0.0,0.015916068106889725
12506.0,0.0,0.05599655583500862
12507.0,0.0,0.025771109387278557
12508.0,1.0,0.05756740644574165
12509.0,0.0,0.06549248099327087
12510.0,0.0,0.017008891329169273
12511.0,0.0,0.014223608188331127
12512.0,0.0,0.028187638148665428
12513.0,0.0,0.02663862146437168
12514.0,0.0,0.025771109387278557
12515.0,0.0,0.4392189085483551
12516.0,0.0,0.058541614562273026
12517.0,1.0,0.9775838851928711
12518.0,0.0,0.014891373924911022
12519.0,0.0,0.01722889207303524
12520.0,0.0,0.04046642780303955
12521.0,0.0,0.05730250105261803
12522.0,0.0,0.02628469653427601
12523.0,0.0,0.02355126105248928
12524.0,0.0,0.4532330334186554
12525.0,0.0,0.02314114384353161
12526.0,0.0,0.01618671976029873
12527.0,0.0,0.058941278606653214
12528.0,0.0,0.01081225648522377
12529.0,0.0,0.04075709730386734
12530.0,0.0,0.06021404266357422
12531.0,0.0,0.0013770321384072304
12532.0,1.0,0.02314114384353161
12533.0,0.0,0.026122327893972397
12534.0,0.0,0.015856554731726646
12535.0,0.0,0.024717602878808975
12536.0,0.0,0.0013047066750004888
12537.0,0.0,0.023585906252264977
12538.0,0.0,0.02663862146437168
12539.0,0.0,0.01722889207303524
12540.0,0.0,0.024906201288104057
12541.0,1.0,0.06375277787446976
12542.0,0.0,0.025771109387278557
12543.0,0.0,0.02653190866112709
12544.0,0.0,0.0014202744932845235
12545.0,0.0,0.024906201288104057
12546.0,0.0,0.014891373924911022
12547.0,0.0,0.04056795686483383
12548.0,0.0,0.027341853827238083
12549.0,0.0,0.023887183517217636
12550.0,0.0,0.06044430285692215
12551.0,0.0,0.03040894865989685
12552.0,0.0,0.027234036475419998
12553.0,0.0,0.05638376995921135
12554.0,0.0,0.027128420770168304
12555.0,0.0,0.4287012219429016
12556.0,0.0,0.32667824625968933
12557.0,0.0,0.05741441249847412
12558.0,1.0,0.4287012219429016
12559.0,0.0,0.02766358107328415
12560.0,0.0,0.025005033239722252
12561.0,0.0,0.027341853827238083
12562.0,0.0,0.0012720894301310182
12563.0,0.0,0.02709795907139778
12564.0,0.0,0.003731371136382222
12565.0,0.0,0.015938570722937584
12566.0,0.0,0.0014202744932845235
12567.0,0.0,0.01618671976029873
12568.0,0.0,0.023887183517217636
12569.0,0.0,0.01704694889485836
12570.0,0.0,0.02398207224905491
12571.0,0.0,0.0014693202683702111
12572.0,0.0,0.03903825581073761
12573.0,0.0,0.016211995854973793
12574.0,0.0,0.01729780063033104
12575.0,0.0,0.024556316435337067
12576.0,0.0,0.0014018514193594456
12577.0,0.0,0.04141194745898247
12578.0,1.0,0.02314114384353161
12579.0,0.0,0.02526475116610527
12580.0,0.0,0.017969094216823578
12581.0,0.0,0.027128420770168304
12582.0,0.0,0.029535578563809395
12583.0,0.0,0.014243694953620434
12584.0,0.0,0.027341853827238083
12585.0,0.0,0.02398207224905491
12586.0,1.0,0.9934697151184082
12587.0,0.0,0.007969907484948635
12588.0,0.0,0.02179497294127941
12589.0,0.0,0.02641528844833374
12590.0,0.0,0.015202022157609463
12591.0,1.0,0.43061134219169617
12592.0,0.0,0.014243694953620434
12593.0,0.0,0.029535911977291107
12594.0,0.0,0.03513512387871742
12595.0,0.0,0.015028689987957478
12596.0,0.0,0.0014260467141866684
12597.0,0.0,0.0014202744932845235
12598.0,0.0,0.009604624472558498
12599.0,0.0,0.022331207990646362
12600.0,0.0,0.038782041519880295
12601.0,0.0,0.01575755886733532
12602.0,0.0,0.025873281061649323
12603.0,0.0,0.01704694889485836
12604.0,0.0,0.018330127000808716
12605.0,0.0,0.015878908336162567
12606.0,0.0,0.04094049707055092
12607.0,0.0,0.017810726538300514
12608.0,0.0,0.02641528844833374
12609.0,0.0,0.01899777166545391
12610.0,0.0,0.023887183517217636
12611.0,0.0,0.02314114384353161
12612.0,0.0,0.03458906710147858
12613.0,0.0,0.01704694889485836
12614.0,0.0,0.016435613855719566
12615.0,0.0,0.05105408653616905
12616.0,0.0,0.02481570467352867
12617.0,0.0,0.001422525616362691
12618.0,0.0,0.015413998626172543
12619.0,0.0,0.43061134219169617
12620.0,0.0,0.023780781775712967
12621.0,0.0,0.015878908336162567
12622.0,0.0,0.05708349123597145
12623.0,0.0,0.022646434605121613
12624.0,0.0,0.025651903823018074
12625.0,0.0,0.003244467545300722
12626.0,0.0,0.013825992122292519
12627.0,0.0,0.02544485405087471
12628.0,0.0,0.0013714581727981567
12629.0,0.0,0.024717602878808975
12630.0,0.0,0.036781635135412216
12631.0,0.0,0.029535578563809395
12632.0,0.0,0.02314114384353161
12633.0,0.0,0.0015091396635398269
12634.0,0.0,0.027069956064224243
12635.0,0.0,0.016109652817249298
12636.0,0.0,0.015103204175829887
12637.0,0.0,0.0037912451662123203
12638.0,0.0,0.015938570722937584
12639.0,0.0,0.12765444815158844
12640.0,0.0,0.024906201288104057
12641.0,0.0,0.025229530408978462
12642.0,0.0,0.01638970524072647
12643.0,0.0,0.05882978439331055
12644.0,0.0,0.02544485405087471
12645.0,0.0,0.055364664644002914
12646.0,1.0,0.02236247807741165
12647.0,0.0,0.01086955051869154
12648.0,0.0,0.0014202744932845235
12649.0,0.0,0.04493342712521553
12650.0,0.0,0.024906201288104057
12651.0,0.0,0.0597548745572567
12652.0,0.0,0.0013447955716401339
12653.0,0.0,0.0013916846364736557
12654.0,0.0,0.015878908336162567
12655.0,0.0,0.02734609693288803
12656.0,0.0,0.02207839861512184
12657.0,0.0,0.02628469653427601
12658.0,0.0,0.015413998626172543
12659.0,0.0,0.022047515958547592
12660.0,0.0,0.01678997464478016
12661.0,0.0,0.02445853315293789
12662.0,0.0,0.016435613855719566
12663.0,0.0,0.0013750650687143207
12664.0,0.0,0.02314114384353161
12665.0,0.0,0.015202022157609463
12666.0,0.0,0.024906201288104057
12667.0,0.0,0.016122156754136086
12668.0,0.0,0.017378058284521103
12669.0,0.0,0.0014693202683702111
12670.0,0.0,0.023853830993175507
12671.0,0.0,0.02526475116610527
12672.0,0.0,0.06839460879564285
12673.0,0.0,0.02814936637878418
12674.0,0.0,0.010952994227409363
12675.0,0.0,0.02481570467352867
12676.0,0.0,0.023853830993175507
12677.0,0.0,0.0015030310023576021
12678.0,0.0,0.015878908336162567
12679.0,0.0,0.025873281061649323
12680.0,0.0,0.026405904442071915
12681.0,0.0,0.016661789268255234
12682.0,0.0,0.0012333538616076112
12683.0,0.0,0.03811432048678398
12684.0,0.0,0.0014632827369496226
12685.0,0.0,0.014891373924911022
12686.0,0.0,0.024906201288104057
12687.0,0.0,0.015116751194000244
12688.0,0.0,0.4436468780040741
12689.0,0.0,0.017969094216823578
12690.0,1.0,0.40344616770744324
12691.0,0.0,0.01758851297199726
12692.0,0.0,0.4510480761528015
12693.0,0.0,0.024970166385173798
12694.0,0.0,0.02314114384353161
12695.0,0.0,0.016777299344539642
12696.0,0.0,0.02445853315293789
12697.0,0.0,0.024906201288104057
12698.0,0.0,0.0597548745572567
12699.0,0.0,0.0014129901537671685
12700.0,0.0,0.02641528844833374
12701.0,0.0,0.027341853827238083
12702.0,0.0,0.0014401210937649012
12703.0,0.0,0.024906201288104057
12704.0,0.0,0.01899777166545391
12705.0,0.0,0.022420059889554977
12706.0,0.0,0.0262258630245924
12707.0,0.0,0.024717602878808975
12708.0,0.0,0.029535578563809395
12709.0,0.0,0.024906201288104057
12710.0,0.0,0.015878908336162567
12711.0,0.0,0.016435613855719566
12712.0,0.0,0.016435613855719566
12713.0,0.0,0.02824964001774788
12714.0,0.0,0.025005033239722252
12715.0,0.0,0.05522727221250534
12716.0,0.0,0.02314114384353161
12717.0,0.0,0.027234036475419998
12718.0,0.0,0.02358420193195343
12719.0,0.0,0.05607227236032486
12720.0,0.0,0.06113040819764137
12721.0,0.0,0.003296883078292012
12722.0,0.0,0.027021421119570732
12723.0,0.0,0.05730250105261803
12724.0,0.0,0.0014572733780369163
12725.0,0.0,0.024556316435337067
12726.0,0.0,0.001392714912071824
12727.0,0.0,0.024906201288104057
12728.0,0.0,0.01678997464478016
12729.0,0.0,0.016994355246424675
12730.0,0.0,0.0012772607151418924
12731.0,0.0,0.059674497693777084
12732.0,0.0,0.024906201288104057
12733.0,0.0,0.023888908326625824
12734.0,0.0,0.025346089154481888
12735.0,0.0,0.015878908336162567
12736.0,0.0,0.023887183517217636
12737.0,0.0,0.025771109387278557
12738.0,0.0,0.02544485405087471
12739.0,0.0,0.05525912344455719
12740.0,0.0,0.015028689987957478
12741.0,0.0,0.026122327893972397
12742.0,0.0,0.02440434880554676
12743.0,0.0,0.023636609315872192
12744.0,0.0,0.01158476434648037
12745.0,0.0,0.029081422835588455
12746.0,0.0,0.016122156754136086
12747.0,0.0,0.014891373924911022
12748.0,0.0,0.014621013775467873
12749.0,0.0,0.0013694989029318094
12750.0,0.0,0.017997104674577713
12751.0,0.0,0.05172668769955635
12752.0,0.0,0.02236247807741165
12753.0,0.0,0.025383293628692627
12754.0,0.0,0.02398207224905491
12755.0,0.0,0.022331207990646362
12756.0,0.0,0.014743927866220474
12757.0,0.0,0.02826070226728916
12758.0,1.0,0.02358420193195343
12759.0,0.0,0.016435613855719566
12760.0,0.0,0.02481570467352867
12761.0,0.0,0.0013140484225004911
12762.0,0.0,0.024556316435337067
12763.0,0.0,0.025873281061649323
12764.0,0.0,0.010952994227409363
12765.0,0.0,0.0013140484225004911
12766.0,1.0,0.433670312166214
12767.0,0.0,0.037497278302907944
12768.0,0.0,0.025771109387278557
12769.0,0.0,0.05795514956116676
12770.0,0.0,0.06175331398844719
12771.0,0.0,0.02323314920067787
12772.0,0.0,0.025346089154481888
12773.0,0.0,0.024690058082342148
12774.0,0.0,0.4392189085483551
12775.0,0.0,0.025771109387278557
12776.0,0.0,0.017969094216823578
12777.0,0.0,0.014243694953620434
12778.0,0.0,0.003328826045617461
12779.0,0.0,0.02236247807741165
12780.0,0.0,0.026122327893972397
12781.0,0.0,0.05812613666057587
12782.0,0.0,0.02358420193195343
12783.0,0.0,0.024906201288104057
12784.0,0.0,0.0012283599935472012
12785.0,0.0,0.019770890474319458
12786.0,0.0,0.030260220170021057
12787.0,0.0,0.05898585543036461
12788.0,0.0,0.01562632992863655
12789.0,0.0,0.06175331398844719
12790.0,0.0,0.022847406566143036
12791.0,0.0,0.05708349123597145
12792.0,0.0,0.017968246713280678
12793.0,0.0,0.0014260467141866684
12794.0,0.0,0.024433191865682602
12795.0,0.0,0.027234036475419998
12796.0,0.0,0.028332654386758804
12797.0,0.0,0.025651903823018074
12798.0,0.0,0.02440434880554676
12799.0,0.0,0.027021421119570732
12800.0,0.0,0.024717602878808975
12801.0,0.0,0.02601100690662861
12802.0,0.0,0.029535578563809395
12803.0,0.0,0.05817730352282524
12804.0,0.0,0.025771109387278557
12805.0,0.0,0.014243694953620434
12806.0,0.0,0.025771109387278557
12807.0,0.0,0.016994355246424675
12808.0,0.0,0.02544485405087471
12809.0,0.0,0.025229530408978462
12810.0,0.0,0.024590618908405304
12811.0,0.0,0.0013572274474427104
12812.0,0.0,0.014255979098379612
12813.0,0.0,0.025771109387278557
12814.0,0.0,0.017378058284521103
12815.0,0.0,0.015223466791212559
12816.0,0.0,0.03959309309720993
12817.0,0.0,0.01955374702811241
12818.0,0.0,0.058183833956718445
12819.0,0.0,0.023636609315872192
12820.0,0.0,0.0356932207942009
12821.0,0.0,0.0014959060354158282
12822.0,0.0,0.01704694889485836
12823.0,0.0,0.0014202744932845235
12824.0,0.0,0.024906201288104057
12825.0,0.0,0.036167774349451065
12826.0,0.0,0.34018510580062866
12827.0,0.0,0.014700775034725666
12828.0,0.0,0.0013140484225004911
12829.0,0.0,0.027234036475419998
12830.0,0.0,0.025227047502994537
12831.0,0.0,0.016435613855719566
12832.0,0.0,0.024906201288104057
12833.0,0.0,0.024871468544006348
12834.0,0.0,0.024717602878808975
12835.0,0.0,0.0015612490242347121
12836.0,0.0,0.03933228552341461
12837.0,1.0,0.023636609315872192
12838.0,0.0,0.0014202744932845235
12839.0,0.0,0.026405904442071915
12840.0,0.0,0.02426704578101635
12841.0,0.0,0.06689666211605072
12842.0,0.0,0.024590618908405304
12843.0,0.0,0.01646127924323082
12844.0,0.0,0.022938264533877373
12845.0,0.0,0.0008262804476544261
12846.0,0.0,0.018421942368149757
12847.0,0.0,0.030656836926937103
12848.0,0.0,0.02588205225765705
12849.0,0.0,0.023887183517217636
12850.0,0.0,0.034372683614492416
12851.0,0.0,0.027341853827238083
12852.0,0.0,0.02632135897874832
12853.0,0.0,0.025771109387278557
12854.0,0.0,0.014243694953620434
12855.0,0.0,0.015553967095911503
12856.0,0.0,0.01165784988552332
12857.0,0.0,0.025810956954956055
12858.0,0.0,0.025005033239722252
12859.0,0.0,0.038226157426834106
12860.0,0.0,0.05708349123597145
12861.0,0.0,0.04019296169281006
12862.0,0.0,0.02663862146437168
12863.0,0.0,0.024906201288104057
12864.0,0.0,0.004189813043922186
12865.0,0.0,0.05916696786880493
12866.0,0.0,0.02445853315293789
12867.0,0.0,0.030525844544172287
12868.0,0.0,0.02323314920067787
12869.0,0.0,0.024017333984375
12870.0,0.0,0.013648834079504013
12871.0,0.0,0.025227047502994537
12872.0,0.0,0.017969094216823578
12873.0,0.0,0.05257376283407211
12874.0,0.0,0.02314114384353161
12875.0,0.0,0.019073618575930595
12876.0,0.0,0.030143672600388527
12877.0,0.0,0.016994355246424675
12878.0,0.0,0.027341853827238083
12879.0,0.0,0.05522727221250534
12880.0,0.0,0.0013462231727316976
12881.0,0.0,0.018040908500552177
12882.0,0.0,0.015856554731726646
12883.0,0.0,0.015107985585927963
12884.0,0.0,0.014621013775467873
12885.0,0.0,0.05623804032802582
12886.0,0.0,0.02419760823249817
12887.0,0.0,0.001509379711933434
12888.0,0.0,0.024906201288104057
12889.0,0.0,0.01618671976029873
12890.0,0.0,0.019941624253988266
12891.0,0.0,0.02426442876458168
12892.0,0.0,0.014588294550776482
12893.0,0.0,0.024909960106015205
12894.0,0.0,0.0012266056146472692
12895.0,0.0,0.001235361909493804
12896.0,0.0,0.015903720632195473
12897.0,0.0,0.016661789268255234
12898.0,0.0,0.027234036475419998
12899.0,0.0,0.02361888997256756
12900.0,0.0,0.015413998626172543
12901.0,0.0,0.015223466791212559
12902.0,0.0,0.012085461057722569
12903.0,0.0,0.025873281061649323
12904.0,0.0,0.026744144037365913
12905.0,0.0,0.056640829890966415
12906.0,0.0,0.44283321499824524
12907.0,0.0,0.02628469653427601
12908.0,0.0,0.025771109387278557
12909.0,0.0,0.0392918735742569
12910.0,0.0,0.014777462929487228
12911.0,0.0,0.025550583377480507
12912.0,0.0,0.015878908336162567
12913.0,0.0,0.024871468544006348
12914.0,0.0,0.016122156754136086
12915.0,0.0,0.02314114384353161
12916.0,0.0,0.024906201288104057
12917.0,0.0,0.025245940312743187
12918.0,0.0,0.02465379238128662
12919.0,0.0,0.02632135897874832
12920.0,0.0,0.036484528332948685
12921.0,0.0,0.024717602878808975
12922.0,0.0,0.014870388433337212
12923.0,0.0,0.001317504676990211
12924.0,0.0,0.001310010440647602
12925.0,0.0,0.025810956954956055
12926.0,0.0,0.0263888631016016
12927.0,0.0,0.0014481904217973351
12928.0,0.0,0.014870388433337212
12929.0,1.0,0.4392189085483551
12930.0,0.0,0.031635865569114685
12931.0,0.0,0.0352720282971859
12932.0,0.0,0.06131014972925186
12933.0,0.0,0.02314114384353161
12934.0,1.0,0.025771109387278557
12935.0,1.0,0.4436468780040741
12936.0,0.0,0.04006950929760933
12937.0,0.0,0.01722889207303524
12938.0,0.0,0.025651903823018074
12939.0,0.0,0.036484528332948685
12940.0,0.0,0.025771109387278557
12941.0,0.0,0.025771109387278557
12942.0,0.0,0.027341853827238083
12943.0,0.0,0.4620184004306793
12944.0,0.0,0.0012720894301310182
12945.0,0.0,0.024906201288104057
12946.0,0.0,0.010836593806743622
12947.0,0.0,0.024555636569857597
12948.0,0.0,0.24193497002124786
12949.0,0.0,0.0034470735117793083
12950.0,0.0,0.025873281061649323
12951.0,0.0,0.003504489315673709
12952.0,0.0,0.0626082718372345
12953.0,1.0,0.4739935100078583
12954.0,0.0,0.023887183517217636
12955.0,0.0,0.017528533935546875
12956.0,0.0,0.01899777166545391
12957.0,1.0,0.025873281061649323
12958.0,0.0,0.041035208851099014
12959.0,0.0,0.05989658087491989
12960.0,0.0,0.024906201288104057
12961.0,0.0,0.05812613666057587
12962.0,0.0,0.05530938133597374
12963.0,0.0,0.015553967095911503
12964.0,0.0,0.015986574813723564
12965.0,1.0,0.8349183201789856
12966.0,0.0,0.022331207990646362
12967.0,0.0,0.06290864944458008
12968.0,0.0,0.06175331398844719
12969.0,0.0,0.06175331398844719
12970.0,0.0,0.02361888997256756
12971.0,0.0,0.026122327893972397
12972.0,0.0,0.0626082718372345
12973.0,0.0,0.017810726538300514
12974.0,0.0,0.0013160249218344688
12975.0,0.0,0.024717602878808975
12976.0,0.0,0.02314114384353161
12977.0,0.0,0.015878908336162567
12978.0,0.0,0.003499495331197977
12979.0,0.0,0.013322959654033184
12980.0,0.0,0.024017333984375
12981.0,0.0,0.3513956665992737
12982.0,1.0,0.015246058814227581
12983.0,0.0,0.024906201288104057
12984.0,1.0,0.433670312166214
12985.0,0.0,0.01702914573252201
12986.0,0.0,0.0013193896738812327
12987.0,0.0,0.02236247807741165
12988.0,0.0,0.027341853827238083
12989.0,1.0,0.4179510176181793
12990.0,0.0,0.0012266056146472692
12991.0,0.0,0.015413998626172543
12992.0,0.0,0.016994355246424675
12993.0,0.0,0.013185258023440838
12994.0,0.0,0.016435613855719566
12995.0,0.0,0.027234036475419998
12996.0,0.0,0.05607227236032486
12997.0,0.0,0.06865513324737549
12998.0,0.0,0.05653854459524155
12999.0,1.0,0.056540850549936295
13000.0,0.0,0.017969094216823578
13001.0,0.0,0.025550583377480507
13002.0,0.0,0.024717602878808975
13003.0,0.0,0.02314114384353161
13004.0,0.0,0.4287012219429016
13005.0,0.0,0.027341853827238083
13006.0,0.0,0.023922305554151535
13007.0,0.0,0.02663862146437168
13008.0,0.0,0.05607227236032486
13009.0,0.0,0.06044430285692215
13010.0,0.0,0.022331207990646362
13011.0,0.0,0.02544485405087471
13012.0,0.0,0.02445853315293789
13013.0,0.0,0.0166352316737175
13014.0,0.0,0.01133112795650959
13015.0,0.0,0.017969094216823578
13016.0,0.0,0.018040908500552177
13017.0,0.0,0.024906201288104057
13018.0,0.0,0.01635638438165188
13019.0,0.0,0.02663862146437168
13020.0,0.0,0.025873281061649323
13021.0,0.0,0.056377820670604706
13022.0,0.0,0.024906201288104057
13023.0,0.0,0.02653190866112709
13024.0,0.0,0.025771109387278557
13025.0,0.0,0.0013140484225004911
13026.0,0.0,0.015331731177866459
13027.0,0.0,0.023875262588262558
13028.0,0.0,0.05795514956116676
13029.0,0.0,0.015878908336162567
13030.0,0.0,0.01562632992863655
13031.0,0.0,0.014743927866220474
13032.0,0.0,0.02814936637878418
13033.0,0.0,0.4166153073310852
13034.0,1.0,0.8499495983123779
13035.0,0.0,0.02544485405087471
13036.0,0.0,0.02544485405087471
13037.0,0.0,0.0014481904217973351
13038.0,0.0,0.01899777166545391
13039.0,0.0,0.025771109387278557
13040.0,1.0,0.025873281061649323
13041.0,0.0,0.0012999485479667783
13042.0,0.0,0.02628469653427601
13043.0,0.0,0.014114202931523323
13044.0,0.0,0.025545770302414894
13045.0,0.0,0.025229530408978462
13046.0,0.0,0.025771109387278557
13047.0,0.0,0.022938264533877373
13048.0,0.0,0.06166466325521469
13049.0,0.0,0.058760810643434525
13050.0,0.0,0.0013694989029318094
13051.0,0.0,0.025005033239722252
13052.0,0.0,0.025771109387278557
13053.0,0.0,0.01724102534353733
13054.0,0.0,0.06325642764568329
13055.0,0.0,0.04174934700131416
13056.0,0.0,0.0597548745572567
13057.0,0.0,0.05522727221250534
13058.0,0.0,0.024717602878808975
13059.0,0.0,0.02641528844833374
13060.0,0.0,0.017969094216823578
13061.0,0.0,0.011111723259091377
13062.0,0.0,0.025771109387278557
13063.0,0.0,0.023887183517217636
13064.0,0.0,0.02632135897874832
13065.0,0.0,0.0015030310023576021
13066.0,0.0,0.03901994973421097
13067.0,0.0,0.02632135897874832
13068.0,0.0,0.025227047502994537
13069.0,0.0,0.025245940312743187
13070.0,0.0,0.014297300949692726
13071.0,0.0,0.015675872564315796
13072.0,0.0,0.023887183517217636
13073.0,0.0,0.025873281061649323
13074.0,0.0,0.025346089154481888
13075.0,0.0,0.023710720241069794
13076.0,0.0,0.02314114384353161
13077.0,0.0,0.024871468544006348
13078.0,0.0,0.05983950197696686
13079.0,0.0,0.018288765102624893
13080.0,0.0,0.02544485405087471
13081.0,0.0,0.02360360138118267
13082.0,0.0,0.015413998626172543
13083.0,0.0,0.025771109387278557
13084.0,0.0,0.018461478874087334
13085.0,0.0,0.027341853827238083
13086.0,0.0,0.017810726538300514
13087.0,0.0,0.0013486293610185385
13088.0,0.0,0.06474325805902481
13089.0,0.0,0.06050252914428711
13090.0,0.0,0.025771109387278557
13091.0,0.0,0.02236247807741165
13092.0,0.0,0.022685261443257332
13093.0,0.0,0.016595402732491493
13094.0,0.0,0.0014260467141866684
13095.0,0.0,0.05522727221250534
13096.0,0.0,0.014621013775467873
13097.0,0.0,0.0014752917923033237
13098.0,0.0,0.03740875422954559
13099.0,0.0,0.025651903823018074
13100.0,0.0,0.021784787997603416
13101.0,0.0,0.03556228429079056
13102.0,0.0,0.010575352236628532
13103.0,0.0,0.022331207990646362
13104.0,0.0,0.024906201288104057
13105.0,0.0,0.023780781775712967
13106.0,0.0,0.0014412200544029474
13107.0,0.0,0.015856554731726646
13108.0,0.0,0.001447077956981957
13109.0,0.0,0.014891373924911022
13110.0,0.0,0.02544485405087471
13111.0,0.0,0.024871468544006348
13112.0,0.0,0.023616880178451538
13113.0,0.0,0.014870388433337212
13114.0,0.0,0.027426468208432198
13115.0,0.0,0.023922305554151535
13116.0,0.0,0.025005033239722252
13117.0,0.0,0.025873281061649323
13118.0,0.0,0.025771109387278557
13119.0,0.0,0.023948587477207184
13120.0,0.0,0.02314114384353161
13121.0,0.0,0.02601100690662861
13122.0,1.0,0.4287012219429016
13123.0,0.0,0.062166977673769
13124.0,0.0,0.06689666211605072
13125.0,0.0,0.0033899154514074326
13126.0,0.0,0.027234036475419998
13127.0,0.0,0.039906181395053864
13128.0,0.0,0.4532330334186554
13129.0,0.0,0.02710825391113758
13130.0,0.0,0.035082001239061356
13131.0,0.0,0.016595402732491493
13132.0,0.0,0.02544485405087471
13133.0,0.0,0.05522727221250534
13134.0,0.0,0.32667824625968933
13135.0,0.0,0.018330127000808716
13136.0,0.0,0.025229530408978462
13137.0,0.0,0.02236247807741165
13138.0,0.0,0.043087199330329895
13139.0,0.0,0.027341853827238083
13140.0,0.0,0.03683403134346008
13141.0,0.0,0.022420059889554977
13142.0,0.0,0.04210693761706352
13143.0,1.0,0.43704754114151
13144.0,0.0,0.024717602878808975
13145.0,0.0,0.017969094216823578
13146.0,0.0,0.04081787168979645
13147.0,0.0,0.029848946258425713
13148.0,0.0,0.01618671976029873
13149.0,0.0,0.02236247807741165
13150.0,0.0,0.017378058284521103
13151.0,0.0,0.010713044553995132
13152.0,0.0,0.025810956954956055
13153.0,0.0,0.0015634297160431743
13154.0,0.0,0.02653190866112709
13155.0,0.0,0.016122156754136086
13156.0,0.0,0.025771109387278557
13157.0,0.0,0.025593344122171402
13158.0,0.0,0.014870388433337212
13159.0,0.0,0.03933228552341461
13160.0,0.0,0.024017333984375
13161.0,0.0,0.01899777166545391
13162.0,0.0,0.025771109387278557
13163.0,0.0,0.024906201288104057
13164.0,0.0,0.0013121713418513536
13165.0,0.0,0.017969094216823578
13166.0,1.0,0.43061134219169617
13167.0,0.0,0.05746499449014664
13168.0,0.0,0.0012720894301310182
13169.0,0.0,0.06344211101531982
13170.0,0.0,0.05515262857079506
13171.0,0.0,0.016362937167286873
13172.0,1.0,0.029037639498710632
13173.0,0.0,0.05623804032802582
13174.0,0.0,0.023887183517217636
13175.0,1.0,0.025873281061649323
13176.0,0.0,0.0013770321384072304
13177.0,0.0,0.057245396077632904
13178.0,0.0,0.058760810643434525
13179.0,0.0,0.02323314920067787
13180.0,0.0,0.0014202744932845235
13181.0,0.0,0.018040908500552177
13182.0,0.0,0.027913730591535568
13183.0,0.0,0.016435613855719566
13184.0,0.0,0.02632135897874832
13185.0,0.0,0.025771109387278557
13186.0,0.0,0.0012720894301310182
13187.0,0.0,0.026301685720682144
13188.0,0.0,0.0013865068322047591
13189.0,0.0,0.02371274307370186
13190.0,0.0,0.0013714581727981567
13191.0,0.0,0.030007455497980118
13192.0,0.0,0.017997104674577713
13193.0,0.0,0.02481570467352867
13194.0,0.0,0.016766361892223358
13195.0,1.0,0.0013536671176552773
13196.0,0.0,0.024906201288104057
13197.0,0.0,0.025771109387278557
13198.0,0.0,0.027234036475419998
13199.0,0.0,0.018040908500552177
13200.0,0.0,0.016122156754136086
13201.0,0.0,0.017969094216823578
13202.0,0.0,0.4090858995914459
13203.0,0.0,0.059282299131155014
13204.0,0.0,0.003393161343410611
13205.0,0.0,0.02314114384353161
13206.0,0.0,0.03115367330610752
13207.0,0.0,0.0511496476829052
13208.0,0.0,0.0014513740316033363
13209.0,1.0,0.058183833956718445
13210.0,0.0,0.06006842106580734
13211.0,0.0,0.05796918272972107
13212.0,0.0,0.016225576400756836
13213.0,0.0,0.04996742308139801
13214.0,0.0,0.024231432005763054
13215.0,1.0,0.042148660868406296
13216.0,0.0,0.011426706798374653
13217.0,0.0,0.02314114384353161
13218.0,1.0,0.010245205834507942
13219.0,0.0,0.02273487113416195
13220.0,0.0,0.024717602878808975
13221.0,0.0,0.015246058814227581
13222.0,0.0,0.016435613855719566
13223.0,0.0,0.025873281061649323
13224.0,0.0,0.05817730352282524
13225.0,0.0,0.017474841326475143
13226.0,0.0,0.03876886144280434
13227.0,0.0,0.027234036475419998
13228.0,0.0,0.05812613666057587
13229.0,0.0,0.027234036475419998
13230.0,0.0,0.05400810018181801
13231.0,1.0,0.9301057457923889
13232.0,0.0,0.0016337033594027162
13233.0,0.0,0.025283005088567734
13234.0,0.0,0.016994355246424675
13235.0,0.0,0.024717602878808975
13236.0,0.0,0.03634200617671013
13237.0,0.0,0.017969094216823578
13238.0,0.0,0.010429217480123043
13239.0,0.0,0.014891373924911022
13240.0,0.0,0.018074018880724907
13241.0,0.0,0.055439580231904984
13242.0,0.0,0.02707771025598049
13243.0,0.0,0.0015548784285783768
13244.0,0.0,0.024906201288104057
13245.0,0.0,0.05607227236032486
13246.0,0.0,0.026196282356977463
13247.0,0.0,0.0034162818919867277
13248.0,0.0,0.0015996036818251014
13249.0,0.0,0.0020728420931845903
13250.0,0.0,0.01722889207303524
13251.0,0.0,0.02526475116610527
13252.0,0.0,0.014243694953620434
13253.0,0.0,0.058941278606653214
13254.0,0.0,0.02534790337085724
13255.0,0.0,0.025550583377480507
13256.0,0.0,0.017378058284521103
13257.0,0.0,0.4207862913608551
13258.0,0.0,0.016435613855719566
13259.0,1.0,0.8443142175674438
13260.0,0.0,0.03705219551920891
13261.0,0.0,0.016435613855719566
13262.0,0.0,0.017969094216823578
13263.0,0.0,0.05728005990386009
13264.0,1.0,0.02826070226728916
13265.0,0.0,0.015803491696715355
13266.0,0.0,0.018040908500552177
13267.0,0.0,0.026141773909330368
13268.0,0.0,0.022331207990646362
13269.0,0.0,0.025873281061649323
13270.0,1.0,0.014870388433337212
13271.0,0.0,0.05998348444700241
13272.0,0.0,0.3523220121860504
13273.0,0.0,0.05400810018181801
13274.0,0.0,0.0244136955589056
13275.0,0.0,0.02207839861512184
13276.0,0.0,0.013825992122292519
13277.0,0.0,0.01165784988552332
13278.0,0.0,0.055439580231904984
13279.0,1.0,0.48198366165161133
13280.0,0.0,0.0014018514193594456
13281.0,0.0,0.05066057667136192
13282.0,0.0,0.02632135897874832
13283.0,0.0,0.022047515958547592
13284.0,0.0,0.02663862146437168
13285.0,0.0,0.024906201288104057
13286.0,0.0,0.024717602878808975
13287.0,0.0,0.026048487052321434
13288.0,0.0,0.010245205834507942
13289.0,0.0,0.014743927866220474
13290.0,1.0,0.02632135897874832
13291.0,0.0,0.01678997464478016
13292.0,0.0,0.02624538727104664
13293.0,0.0,0.02398207224905491
13294.0,0.0,0.024556316435337067
13295.0,0.0,0.0013160249218344688
13296.0,0.0,0.01678997464478016
13297.0,0.0,0.025771109387278557
13298.0,0.0,0.02544485405087471
13299.0,0.0,0.026141773909330368
13300.0,0.0,0.023922305554151535
13301.0,0.0,0.03190137818455696
13302.0,0.0,0.015719342976808548
13303.0,1.0,0.4137345552444458
13304.0,0.0,0.02624538727104664
13305.0,0.0,0.026744144037365913
13306.0,0.0,0.02445853315293789
13307.0,0.0,0.024556316435337067
13308.0,1.0,0.022331207990646362
13309.0,0.0,0.015413998626172543
13310.0,0.0,0.01678997464478016
13311.0,0.0,0.016661789268255234
13312.0,0.0,0.025771109387278557
13313.0,1.0,0.024906201288104057
13314.0,0.0,0.015574609860777855
13315.0,0.0,0.027107369154691696
13316.0,1.0,0.41840609908103943
13317.0,0.0,0.0016515401657670736
13318.0,0.0,0.029875552281737328
13319.0,0.0,0.42014530301094055
13320.0,1.0,0.4392189085483551
13321.0,0.0,0.02314114384353161
13322.0,0.0,0.02663862146437168
13323.0,0.0,0.06344211101531982
13324.0,0.0,0.014276108704507351
13325.0,0.0,0.024717602878808975
13326.0,0.0,0.024871468544006348
13327.0,0.0,0.02814936637878418
13328.0,0.0,0.014891373924911022
13329.0,0.0,0.027234036475419998
13330.0,0.0,0.02314114384353161
13331.0,1.0,0.02314114384353161
13332.0,0.0,0.05889163166284561
13333.0,0.0,0.02544485405087471
13334.0,0.0,0.014891373924911022
13335.0,0.0,0.024590618908405304
13336.0,1.0,0.062166977673769
13337.0,0.0,0.02314114384353161
13338.0,0.0,0.024717602878808975
13339.0,0.0,0.02632135897874832
13340.0,0.0,0.015856554731726646
13341.0,0.0,0.0036289540585130453
13342.0,0.0,0.02236247807741165
13343.0,0.0,0.4037907123565674
13344.0,0.0,0.025810956954956055
13345.0,0.0,0.022331207990646362
13346.0,0.0,0.0013462231727316976
13347.0,0.0,0.036167774349451065
13348.0,0.0,0.016435613855719566
13349.0,0.0,0.05645400658249855
13350.0,0.0,0.025550583377480507
13351.0,0.0,0.024871468544006348
13352.0,0.0,0.06344211101531982
13353.0,1.0,0.47986260056495667
13354.0,0.0,0.05623804032802582
13355.0,0.0,0.06344211101531982
13356.0,0.0,0.0031891600228846073
13357.0,0.0,0.014243694953620434
13358.0,0.0,0.05257376283407211
13359.0,0.0,0.05910811945796013
13360.0,0.0,0.01521681435406208
13361.0,0.0,0.024906201288104057
13362.0,0.0,0.024871468544006348
13363.0,0.0,0.026122327893972397
13364.0,0.0,0.026744144037365913
13365.0,0.0,0.02544485405087471
13366.0,0.0,0.0262258630245924
13367.0,0.0,0.016435613855719566
13368.0,0.0,0.0013591691385954618
13369.0,0.0,0.02559009939432144
13370.0,0.0,0.016109652817249298
13371.0,0.0,0.05778925493359566
13372.0,0.0,0.014276108704507351
13373.0,0.0,0.02628469653427601
13374.0,0.0,0.018040908500552177
13375.0,0.0,0.06916991621255875
13376.0,0.0,0.02663862146437168
13377.0,0.0,0.018086470663547516
13378.0,0.0,0.0013160249218344688
13379.0,0.0,0.017739813774824142
13380.0,0.0,0.0015030310023576021
13381.0,0.0,0.025550583377480507
13382.0,0.0,0.027234036475419998
13383.0,0.0,0.06175331398844719
13384.0,0.0,0.024906201288104057
13385.0,0.0,0.022543804720044136
13386.0,0.0,0.00948103703558445
13387.0,0.0,0.0031689931638538837
13388.0,0.0,0.02663862146437168
13389.0,0.0,0.024717602878808975
13390.0,0.0,0.044757403433322906
13391.0,0.0,0.027234036475419998
13392.0,0.0,0.059674497693777084
13393.0,0.0,0.0013906233943998814
13394.0,1.0,0.04019296169281006
13395.0,0.0,0.05607227236032486
13396.0,0.0,0.05708349123597145
13397.0,0.0,0.040205180644989014
13398.0,0.0,0.02207839861512184
13399.0,0.0,0.017969094216823578
13400.0,0.0,0.024871468544006348
13401.0,0.0,0.02440434880554676
13402.0,0.0,0.025771109387278557
13403.0,0.0,0.026122327893972397
13404.0,0.0,0.01506237406283617
13405.0,0.0,0.025810956954956055
13406.0,0.0,0.026425663381814957
13407.0,0.0,0.022420059889554977
13408.0,0.0,0.02854803204536438
13409.0,0.0,0.02560640685260296
13410.0,0.0,0.03749186545610428
13411.0,0.0,0.023853830993175507
13412.0,0.0,0.017739813774824142
13413.0,0.0,0.0014202744932845235
13414.0,0.0,0.02663862146437168
13415.0,0.0,0.014700775034725666
13416.0,0.0,0.024970166385173798
13417.0,0.0,0.01635638438165188
13418.0,1.0,0.026744144037365913
13419.0,0.0,0.025873281061649323
13420.0,1.0,0.024944746866822243
13421.0,0.0,0.02445853315293789
13422.0,0.0,0.41840609908103943
13423.0,0.0,0.017378058284521103
13424.0,0.0,0.027234036475419998
13425.0,0.0,0.024906201288104057
13426.0,0.0,0.014621013775467873
13427.0,0.0,0.0013141449308022857
13428.0,1.0,0.4287012219429016
13429.0,0.0,0.023922305554151535
13430.0,0.0,0.017094489187002182
13431.0,0.0,0.02481570467352867
13432.0,0.0,0.01689310371875763
13433.0,0.0,0.0014202744932845235
13434.0,0.0,0.023887183517217636
13435.0,0.0,0.025310751050710678
13436.0,0.0,0.0033460252452641726
13437.0,0.0,0.02236247807741165
13438.0,0.0,0.015413998626172543
13439.0,0.0,0.014777462929487228
13440.0,0.0,0.015590906143188477
13441.0,0.0,0.01704694889485836
13442.0,0.0,0.024906201288104057
13443.0,0.0,0.026122327893972397
13444.0,0.0,0.022420059889554977
13445.0,0.0,0.0013714581727981567
13446.0,0.0,0.0014202744932845235
13447.0,1.0,0.02628469653427601
13448.0,0.0,0.0035027526319026947
13449.0,0.0,0.055122390389442444
13450.0,0.0,0.02207839861512184
13451.0,0.0,0.027234036475419998
13452.0,0.0,0.0182296484708786
13453.0,0.0,0.02544485405087471
13454.0,0.0,0.018040908500552177
13455.0,1.0,0.05795514956116676
13456.0,0.0,0.02624538727104664
13457.0,0.0,0.43704754114151
13458.0,0.0,0.027001334354281425
13459.0,0.0,0.016435613855719566
13460.0,0.0,0.03634200617671013
13461.0,0.0,0.017378058284521103
13462.0,0.0,0.013356479816138744
13463.0,0.0,0.03769870847463608
13464.0,0.0,0.02628469653427601
13465.0,0.0,0.02660154178738594
13466.0,0.0,0.017378058284521103
13467.0,0.0,0.32667824625968933
13468.0,0.0,0.0014202744932845235
13469.0,1.0,0.04283391684293747
13470.0,1.0,0.06998661160469055
13471.0,0.0,0.025550583377480507
13472.0,0.0,0.06998661160469055
13473.0,0.0,0.014891373924911022
13474.0,0.0,0.02663702517747879
13475.0,0.0,0.015007514506578445
13476.0,0.0,0.036542318761348724
13477.0,0.0,0.05599725991487503
13478.0,0.0,0.02207839861512184
13479.0,0.0,0.02314114384353161
13480.0,0.0,0.02358420193195343
13481.0,0.0,0.06610185652971268
13482.0,0.0,0.07113198190927505
13483.0,0.0,0.0244136955589056
13484.0,0.0,0.023887183517217636
13485.0,0.0,0.023922305554151535
13486.0,0.0,0.025771109387278557
13487.0,0.0,0.02526475116610527
13488.0,0.0,0.07558982074260712
13489.0,0.0,0.026122327893972397
13490.0,0.0,0.02314114384353161
13491.0,0.0,0.03630084544420242
13492.0,0.0,0.023636609315872192
13493.0,0.0,0.06498962640762329
13494.0,0.0,0.015986574813723564
13495.0,1.0,0.9963020086288452
13496.0,0.0,0.02236247807741165
13497.0,0.0,0.0016577912028878927
13498.0,0.0,0.4800378084182739
13499.0,0.0,0.017969094216823578
13500.0,0.0,0.45069366693496704
13501.0,0.0,0.027021421119570732
13502.0,0.0,0.024906201288104057
13503.0,0.0,0.025873281061649323
13504.0,0.0,0.027234036475419998
13505.0,0.0,0.023636609315872192
13506.0,0.0,0.026122327893972397
13507.0,0.0,0.010836593806743622
13508.0,1.0,0.04354483634233475
13509.0,0.0,0.015938570722937584
13510.0,0.0,0.025771109387278557
13511.0,0.0,0.022047515958547592
13512.0,0.0,0.05826232582330704
13513.0,0.0,0.02663862146437168
13514.0,0.0,0.024906201288104057
13515.0,0.0,0.017969094216823578
13516.0,0.0,0.020436789840459824
13517.0,0.0,0.05826232582330704
13518.0,0.0,0.024717602878808975
13519.0,0.0,0.02663862146437168
13520.0,0.0,0.026301685720682144
13521.0,0.0,0.025771109387278557
13522.0,0.0,0.024556316435337067
13523.0,0.0,0.02445853315293789
13524.0,0.0,0.017969094216823578
13525.0,0.0,0.4545174837112427
13526.0,0.0,0.055597104132175446
13527.0,0.0,0.01840336248278618
13528.0,0.0,0.016994355246424675
13529.0,0.0,0.018032919615507126
13530.0,0.0,0.0015549295349046588
13531.0,0.0,0.0031331481877714396
13532.0,0.0,0.024906201288104057
13533.0,0.0,0.02632135897874832
13534.0,0.0,0.0015030310023576021
13535.0,0.0,0.024310749024152756
13536.0,0.0,0.037267234176397324
13537.0,0.0,0.02663862146437168
13538.0,0.0,0.023853830993175507
13539.0,0.0,0.04159116744995117
13540.0,0.0,0.016435613855719566
13541.0,0.0,0.027234036475419998
13542.0,0.0,0.0014401210937649012
13543.0,0.0,0.028444690629839897
13544.0,0.0,0.026258056983351707
13545.0,0.0,0.039684779942035675
13546.0,0.0,0.015413998626172543
13547.0,0.0,0.016674311831593513
13548.0,0.0,0.028187638148665428
13549.0,1.0,0.4392189085483551
13550.0,0.0,0.0198032446205616
13551.0,0.0,0.02526475116610527
13552.0,0.0,0.0198032446205616
13553.0,0.0,0.01158476434648037
13554.0,0.0,0.4633311629295349
13555.0,0.0,0.016994355246424675
13556.0,0.0,0.02663862146437168
13557.0,0.0,0.023730525746941566
13558.0,0.0,0.01158476434648037
13559.0,0.0,0.015116751194000244
13560.0,0.0,0.025771109387278557
13561.0,0.0,0.042148660868406296
13562.0,0.0,0.025771109387278557
13563.0,0.0,0.01899777166545391
13564.0,0.0,0.023924192413687706
13565.0,0.0,0.02445853315293789
13566.0,0.0,0.01793619990348816
13567.0,0.0,0.014891373924911022
13568.0,0.0,0.02236247807741165
13569.0,0.0,0.024017333984375
13570.0,0.0,0.01766781136393547
13571.0,0.0,0.024906201288104057
13572.0,0.0,0.02709795907139778
13573.0,0.0,0.023636609315872192
13574.0,0.0,0.05522727221250534
13575.0,0.0,0.0013906233943998814
13576.0,0.0,0.01575755886733532
13577.0,0.0,0.0036289540585130453
13578.0,0.0,0.0014075487852096558
13579.0,0.0,0.027234036475419998
13580.0,0.0,0.003381241811439395
13581.0,0.0,0.016435613855719566
13582.0,0.0,0.03967888653278351
13583.0,0.0,0.02314114384353161
13584.0,0.0,0.01830248348414898
13585.0,0.0,0.024590618908405304
13586.0,0.0,0.0016020088223740458
13587.0,0.0,0.05708349123597145
13588.0,0.0,0.024906201288104057
13589.0,0.0,0.0013536671176552773
13590.0,0.0,0.07372824847698212
13591.0,0.0,0.01678997464478016
13592.0,0.0,0.059952061623334885
13593.0,0.0,0.029021726921200752
13594.0,0.0,0.025771109387278557
13595.0,0.0,0.0018939810106530786
13596.0,0.0,0.02419760823249817
13597.0,1.0,0.4197966754436493
13598.0,0.0,0.04233984649181366
13599.0,0.0,0.025771109387278557
13600.0,0.0,0.028187638148665428
13601.0,1.0,0.3653699457645416
13602.0,1.0,0.02314114384353161
13603.0,0.0,0.023636609315872192
13604.0,0.0,0.06021404266357422
13605.0,0.0,0.02628469653427601
13606.0,0.0,0.027001334354281425
13607.0,0.0,0.02814936637878418
13608.0,0.0,0.0014260467141866684
13609.0,0.0,0.01924145594239235
13610.0,0.0,0.024906201288104057
13611.0,0.0,0.016225576400756836
13612.0,0.0,0.03705824166536331
13613.0,0.0,0.027234036475419998
13614.0,0.0,0.43704754114151
13615.0,0.0,0.02632135897874832
13616.0,0.0,0.025771109387278557
13617.0,0.0,0.025005033239722252
13618.0,0.0,0.036940768361091614
13619.0,0.0,0.025771109387278557
13620.0,0.0,0.026425663381814957
13621.0,0.0,0.01638970524072647
13622.0,0.0,0.026744144037365913
13623.0,0.0,0.024724546819925308
13624.0,0.0,0.03602178394794464
13625.0,0.0,0.02628469653427601
13626.0,0.0,0.017115140333771706
13627.0,0.0,0.023922305554151535
13628.0,0.0,0.015116751194000244
13629.0,0.0,0.018288765102624893
13630.0,0.0,0.012085461057722569
13631.0,0.0,0.02445853315293789
13632.0,0.0,0.015803491696715355
13633.0,0.0,0.025810956954956055
13634.0,0.0,0.0013750650687143207
13635.0,0.0,0.02734609693288803
13636.0,0.0,0.05826232582330704
13637.0,0.0,0.01562632992863655
13638.0,0.0,0.0013486293610185385
13639.0,0.0,0.022685261443257332
13640.0,0.0,0.015553967095911503
13641.0,0.0,0.02314114384353161
13642.0,0.0,0.0014018514193594456
13643.0,0.0,0.0015030310023576021
13644.0,0.0,0.0014693202683702111
13645.0,0.0,0.022653555497527122
13646.0,0.0,0.45508915185928345
13647.0,0.0,0.05623804032802582
13648.0,0.0,0.023636609315872192
13649.0,0.0,0.024906201288104057
13650.0,0.0,0.02660154178738594
13651.0,0.0,0.024906201288104057
13652.0,0.0,0.02314114384353161
13653.0,0.0,0.027424313127994537
13654.0,0.0,0.05607227236032486
13655.0,0.0,0.016122156754136086
13656.0,0.0,0.02663862146437168
13657.0,0.0,0.025873281061649323
13658.0,0.0,0.07324814051389694
13659.0,0.0,0.04041016474366188
13660.0,0.0,0.0014502613339573145
13661.0,1.0,0.11801885068416595
13662.0,0.0,0.02507074922323227
13663.0,0.0,0.024906201288104057
13664.0,1.0,0.024231432005763054
13665.0,0.0,0.05522727221250534
13666.0,0.0,0.0013714581727981567
13667.0,0.0,0.017378058284521103
13668.0,0.0,0.017336970195174217
13669.0,0.0,0.04019296169281006
13670.0,0.0,0.025550583377480507
13671.0,0.0,0.010245205834507942
13672.0,0.0,0.02314114384353161
13673.0,0.0,0.0182296484708786
13674.0,0.0,0.015590906143188477
13675.0,0.0,0.026301685720682144
13676.0,0.0,0.015878908336162567
13677.0,0.0,0.025771109387278557
13678.0,0.0,0.040762387216091156
13679.0,0.0,0.024906201288104057
13680.0,0.0,0.024871468544006348
13681.0,0.0,0.024555636569857597
13682.0,0.0,0.024906201288104057
13683.0,0.0,0.01899147406220436
13684.0,0.0,0.025550583377480507
13685.0,0.0,0.02814936637878418
13686.0,0.0,0.0014401210937649012
13687.0,0.0,0.02426704578101635
13688.0,0.0,0.02481570467352867
13689.0,0.0,0.026425663381814957
13690.0,0.0,0.030346466228365898
13691.0,0.0,0.025771109387278557
13692.0,0.0,0.02521074190735817
13693.0,1.0,0.024717602878808975
13694.0,0.0,0.015246058814227581
13695.0,1.0,0.016122156754136086
13696.0,0.0,0.04309716820716858
13697.0,0.0,0.024906201288104057
13698.0,0.0,0.017895635217428207
13699.0,0.0,0.02481570467352867
13700.0,0.0,0.025810956954956055
13701.0,0.0,0.02314114384353161
13702.0,0.0,0.025005033239722252
13703.0,0.0,0.023887183517217636
13704.0,0.0,0.025771109387278557
13705.0,0.0,0.015413998626172543
13706.0,0.0,0.0014513740316033363
13707.0,0.0,0.01618671976029873
13708.0,0.0,0.0013663552235811949
13709.0,0.0,0.02440434880554676
13710.0,0.0,0.0246882326900959
13711.0,0.0,0.02628469653427601
13712.0,0.0,0.0013536671176552773
13713.0,0.0,0.0517096146941185
13714.0,0.0,0.044017989188432693
13715.0,0.0,0.016994355246424675
13716.0,0.0,0.026141773909330368
13717.0,0.0,0.0182296484708786
13718.0,0.0,0.025005033239722252
13719.0,0.0,0.02632135897874832
13720.0,0.0,0.02440434880554676
13721.0,0.0,0.02398207224905491
13722.0,0.0,0.010952994227409363
13723.0,0.0,0.0014566865283995867
13724.0,0.0,0.05787777155637741
13725.0,0.0,0.016435613855719566
13726.0,0.0,0.0012555853463709354
13727.0,0.0,0.03740875422954559
13728.0,0.0,0.025873281061649323
13729.0,0.0,0.015553967095911503
13730.0,0.0,0.015413998626172543
13731.0,0.0,0.02360360138118267
13732.0,0.0,0.026744144037365913
13733.0,0.0,0.025771109387278557
13734.0,0.0,0.025651903823018074
13735.0,0.0,0.019073618575930595
13736.0,0.0,0.0014018514193594456
13737.0,0.0,0.0014260467141866684
13738.0,0.0,0.022331207990646362
13739.0,0.0,0.037357721477746964
13740.0,0.0,0.023853830993175507
13741.0,0.0,0.025005033239722252
13742.0,0.0,0.04243891313672066
13743.0,0.0,0.05826232582330704
13744.0,0.0,0.06385503709316254
13745.0,1.0,0.05393500626087189
13746.0,0.0,0.016293639317154884
13747.0,0.0,0.024871468544006348
13748.0,0.0,0.0016901070484891534
13749.0,0.0,0.02544485405087471
13750.0,0.0,0.026141773909330368
13751.0,0.0,0.027234036475419998
13752.0,0.0,0.01678997464478016
13753.0,0.0,0.05708349123597145
13754.0,1.0,0.40344616770744324
13755.0,0.0,0.02663862146437168
13756.0,0.0,0.06574150919914246
13757.0,0.0,0.0014202744932845235
13758.0,0.0,0.06056196615099907
13759.0,0.0,0.03619825094938278
13760.0,0.0,0.041035208851099014
13761.0,0.0,0.02314114384353161
13762.0,0.0,0.0185039434581995
13763.0,0.0,0.02663862146437168
13764.0,0.0,0.017969094216823578
13765.0,1.0,0.4287012219429016
13766.0,0.0,0.027234036475419998
13767.0,0.0,0.0014202744932845235
13768.0,0.0,0.025771109387278557
13769.0,1.0,0.43061134219169617
13770.0,0.0,0.024717602878808975
13771.0,0.0,0.035886865109205246
13772.0,0.0,0.02314114384353161
13773.0,0.0,0.025771109387278557
13774.0,0.0,0.016109652817249298
13775.0,0.0,0.016661789268255234
13776.0,1.0,0.022451452910900116
13777.0,0.0,0.025771109387278557
13778.0,0.0,0.025771109387278557
13779.0,0.0,0.038782041519880295
13780.0,0.0,0.0012106910580769181
13781.0,1.0,0.014891373924911022
13782.0,0.0,0.025873281061649323
13783.0,0.0,0.014891373924911022
13784.0,0.0,0.015675872564315796
13785.0,0.0,0.018215972930192947
13786.0,0.0,0.025245940312743187
13787.0,0.0,0.025771109387278557
13788.0,0.0,0.025771109387278557
13789.0,0.0,0.05795514956116676
13790.0,0.0,0.02814936637878418
13791.0,0.0,0.015413998626172543
13792.0,0.0,0.33876457810401917
13793.0,0.0,0.02544485405087471
13794.0,0.0,0.016435613855719566
13795.0,0.0,0.016435613855719566
13796.0,0.0,0.024906201288104057
13797.0,0.0,0.017378058284521103
13798.0,0.0,0.02371274307370186
13799.0,0.0,0.018215972930192947
13800.0,0.0,0.01678997464478016
13801.0,0.0,0.02323314920067787
13802.0,0.0,0.025545770302414894
13803.0,0.0,0.03903825581073761
13804.0,0.0,0.02445853315293789
13805.0,1.0,0.027913730591535568
13806.0,0.0,0.023887183517217636
13807.0,0.0,0.010245205834507942
13808.0,0.0,0.02361888997256756
13809.0,0.0,0.024906201288104057
13810.0,0.0,0.016994355246424675
13811.0,0.0,0.01629883050918579
13812.0,0.0,0.0013121713418513536
13813.0,0.0,0.026141773909330368
13814.0,0.0,0.026122327893972397
13815.0,0.0,0.02507074922323227
13816.0,1.0,0.42014530301094055
13817.0,0.0,0.014555196277797222
13818.0,0.0,0.01766781136393547
13819.0,1.0,0.023887183517217636
13820.0,0.0,0.0242068562656641
13821.0,0.0,0.06050252914428711
13822.0,0.0,0.0031458595767617226
13823.0,0.0,0.003244467545300722
13824.0,0.0,0.014555196277797222
13825.0,0.0,0.010861334390938282
13826.0,0.0,0.0182296484708786
13827.0,0.0,0.02814936637878418
13828.0,0.0,0.026141773909330368
13829.0,0.0,0.02663862146437168
13830.0,0.0,0.02236247807741165
13831.0,0.0,0.029535578563809395
13832.0,1.0,0.4392189085483551
13833.0,0.0,0.026744144037365913
13834.0,0.0,0.025346089154481888
13835.0,0.0,0.016435613855719566
13836.0,0.0,0.025771109387278557
13837.0,0.0,0.023887183517217636
13838.0,0.0,0.023420259356498718
13839.0,0.0,0.04243891313672066
13840.0,0.0,0.027234036475419998
13841.0,0.0,0.4392189085483551
13842.0,0.0,0.039073653519153595
13843.0,0.0,0.024556316435337067
13844.0,0.0,0.025873281061649323
13845.0,0.0,0.045406050980091095
13846.0,1.0,0.059674497693777084
13847.0,0.0,0.02544485405087471
13848.0,0.0,0.06175331398844719
13849.0,0.0,0.02314114384353161
13850.0,0.0,0.07419709861278534
13851.0,0.0,0.04125974327325821
13852.0,0.0,0.024906201288104057
13853.0,0.0,0.015986574813723564
13854.0,0.0,0.016435613855719566
13855.0,0.0,0.027341853827238083
13856.0,0.0,0.06136394292116165
13857.0,0.0,0.05264653265476227
13858.0,0.0,0.05538422241806984
13859.0,0.0,0.025550583377480507
13860.0,0.0,0.0015115386340767145
13861.0,0.0,0.0014502613339573145
13862.0,0.0,0.022166267037391663
13863.0,0.0,0.025545770302414894
13864.0,0.0,0.026122327893972397
13865.0,0.0,0.03386861830949783
13866.0,0.0,0.016435613855719566
13867.0,0.0,0.017969094216823578
13868.0,0.0,0.016435613855719566
13869.0,0.0,0.06100006029009819
13870.0,0.0,0.05522727221250534
13871.0,0.0,0.016435613855719566
13872.0,0.0,0.024017333984375
13873.0,0.0,0.06297677010297775
13874.0,1.0,0.023677917197346687
13875.0,0.0,0.024717602878808975
13876.0,0.0,0.025810956954956055
13877.0,0.0,0.03834217041730881
13878.0,0.0,0.023420259356498718
13879.0,0.0,0.02525683492422104
13880.0,0.0,0.06080447882413864
13881.0,0.0,0.026122327893972397
13882.0,0.0,0.024871468544006348
13883.0,0.0,0.014175931923091412
13884.0,0.0,0.03859248012304306
13885.0,0.0,0.01740630343556404
13886.0,0.0,0.026301685720682144
13887.0,0.0,0.025873281061649323
13888.0,0.0,0.003859918797388673
13889.0,0.0,0.010159410536289215
13890.0,0.0,0.02663862146437168
13891.0,0.0,0.02445853315293789
13892.0,0.0,0.015671048313379288
13893.0,1.0,0.996327817440033
13894.0,0.0,0.05998348444700241
13895.0,0.0,0.027646450325846672
13896.0,0.0,0.025771109387278557
13897.0,0.0,0.01678997464478016
13898.0,0.0,0.024717602878808975
13899.0,1.0,0.34169960021972656
13900.0,0.0,0.027234036475419998
13901.0,0.0,0.001396275358274579
13902.0,0.0,0.05582575500011444
13903.0,1.0,0.4907330572605133
13904.0,0.0,0.0015653333393856883
13905.0,0.0,0.05708349123597145
13906.0,0.0,0.06175331398844719
13907.0,0.0,0.026141773909330368
13908.0,1.0,0.03901994973421097
13909.0,1.0,0.4445684850215912
13910.0,0.0,0.023474901914596558
13911.0,0.0,0.025771109387278557
13912.0,0.0,0.014743927866220474
13913.0,0.0,0.027341853827238083
13914.0,0.0,0.023887183517217636
13915.0,0.0,0.024906201288104057
13916.0,0.0,0.0263888631016016
13917.0,0.0,0.023697391152381897
13918.0,0.0,0.024871468544006348
13919.0,0.0,0.01692560501396656
13920.0,0.0,0.022743655368685722
13921.0,0.0,0.026744144037365913
13922.0,0.0,0.025771109387278557
13923.0,0.0,0.0012446987675502896
13924.0,0.0,0.0890488252043724
13925.0,0.0,0.0014202744932845235
13926.0,0.0,0.04415956512093544
13927.0,0.0,0.0014202744932845235
13928.0,0.0,0.024717602878808975
13929.0,0.0,0.062242891639471054
13930.0,1.0,0.05645400658249855
13931.0,0.0,0.017094489187002182
13932.0,0.0,0.02070019766688347
13933.0,1.0,0.028361354023218155
13934.0,0.0,0.02314114384353161
13935.0,0.0,0.02323314920067787
13936.0,0.0,0.0020674080587923527
13937.0,0.0,0.02398207224905491
13938.0,0.0,0.025873281061649323
13939.0,0.0,0.0484660305082798
13940.0,1.0,0.4167942404747009
13941.0,0.0,0.013648834079504013
13942.0,1.0,0.3431324362754822
13943.0,0.0,0.018468478694558144
13944.0,0.0,0.03759479895234108
13945.0,0.0,0.025545770302414894
13946.0,0.0,0.025771109387278557
13947.0,0.0,0.025810956954956055
13948.0,0.0,0.001298092189244926
13949.0,0.0,0.08172009885311127
13950.0,0.0,0.014223608188331127
13951.0,0.0,0.0015030310023576021
13952.0,0.0,0.027234036475419998
13953.0,1.0,0.9674605131149292
13954.0,0.0,0.02632135897874832
13955.0,0.0,0.43061134219169617
13956.0,0.0,0.024501239880919456
13957.0,0.0,0.03571473807096481
13958.0,0.0,0.025550583377480507
13959.0,0.0,0.06536997854709625
13960.0,0.0,0.03574252501130104
13961.0,0.0,0.016766361892223358
13962.0,0.0,0.02323314920067787
13963.0,0.0,0.030099445953965187
13964.0,0.0,0.017478905618190765
13965.0,1.0,0.4616709053516388
13966.0,0.0,0.017969094216823578
13967.0,0.0,0.017969094216823578
13968.0,1.0,0.9572679400444031
13969.0,0.0,0.025005033239722252
13970.0,0.0,0.02236247807741165
13971.0,0.0,0.024906201288104057
13972.0,0.0,0.02854803204536438
13973.0,0.0,0.025771109387278557
13974.0,0.0,0.016435613855719566
13975.0,0.0,0.01899777166545391
13976.0,0.0,0.026122327893972397
13977.0,0.0,0.025550583377480507
13978.0,0.0,0.017810726538300514
13979.0,0.0,0.06326678395271301
13980.0,0.0,0.024871468544006348
13981.0,0.0,0.03415052965283394
13982.0,0.0,0.02632135897874832
13983.0,0.0,0.029021726921200752
13984.0,0.0,0.023887183517217636
13985.0,0.0,0.026122327893972397
13986.0,0.0,0.017969094216823578
13987.0,0.0,0.01722889207303524
13988.0,0.0,0.02710825391113758
13989.0,0.0,0.025771109387278557
13990.0,0.0,0.02298109605908394
13991.0,0.0,0.019502442330121994
13992.0,0.0,0.036762747913599014
13993.0,0.0,0.043226346373558044
13994.0,0.0,0.018040908500552177
13995.0,0.0,0.024906201288104057
13996.0,1.0,0.02236247807741165
13997.0,0.0,0.024906201288104057
13998.0,0.0,0.0013315248070284724
13999.0,0.0,0.3513956665992737
14000.0,0.0,0.025771109387278557
14001.0,0.0,0.024906201288104057
14002.0,0.0,0.025771109387278557
14003.0,0.0,0.0014018514193594456
14004.0,0.0,0.027913730591535568
14005.0,0.0,0.023887183517217636
14006.0,0.0,0.02632135897874832
14007.0,0.0,0.03556228429079056
14008.0,0.0,0.015734784305095673
14009.0,0.0,0.025873281061649323
14010.0,0.0,0.025771109387278557
14011.0,0.0,0.025771109387278557
14012.0,0.0,0.42740845680236816
14013.0,0.0,0.01521681435406208
14014.0,0.0,0.027234036475419998
14015.0,0.0,0.0392918735742569
14016.0,0.0,0.02445853315293789
14017.0,0.0,0.0346895232796669
14018.0,0.0,0.025245940312743187
14019.0,0.0,0.016435613855719566
14020.0,0.0,0.014621013775467873
14021.0,1.0,0.4047689437866211
14022.0,0.0,0.06290864944458008
14023.0,0.0,0.010268616490066051
14024.0,0.0,0.02526475116610527
14025.0,0.0,0.034155093133449554
14026.0,0.0,0.016122156754136086
14027.0,0.0,0.016674311831593513
14028.0,0.0,0.027046462520956993
14029.0,0.0,0.016766361892223358
14030.0,0.0,0.02314114384353161
14031.0,0.0,0.014743927866220474
14032.0,0.0,0.026300104334950447
14033.0,0.0,0.017739813774824142
14034.0,0.0,0.3513956665992737
14035.0,0.0,0.025771109387278557
14036.0,1.0,0.024906201288104057
14037.0,0.0,0.041395772248506546
14038.0,0.0,0.024871468544006348
14039.0,0.0,0.028981421142816544
14040.0,1.0,0.059282299131155014
14041.0,0.0,0.025771109387278557
14042.0,0.0,0.016018515452742577
14043.0,1.0,0.9938628673553467
14044.0,0.0,0.06021404266357422
14045.0,0.0,0.015423089265823364
14046.0,0.0,0.02628469653427601
14047.0,0.0,0.038782041519880295
14048.0,0.0,0.03373396769165993
14049.0,0.0,0.022847406566143036
14050.0,0.0,0.043394628912210464
14051.0,0.0,0.030025148764252663
14052.0,0.0,0.0008341518696397543
14053.0,0.0,0.024871468544006348
14054.0,0.0,0.02663862146437168
14055.0,0.0,0.039079464972019196
14056.0,0.0,0.010713044553995132
14057.0,0.0,0.05910811945796013
14058.0,0.0,0.02481570467352867
14059.0,0.0,0.017478905618190765
14060.0,0.0,0.04095249995589256
14061.0,0.0,0.02358420193195343
14062.0,0.0,0.013648834079504013
14063.0,0.0,0.03889988735318184
14064.0,0.0,0.017378058284521103
14065.0,0.0,0.04156623035669327
14066.0,0.0,0.037081919610500336
14067.0,0.0,0.03744565322995186
14068.0,0.0,0.0463406965136528
14069.0,0.0,0.023616880178451538
14070.0,0.0,0.026141773909330368
14071.0,0.0,0.0014018514193594456
14072.0,0.0,0.003296883078292012
14073.0,0.0,0.016435613855719566
14074.0,0.0,0.026122327893972397
14075.0,0.0,0.024970166385173798
14076.0,0.0,0.023853830993175507
14077.0,0.0,0.014777462929487228
14078.0,0.0,0.026048487052321434
14079.0,0.0,0.016435613855719566
14080.0,0.0,0.017810726538300514
14081.0,0.0,0.0014513740316033363
14082.0,0.0,0.017969094216823578
14083.0,0.0,0.4392189085483551
14084.0,0.0,0.0031331481877714396
14085.0,0.0,0.0013140484225004911
14086.0,0.0,0.026122327893972397
14087.0,0.0,0.0639360323548317
14088.0,0.0,0.01574668474495411
14089.0,0.0,0.0246882326900959
14090.0,0.0,0.022420059889554977
14091.0,0.0,0.06044430285692215
14092.0,0.0,0.03710935637354851
14093.0,0.0,0.0013714581727981567
14094.0,0.0,0.0013694989029318094
14095.0,0.0,0.027341853827238083
14096.0,0.0,0.024906201288104057
14097.0,0.0,0.0032576294615864754
14098.0,0.0,0.024906201288104057
14099.0,0.0,0.013337628915905952
14100.0,0.0,0.0014202744932845235
14101.0,0.0,0.016435613855719566
14102.0,0.0,0.003308118088170886
14103.0,0.0,0.011279945261776447
14104.0,0.0,0.023922305554151535
14105.0,0.0,0.05538422241806984
14106.0,0.0,0.02632135897874832
14107.0,0.0,0.03779684379696846
14108.0,0.0,0.025771109387278557
14109.0,0.0,0.026301685720682144
14110.0,0.0,0.024556316435337067
14111.0,0.0,0.02453019469976425
14112.0,0.0,0.01899777166545391
14113.0,0.0,0.026744144037365913
14114.0,0.0,0.0263888631016016
14115.0,0.0,0.023887183517217636
14116.0,0.0,0.02532961592078209
14117.0,0.0,0.024556316435337067
14118.0,0.0,0.02628469653427601
14119.0,0.0,0.028110241517424583
14120.0,0.0,0.025873281061649323
14121.0,0.0,0.022685261443257332
14122.0,0.0,0.02663862146437168
14123.0,0.0,0.010245205834507942
14124.0,0.0,0.011618665419518948
14125.0,0.0,0.0014572733780369163
14126.0,0.0,0.03744565322995186
14127.0,0.0,0.026265054941177368
14128.0,0.0,0.025005033239722252
14129.0,0.0,0.024590618908405304
14130.0,0.0,0.044396501034498215
14131.0,1.0,0.014777462929487228
14132.0,1.0,0.029652222990989685
14133.0,0.0,0.023948587477207184
14134.0,0.0,0.06175331398844719
14135.0,0.0,0.016994355246424675
14136.0,0.0,0.04019296169281006
14137.0,0.0,0.02220160886645317
14138.0,0.0,0.03634200617671013
14139.0,0.0,0.04926452785730362
14140.0,0.0,0.03343838080763817
14141.0,0.0,0.0375516377389431
14142.0,0.0,0.030525844544172287
14143.0,0.0,0.022938264533877373
14144.0,0.0,0.02544485405087471
14145.0,0.0,0.01678997464478016
14146.0,0.0,0.048473652452230453
14147.0,0.0,0.05817730352282524
14148.0,0.0,0.0014202744932845235
14149.0,0.0,0.05795514956116676
14150.0,0.0,0.027341853827238083
14151.0,1.0,0.4167942404747009
14152.0,0.0,0.01521681435406208
14153.0,0.0,0.024433191865682602
14154.0,0.0,0.025005033239722252
14155.0,0.0,0.01722889207303524
14156.0,0.0,0.01697045937180519
14157.0,0.0,0.04266770929098129
14158.0,0.0,0.05708349123597145
14159.0,1.0,0.42740845680236816
14160.0,0.0,0.024906201288104057
14161.0,0.0,0.4316074550151825
14162.0,0.0,0.01899777166545391
14163.0,0.0,0.0014898506924510002
14164.0,0.0,0.025771109387278557
14165.0,0.0,0.027234036475419998
14166.0,0.0,0.023983800783753395
14167.0,0.0,0.0030272032599896193
14168.0,0.0,0.04283391684293747
14169.0,0.0,0.022047515958547592
14170.0,0.0,0.0013447955716401339
14171.0,0.0,0.024906201288104057
14172.0,0.0,0.03920096158981323
14173.0,1.0,0.02902810275554657
14174.0,0.0,0.0013431700645014644
14175.0,0.0,0.022685261443257332
14176.0,0.0,0.04309716820716858
14177.0,0.0,0.025771109387278557
14178.0,1.0,0.02401922084391117
14179.0,0.0,0.017969094216823578
14180.0,0.0,0.024906201288104057
14181.0,0.0,0.02663862146437168
14182.0,0.0,0.027234036475419998
14183.0,0.0,0.025771109387278557
14184.0,0.0,0.01639237254858017
14185.0,0.0,0.026301685720682144
14186.0,0.0,0.003244467545300722
14187.0,0.0,0.0012720894301310182
14188.0,0.0,0.47940459847450256
14189.0,0.0,0.0014202744932845235
14190.0,0.0,0.026301685720682144
14191.0,0.0,0.025771109387278557
14192.0,0.0,0.020916162058711052
14193.0,0.0,0.025771109387278557
14194.0,0.0,0.02323314920067787
14195.0,0.0,0.025771109387278557
14196.0,0.0,0.026122327893972397
14197.0,0.0,0.0034105125814676285
14198.0,0.0,0.024871468544006348
14199.0,0.0,0.027234036475419998
14200.0,1.0,0.44021958112716675
14201.0,0.0,0.024906201288104057
14202.0,0.0,0.03683403134346008
14203.0,0.0,0.014061274006962776
14204.0,0.0,0.0246882326900959
14205.0,0.0,0.017969094216823578
14206.0,0.0,0.022451452910900116
14207.0,0.0,0.025771109387278557
14208.0,0.0,0.02663862146437168
14209.0,0.0,0.014870388433337212
14210.0,0.0,0.019073618575930595
14211.0,0.0,0.05848557502031326
14212.0,0.0,0.023888908326625824
14213.0,1.0,0.4445684850215912
14214.0,0.0,0.0411418154835701
14215.0,0.0,0.024906201288104057
14216.0,0.0,0.016109652817249298
14217.0,0.0,0.025771109387278557
14218.0,0.0,0.011426706798374653
14219.0,0.0,0.0014752917923033237
14220.0,0.0,0.3763449192047119
14221.0,0.0,0.02625008299946785
14222.0,0.0,0.02207839861512184
14223.0,0.0,0.024960659444332123
14224.0,0.0,0.0182296484708786
14225.0,0.0,0.024501239880919456
14226.0,1.0,0.43061134219169617
14227.0,0.0,0.04322633892297745
14228.0,0.0,0.02854803204536438
14229.0,0.0,0.02360360138118267
14230.0,0.0,0.025771109387278557
14231.0,0.0,0.028917232528328896
14232.0,0.0,0.025005033239722252
14233.0,0.0,0.35456952452659607
14234.0,0.0,0.027234036475419998
14235.0,0.0,0.01521681435406208
14236.0,0.0,0.0012283599935472012
14237.0,0.0,0.05915968492627144
14238.0,0.0,0.017739813774824142
14239.0,0.0,0.027234036475419998
14240.0,0.0,0.017739813774824142
14241.0,0.0,0.03653378039598465
14242.0,0.0,0.44383561611175537
14243.0,0.0,0.025073513388633728
14244.0,0.0,0.0030272032599896193
14245.0,0.0,0.04075448215007782
14246.0,0.0,0.0032576294615864754
14247.0,0.0,0.029535578563809395
14248.0,0.0,0.016777299344539642
14249.0,0.0,0.025771109387278557
14250.0,0.0,0.025383293628692627
14251.0,0.0,0.01629883050918579
14252.0,0.0,0.029535578563809395
14253.0,0.0,0.02445853315293789
14254.0,0.0,0.026122327893972397
14255.0,0.0,0.02544485405087471
14256.0,0.0,0.023853830993175507
14257.0,0.0,0.023887183517217636
14258.0,0.0,0.028508367016911507
14259.0,0.0,0.015878908336162567
14260.0,0.0,0.01574668474495411
14261.0,0.0,0.03513512387871742
14262.0,0.0,0.01678997464478016
14263.0,0.0,0.025283005088567734
14264.0,1.0,0.43061134219169617
14265.0,0.0,0.025873281061649323
14266.0,0.0,0.014891373924911022
14267.0,0.0,0.016293639317154884
14268.0,0.0,0.024717602878808975
14269.0,0.0,0.0013608243316411972
14270.0,0.0,0.03710935637354851
14271.0,0.0,0.022451452910900116
14272.0,0.0,0.025771109387278557
14273.0,0.0,0.025771109387278557
14274.0,0.0,0.05066057667136192
14275.0,0.0,0.0013462231727316976
14276.0,0.0,0.016435613855719566
14277.0,0.0,0.02236247807741165
14278.0,0.0,0.014743927866220474
14279.0,0.0,0.017474841326475143
14280.0,0.0,0.025545770302414894
14281.0,0.0,0.04097719117999077
14282.0,0.0,0.024906201288104057
14283.0,0.0,0.03430710360407829
14284.0,0.0,0.025771109387278557
14285.0,0.0,0.016994355246424675
14286.0,0.0,0.015413998626172543
14287.0,0.0,0.027234036475419998
14288.0,0.0,0.02521074190735817
14289.0,0.0,0.025771109387278557
14290.0,0.0,0.026369133964180946
14291.0,0.0,0.015086700208485126
14292.0,0.0,0.02663862146437168
14293.0,0.0,0.4205121099948883
14294.0,0.0,0.016853002831339836
14295.0,0.0,0.0018555658170953393
14296.0,0.0,0.05085766315460205
14297.0,0.0,0.015938570722937584
14298.0,0.0,0.039624374359846115
14299.0,0.0,0.017969094216823578
14300.0,0.0,0.02236247807741165
14301.0,0.0,0.02632135897874832
14302.0,0.0,0.02398207224905491
14303.0,0.0,0.016495291143655777
14304.0,0.0,0.024970166385173798
14305.0,0.0,0.024717602878808975
14306.0,0.0,0.01729780063033104
14307.0,0.0,0.024871468544006348
14308.0,0.0,0.027341853827238083
14309.0,0.0,0.025771109387278557
14310.0,0.0,0.057245396077632904
14311.0,0.0,0.0015091396635398269
14312.0,0.0,0.04006950929760933
14313.0,0.0,0.025873281061649323
14314.0,0.0,0.062166977673769
14315.0,1.0,0.04408923536539078
14316.0,0.0,0.027234036475419998
14317.0,1.0,0.9775524139404297
14318.0,0.0,0.024871468544006348
14319.0,0.0,0.025771109387278557
14320.0,0.0,0.014743927866220474
14321.0,0.0,0.024590618908405304
14322.0,0.0,0.024906201288104057
14323.0,0.0,0.025771109387278557
14324.0,0.0,0.024717602878808975
14325.0,0.0,0.01092991791665554
14326.0,0.0,0.027234036475419998
14327.0,0.0,0.35456952452659607
14328.0,0.0,0.024906201288104057
14329.0,0.0,0.014743927866220474
14330.0,0.0,0.02318969927728176
14331.0,0.0,0.027234036475419998
14332.0,0.0,0.02526475116610527
14333.0,0.0,0.028660891577601433
14334.0,0.0,0.024717602878808975
14335.0,0.0,0.023721186444163322
14336.0,0.0,0.03458906710147858
14337.0,0.0,0.014743927866220474
14338.0,0.0,0.001449301722459495
14339.0,0.0,0.015724515542387962
14340.0,0.0,0.44021958112716675
14341.0,0.0,0.06549248099327087
14342.0,0.0,0.01629883050918579
14343.0,0.0,0.04322633892297745
14344.0,0.0,0.06021404266357422
14345.0,0.0,0.001403494388796389
14346.0,0.0,0.02632135897874832
14347.0,0.0,0.027234036475419998
14348.0,0.0,0.05998348444700241
14349.0,0.0,0.0014129901537671685
14350.0,1.0,0.026706915348768234
14351.0,0.0,0.027341853827238083
14352.0,0.0,0.02360360138118267
14353.0,0.0,0.02419760823249817
14354.0,0.0,0.026141773909330368
14355.0,0.0,0.023887183517217636
14356.0,0.0,0.0035406588576734066
14357.0,0.0,0.02632135897874832
14358.0,0.0,0.01678997464478016
14359.0,1.0,0.4264950752258301
14360.0,0.0,0.0166352316737175
14361.0,0.0,0.02814936637878418
14362.0,0.0,0.02236247807741165
14363.0,0.0,0.040938615798950195
14364.0,0.0,0.017969094216823578
14365.0,0.0,0.02507074922323227
14366.0,0.0,0.009604624472558498
14367.0,0.0,0.015413998626172543
14368.0,0.0,0.016097549349069595
14369.0,0.0,0.024590618908405304
14370.0,0.0,0.43061134219169617
14371.0,0.0,0.0663568452000618
14372.0,0.0,0.02544485405087471
14373.0,0.0,0.0014672224642708898
14374.0,0.0,0.02521074190735817
14375.0,0.0,0.009604624472558498
14376.0,0.0,0.02544485405087471
14377.0,0.0,0.025346089154481888
14378.0,0.0,0.026258056983351707
14379.0,0.0,0.0015030310023576021
14380.0,0.0,0.015041153877973557
14381.0,0.0,0.01608697883784771
14382.0,0.0,0.027070535346865654
14383.0,0.0,0.02445853315293789
14384.0,0.0,0.014555196277797222
14385.0,0.0,0.015413998626172543
14386.0,0.0,0.024906201288104057
14387.0,0.0,0.024871468544006348
14388.0,0.0,0.02314114384353161
14389.0,0.0,0.025247754529118538
14390.0,0.0,0.026301685720682144
14391.0,0.0,0.025247754529118538
14392.0,0.0,0.02323314920067787
14393.0,0.0,0.02532961592078209
14394.0,0.0,0.0012283599935472012
14395.0,0.0,0.025245940312743187
14396.0,0.0,0.025771109387278557
14397.0,0.0,0.02358420193195343
14398.0,0.0,0.02526475116610527
14399.0,0.0,0.0012720894301310182
14400.0,0.0,0.0014693202683702111
14401.0,0.0,0.03224973380565643
14402.0,0.0,0.03238191455602646
14403.0,0.0,0.05708349123597145
14404.0,0.0,0.018215972930192947
14405.0,0.0,0.02814936637878418
14406.0,0.0,0.01521681435406208
14407.0,0.0,0.4445684850215912
14408.0,1.0,0.4392189085483551
14409.0,0.0,0.02628469653427601
14410.0,0.0,0.02663862146437168
14411.0,0.0,0.003504489315673709
14412.0,0.0,0.015675872564315796
14413.0,0.0,0.0013714581727981567
14414.0,0.0,0.06689666211605072
14415.0,1.0,0.024871468544006348
14416.0,0.0,0.001300412230193615
14417.0,0.0,0.016097549349069595
14418.0,1.0,0.43061134219169617
14419.0,0.0,0.025771109387278557
14420.0,0.0,0.001422525616362691
14421.0,0.0,0.014891373924911022
14422.0,0.0,0.025771109387278557
14423.0,0.0,0.3990669250488281
14424.0,0.0,0.058760810643434525
14425.0,0.0,0.024590618908405304
14426.0,0.0,0.026301685720682144
14427.0,0.0,0.02814936637878418
14428.0,0.0,0.015223466791212559
14429.0,0.0,0.024906201288104057
14430.0,0.0,0.0014202744932845235
14431.0,0.0,0.02663862146437168
14432.0,0.0,0.018225423991680145
14433.0,0.0,0.03331035003066063
14434.0,0.0,0.023474901914596558
14435.0,0.0,0.022847406566143036
14436.0,0.0,0.05795514956116676
14437.0,0.0,0.015096615068614483
14438.0,0.0,0.025743823498487473
14439.0,0.0,0.012085461057722569
14440.0,1.0,0.9771726727485657
14441.0,0.0,0.0013875728473067284
14442.0,0.0,0.018288765102624893
14443.0,0.0,0.02360360138118267
14444.0,0.0,0.024556316435337067
14445.0,0.0,0.017969094216823578
14446.0,0.0,0.0603625662624836
14447.0,0.0,0.025005033239722252
14448.0,0.0,0.017969094216823578
14449.0,0.0,0.0015496904961764812
14450.0,0.0,0.025550583377480507
14451.0,0.0,0.016122156754136086
14452.0,0.0,0.05515262857079506
14453.0,1.0,0.05085766315460205
14454.0,0.0,0.023721186444163322
14455.0,0.0,0.06175331398844719
14456.0,0.0,0.0033153772819787264
14457.0,0.0,0.021114924922585487
14458.0,0.0,0.017540395259857178
14459.0,0.0,0.01404144149273634
14460.0,0.0,0.034694552421569824
14461.0,0.0,0.0015549295349046588
14462.0,0.0,0.0014401210937649012
14463.0,0.0,0.017969094216823578
14464.0,0.0,0.035611413419246674
14465.0,0.0,0.0013714581727981567
14466.0,0.0,0.0013770321384072304
14467.0,0.0,0.02236247807741165
14468.0,0.0,0.02663862146437168
14469.0,0.0,0.017378058284521103
14470.0,0.0,0.027234036475419998
14471.0,0.0,0.01618671976029873
14472.0,0.0,0.02481570467352867
14473.0,0.0,0.06954318284988403
14474.0,0.0,0.023479115217924118
14475.0,0.0,0.02632135897874832
14476.0,0.0,0.02323314920067787
14477.0,0.0,0.025651903823018074
14478.0,0.0,0.0013694989029318094
14479.0,0.0,0.026301685720682144
14480.0,0.0,0.011279945261776447
14481.0,0.0,0.027234036475419998
14482.0,0.0,0.025005033239722252
14483.0,0.0,0.02628469653427601
14484.0,0.0,0.02663862146437168
14485.0,0.0,0.024944746866822243
14486.0,0.0,0.016122156754136086
14487.0,0.0,0.025771109387278557
14488.0,0.0,0.039532795548439026
14489.0,0.0,0.05599725991487503
14490.0,0.0,0.019941624253988266
14491.0,0.0,0.02544485405087471
14492.0,0.0,0.023888908326625824
14493.0,0.0,0.027234036475419998
14494.0,0.0,0.0014924065908417106
14495.0,0.0,0.44283321499824524
14496.0,0.0,0.01133112795650959
14497.0,0.0,0.02481570467352867
14498.0,0.0,0.016435613855719566
14499.0,0.0,0.024970166385173798
14500.0,0.0,0.02663862146437168
14501.0,0.0,0.03901994973421097
14502.0,0.0,0.05730250105261803
14503.0,0.0,0.023887183517217636
14504.0,0.0,0.027234036475419998
14505.0,0.0,0.03237675130367279
14506.0,0.0,0.015878908336162567
14507.0,0.0,0.013356479816138744
14508.0,0.0,0.023579120635986328
14509.0,0.0,0.02663862146437168
14510.0,0.0,0.02663862146437168
14511.0,0.0,0.029071886092424393
14512.0,0.0,0.02641528844833374
14513.0,0.0,0.02236247807741165
14514.0,0.0,0.03744565322995186
14515.0,0.0,0.025005033239722252
14516.0,0.0,0.018199829384684563
14517.0,0.0,0.0597548745572567
14518.0,1.0,0.4122503101825714
14519.0,0.0,0.05454898998141289
14520.0,0.0,0.016435613855719566
14521.0,0.0,0.024906201288104057
14522.0,0.0,0.04041016474366188
14523.0,0.0,0.025873281061649323
14524.0,0.0,0.025771109387278557
14525.0,0.0,0.027234036475419998
14526.0,0.0,0.0576346293091774
14527.0,0.0,0.025550583377480507
14528.0,0.0,0.016435613855719566
14529.0,0.0,0.026141773909330368
14530.0,0.0,0.027777401730418205
14531.0,0.0,0.0014752917923033237
14532.0,0.0,0.023887183517217636
14533.0,0.0,0.02176172286272049
14534.0,1.0,0.4037907123565674
14535.0,0.0,0.4445684850215912
14536.0,0.0,0.024906201288104057
14537.0,0.0,0.016622358933091164
14538.0,0.0,0.04152005538344383
14539.0,0.0,0.06021404266357422
14540.0,0.0,0.025005033239722252
14541.0,0.0,0.4392189085483551
14542.0,0.0,0.017969094216823578
14543.0,0.0,0.014777462929487228
14544.0,0.0,0.018215972930192947
14545.0,0.0,0.017739813774824142
14546.0,0.0,0.025771109387278557
14547.0,0.0,0.024906201288104057
14548.0,0.0,0.025550583377480507
14549.0,0.0,0.015202022157609463
14550.0,0.0,0.016994355246424675
14551.0,0.0,0.0273841954767704
14552.0,0.0,0.028361354023218155
14553.0,0.0,0.02521074190735817
14554.0,0.0,0.003526357701048255
14555.0,0.0,0.0014202744932845235
14556.0,0.0,0.024906201288104057
14557.0,0.0,0.015096615068614483
14558.0,0.0,0.04056795686483383
14559.0,0.0,0.024906201288104057
14560.0,0.0,0.06021404266357422
14561.0,0.0,0.017855718731880188
14562.0,0.0,0.017969094216823578
14563.0,0.0,0.04081787168979645
14564.0,0.0,0.0597548745572567
14565.0,0.0,0.025771109387278557
14566.0,0.0,0.024871468544006348
14567.0,0.0,0.025873281061649323
14568.0,0.0,0.0263888631016016
14569.0,0.0,0.024590618908405304
14570.0,0.0,0.025550583377480507
14571.0,0.0,0.022847406566143036
14572.0,0.0,0.0036972854286432266
14573.0,0.0,0.0008937077946029603
14574.0,0.0,0.010952994227409363
14575.0,0.0,0.02323314920067787
14576.0,0.0,0.06574150919914246
14577.0,0.0,0.02544514648616314
14578.0,0.0,0.02753286436200142
14579.0,0.0,0.0012283599935472012
14580.0,1.0,0.06139259412884712
14581.0,0.0,0.02207839861512184
14582.0,0.0,0.025283005088567734
14583.0,0.0,0.025771109387278557
14584.0,0.0,0.024231432005763054
14585.0,0.0,0.022847406566143036
14586.0,0.0,0.025771109387278557
14587.0,0.0,0.05915085971355438
14588.0,0.0,0.0014018514193594456
14589.0,0.0,0.014114202931523323
14590.0,0.0,0.017969094216823578
14591.0,0.0,0.4426445960998535
14592.0,0.0,0.04214458912611008
14593.0,0.0,0.0013536671176552773
14594.0,0.0,0.017739813774824142
14595.0,0.0,0.025771109387278557
14596.0,0.0,0.05708349123597145
14597.0,0.0,0.010268616490066051
14598.0,0.0,0.024727489799261093
14599.0,0.0,0.015107985585927963
14600.0,0.0,0.026122327893972397
14601.0,0.0,0.023853830993175507
14602.0,0.0,0.014743927866220474
14603.0,1.0,0.06175331398844719
14604.0,0.0,0.02544485405087471
14605.0,0.0,0.0246882326900959
14606.0,0.0,0.024590618908405304
14607.0,0.0,0.027234036475419998
14608.0,0.0,0.027234036475419998
14609.0,0.0,0.02314114384353161
14610.0,0.0,0.0033106503542512655
14611.0,0.0,0.025771109387278557
14612.0,0.0,0.016994355246424675
14613.0,0.0,0.017969094216823578
14614.0,0.0,0.027234036475419998
14615.0,0.0,0.01533604972064495
14616.0,0.0,0.024906201288104057
14617.0,0.0,0.05645400658249855
14618.0,1.0,0.06474325805902481
14619.0,0.0,0.001668327022343874
14620.0,0.0,0.029163094237446785
14621.0,0.0,0.015223466791212559
14622.0,0.0,0.016435613855719566
14623.0,0.0,0.025771109387278557
14624.0,0.0,0.03490782901644707
14625.0,0.0,0.017378058284521103
14626.0,0.0,0.014990774914622307
14627.0,0.0,0.04322633892297745
14628.0,0.0,0.0013033684808760881
14629.0,0.0,0.05932007357478142
14630.0,1.0,0.016435613855719566
14631.0,1.0,0.41323480010032654
14632.0,0.0,0.026425663381814957
14633.0,0.0,0.017739813774824142
14634.0,0.0,0.038782041519880295
14635.0,0.0,0.035130035132169724
14636.0,0.0,0.0034105125814676285
14637.0,0.0,0.017378058284521103
14638.0,0.0,0.4006469249725342
14639.0,0.0,0.061310164630413055
14640.0,0.0,0.023887183517217636
14641.0,0.0,0.02314114384353161
14642.0,0.0,0.016936318948864937
14643.0,0.0,0.016994355246424675
14644.0,0.0,0.02440434880554676
14645.0,0.0,0.01086955051869154
14646.0,0.0,0.028187638148665428
14647.0,0.0,0.46804577112197876
14648.0,0.0,0.024944746866822243
14649.0,0.0,0.02608109824359417
14650.0,0.0,0.025873281061649323
14651.0,0.0,0.05237181484699249
14652.0,0.0,0.0012283599935472012
14653.0,0.0,0.024944746866822243
14654.0,0.0,0.03634200617671013
14655.0,0.0,0.025771109387278557
14656.0,0.0,0.01925397664308548
14657.0,0.0,0.0013160249218344688
14658.0,0.0,0.015280703082680702
14659.0,0.0,0.025873281061649323
14660.0,0.0,0.015050983056426048
14661.0,0.0,0.011593515053391457
14662.0,0.0,0.0633353590965271
14663.0,0.0,0.014243694953620434
14664.0,0.0,0.016435613855719566
14665.0,0.0,0.01722889207303524
14666.0,0.0,0.023887183517217636
14667.0,0.0,0.025771109387278557
14668.0,0.0,0.003984689712524414
14669.0,0.0,0.02663862146437168
14670.0,0.0,0.01729780063033104
14671.0,0.0,0.025771109387278557
14672.0,0.0,0.02207839861512184
14673.0,0.0,0.039624374359846115
14674.0,0.0,0.0182296484708786
14675.0,0.0,0.45423975586891174
14676.0,0.0,0.017378058284521103
14677.0,0.0,0.023420259356498718
14678.0,0.0,0.025771109387278557
14679.0,0.0,0.02544485405087471
14680.0,0.0,0.0014202744932845235
14681.0,0.0,0.0031051193363964558
14682.0,0.0,0.027424313127994537
14683.0,0.0,0.061310164630413055
14684.0,0.0,0.0031458595767617226
14685.0,0.0,0.003480709157884121
14686.0,0.0,0.025771109387278557
14687.0,0.0,0.02445853315293789
14688.0,0.0,0.027341853827238083
14689.0,0.0,0.013825992122292519
14690.0,0.0,0.016225576400756836
14691.0,0.0,0.02632135897874832
14692.0,0.0,0.025005033239722252
14693.0,0.0,0.022847406566143036
14694.0,0.0,0.0013214809587225318
14695.0,0.0,0.02061801590025425
14696.0,0.0,0.0013536671176552773
14697.0,0.0,0.03973935544490814
14698.0,0.0,0.027341853827238083
14699.0,0.0,0.025771109387278557
14700.0,0.0,0.023887183517217636
14701.0,0.0,0.05812613666057587
14702.0,0.0,0.014175931923091412
14703.0,0.0,0.0014540761476382613
14704.0,0.0,0.025873281061649323
14705.0,1.0,0.02315184660255909
14706.0,0.0,0.0013886369997635484
14707.0,0.0,0.01722889207303524
14708.0,0.0,0.03967888653278351
14709.0,0.0,0.02314114384353161
14710.0,0.0,0.05621235817670822
14711.0,0.0,0.017969094216823578
14712.0,0.0,0.011426706798374653
14713.0,0.0,0.017969094216823578
14714.0,0.0,0.026122327893972397
14715.0,0.0,0.7101569175720215
14716.0,0.0,0.02314114384353161
14717.0,0.0,0.024906201288104057
14718.0,0.0,0.027234036475419998
14719.0,0.0,0.4595222473144531
14720.0,0.0,0.039073653519153595
14721.0,0.0,0.04125974327325821
14722.0,0.0,0.02663862146437168
14723.0,1.0,0.9783385992050171
14724.0,1.0,0.3513956665992737
14725.0,0.0,0.028332654386758804
14726.0,1.0,0.039824340492486954
14727.0,0.0,0.017969094216823578
14728.0,0.0,0.027234036475419998
14729.0,0.0,0.0015549295349046588
14730.0,0.0,0.02236247807741165
14731.0,0.0,0.010836593806743622
14732.0,0.0,0.014743927866220474
14733.0,0.0,0.014891373924911022
14734.0,0.0,0.02236247807741165
14735.0,0.0,0.0013906233943998814
14736.0,0.0,0.02298109605908394
14737.0,0.0,0.42705121636390686
14738.0,0.0,0.024906201288104057
14739.0,0.0,0.06044379249215126
14740.0,0.0,0.025545770302414894
14741.0,0.0,0.016766361892223358
14742.0,0.0,0.05522727221250534
14743.0,0.0,0.025771109387278557
14744.0,0.0,0.02663862146437168
14745.0,1.0,0.7786120772361755
14746.0,0.0,0.027341853827238083
14747.0,0.0,0.024906201288104057
14748.0,0.0,0.023948587477207184
14749.0,0.0,0.02236247807741165
14750.0,0.0,0.02544485405087471
14751.0,1.0,0.4366953670978546
14752.0,0.0,0.03922644257545471
14753.0,0.0,0.037240318953990936
14754.0,0.0,0.024302981793880463
14755.0,0.0,0.02445853315293789
14756.0,0.0,0.015878908336162567
14757.0,0.0,0.04183993488550186
14758.0,0.0,0.01629883050918579
14759.0,0.0,0.024717602878808975
14760.0,0.0,0.02323314920067787
14761.0,0.0,0.026744144037365913
14762.0,1.0,0.435389906167984
14763.0,0.0,0.025771109387278557
14764.0,0.0,0.02314114384353161
14765.0,1.0,0.05898585543036461
14766.0,0.0,0.001263095997273922
14767.0,0.0,0.024906201288104057
14768.0,0.0,0.06549248099327087
14769.0,0.0,0.01678997464478016
14770.0,0.0,0.40344616770744324
14771.0,0.0,0.06044430285692215
14772.0,0.0,0.02526475116610527
14773.0,1.0,0.33876457810401917
14774.0,0.0,0.02526475116610527
14775.0,0.0,0.024871468544006348
14776.0,0.0,0.0014202744932845235
14777.0,0.0,0.016766361892223358
14778.0,1.0,0.04098188504576683
14779.0,0.0,0.026301685720682144
14780.0,0.0,0.02814936637878418
14781.0,0.0,0.024871468544006348
14782.0,0.0,0.023888908326625824
14783.0,0.0,0.38715890049934387
14784.0,0.0,0.016994355246424675
14785.0,0.0,0.015903720632195473
14786.0,0.0,0.06306727230548859
14787.0,0.0,0.02632135897874832
14788.0,0.0,0.02611411176621914
14789.0,0.0,0.0014202744932845235
14790.0,0.0,0.02314114384353161
14791.0,0.0,0.025771109387278557
14792.0,0.0,0.016661789268255234
14793.0,1.0,0.9961143732070923
14794.0,0.0,0.025005033239722252
14795.0,0.0,0.02314114384353161
14796.0,0.0,0.0015549295349046588
14797.0,0.0,0.02653190866112709
14798.0,0.0,0.024906201288104057
14799.0,0.0,0.023474901914596558
14800.0,0.0,0.022847406566143036
14801.0,1.0,0.8433877825737
14802.0,0.0,0.001410050899721682
14803.0,0.0,0.025771109387278557
14804.0,0.0,0.029136408120393753
14805.0,0.0,0.023887183517217636
14806.0,0.0,0.015916068106889725
14807.0,0.0,0.025771109387278557
14808.0,0.0,0.027234036475419998
14809.0,0.0,0.03769870847463608
14810.0,0.0,0.02663862146437168
14811.0,0.0,0.0014202744932845235
14812.0,0.0,0.02641528844833374
14813.0,0.0,0.0012283599935472012
14814.0,0.0,0.02361888997256756
14815.0,0.0,0.018622351810336113
14816.0,0.0,0.023887183517217636
14817.0,0.0,0.9298133850097656
14818.0,0.0,0.01574668474495411
14819.0,0.0,0.0637412816286087
14820.0,0.0,0.0013536671176552773
14821.0,0.0,0.02854803204536438
14822.0,0.0,0.05708349123597145
14823.0,0.0,0.0013792738318443298
14824.0,0.0,0.02398207224905491
14825.0,0.0,0.0013047066750004888
14826.0,0.0,0.024871468544006348
14827.0,0.0,0.024082090705633163
14828.0,0.0,0.025771109387278557
14829.0,0.0,0.0263888631016016
14830.0,1.0,0.02236247807741165
14831.0,0.0,0.017968246713280678
14832.0,0.0,0.014276108704507351
14833.0,0.0,0.015590906143188477
14834.0,0.0,0.05628763884305954
14835.0,0.0,0.06033015251159668
14836.0,0.0,0.025005033239722252
14837.0,0.0,0.026301685720682144
14838.0,0.0,0.017969094216823578
14839.0,0.0,0.01770959421992302
14840.0,0.0,0.01722889207303524
14841.0,0.0,0.022331207990646362
14842.0,0.0,0.017478905618190765
14843.0,0.0,0.02632135897874832
14844.0,0.0,0.039073653519153595
14845.0,1.0,0.42014530301094055
14846.0,0.0,0.025005033239722252
14847.0,1.0,0.4616709053516388
14848.0,0.0,0.026983819901943207
14849.0,0.0,0.026425663381814957
14850.0,0.0,0.04671347141265869
14851.0,0.0,0.026425663381814957
14852.0,0.0,0.05990281701087952
14853.0,0.0,0.06050252914428711
14854.0,0.0,0.016674311831593513
14855.0,0.0,0.02465379238128662
14856.0,0.0,0.017969094216823578
14857.0,0.0,0.027234036475419998
14858.0,0.0,0.024590618908405304
14859.0,0.0,0.3653699457645416
14860.0,0.0,0.0013608243316411972
14861.0,0.0,0.02641528844833374
14862.0,0.0,0.019073618575930595
14863.0,0.0,0.04019296169281006
14864.0,0.0,0.023887183517217636
14865.0,0.0,0.027234036475419998
14866.0,0.0,0.0013608243316411972
14867.0,0.0,0.0014202744932845235
14868.0,0.0,0.023922305554151535
14869.0,0.0,0.04019296169281006
14870.0,0.0,0.025771109387278557
14871.0,0.0,0.025771109387278557
14872.0,0.0,0.025771109387278557
14873.0,0.0,0.0014202744932845235
14874.0,0.0,0.023853830993175507
14875.0,0.0,0.04536348581314087
14876.0,1.0,0.4037907123565674
14877.0,0.0,0.02655457705259323
14878.0,0.0,0.0014075487852096558
14879.0,1.0,0.4392189085483551
14880.0,0.0,0.016293639317154884
14881.0,1.0,0.3295075297355652
14882.0,0.0,0.024433191865682602
14883.0,0.0,0.0013792146928608418
14884.0,0.0,0.029535578563809395
14885.0,0.0,0.0014202744932845235
14886.0,0.0,0.0013694989029318094
14887.0,0.0,0.017969094216823578
14888.0,0.0,0.02632135897874832
14889.0,0.0,0.024871468544006348
14890.0,0.0,0.02264479734003544
14891.0,0.0,0.04019296169281006
14892.0,0.0,0.015675872564315796
14893.0,0.0,0.024906201288104057
14894.0,0.0,0.025771109387278557
14895.0,0.0,0.06302212178707123
14896.0,0.0,0.024556316435337067
14897.0,0.0,0.05795514956116676
14898.0,1.0,0.4620184004306793
14899.0,0.0,0.025005033239722252
14900.0,0.0,0.039824340492486954
14901.0,0.0,0.017336970195174217
14902.0,0.0,0.0015030310023576021
14903.0,0.0,0.02236247807741165
14904.0,0.0,0.02663862146437168
14905.0,0.0,0.024906201288104057
14906.0,0.0,0.02651994675397873
14907.0,0.0,0.02061801590025425
14908.0,0.0,0.0015115386340767145
14909.0,0.0,0.02663862146437168
14910.0,0.0,0.023887183517217636
14911.0,0.0,0.02663862146437168
14912.0,0.0,0.015856554731726646
14913.0,0.0,0.014255979098379612
14914.0,0.0,0.017969094216823578
14915.0,0.0,0.04415479302406311
14916.0,0.0,0.024717602878808975
14917.0,0.0,0.015878908336162567
14918.0,0.0,0.02591816894710064
14919.0,0.0,0.027117229998111725
14920.0,0.0,0.0014018514193594456
14921.0,0.0,0.014891373924911022
14922.0,0.0,0.024906201288104057
14923.0,0.0,0.023887183517217636
14924.0,0.0,0.02632135897874832
14925.0,0.0,0.02323314920067787
14926.0,0.0,0.03619825094938278
14927.0,0.0,0.01740630343556404
14928.0,0.0,0.02628469653427601
14929.0,0.0,0.02826070226728916
14930.0,0.0,0.02526475116610527
14931.0,0.0,0.02632135897874832
14932.0,0.0,0.035592708736658096
14933.0,0.0,0.02445853315293789
14934.0,0.0,0.02323314920067787
14935.0,0.0,0.24774743616580963
14936.0,0.0,0.02389991655945778
14937.0,0.0,0.0013770321384072304
14938.0,1.0,0.014276108704507351
14939.0,0.0,0.014061274006962776
14940.0,0.0,0.024590618908405304
14941.0,0.0,0.024906201288104057
14942.0,0.0,0.027234036475419998
14943.0,0.0,0.015878908336162567
14944.0,0.0,0.02236247807741165
14945.0,0.0,0.015193900093436241
14946.0,0.0,0.02632135897874832
14947.0,0.0,0.017378058284521103
14948.0,0.0,0.010418692603707314
14949.0,0.0,0.02208584174513817
14950.0,0.0,0.4961549639701843
14951.0,0.0,0.015675872564315796
14952.0,0.0,0.06208358332514763
14953.0,0.0,0.025771109387278557
14954.0,1.0,0.4360010325908661
14955.0,0.0,0.024906201288104057
14956.0,0.0,0.024944746866822243
14957.0,0.0,0.027341853827238083
14958.0,0.0,0.016435613855719566
14959.0,0.0,0.024906201288104057
14960.0,0.0,0.025771109387278557
14961.0,0.0,0.0012772607151418924
14962.0,0.0,0.0013714581727981567
14963.0,0.0,0.032610755413770676
14964.0,0.0,0.025771109387278557
14965.0,1.0,0.4037907123565674
14966.0,0.0,0.02624538727104664
14967.0,0.0,0.01840336248278618
14968.0,0.0,0.02207839861512184
14969.0,0.0,0.024289600551128387
14970.0,0.0,0.016435613855719566
14971.0,0.0,0.025245940312743187
14972.0,1.0,0.4352908432483673
14973.0,0.0,0.01678997464478016
14974.0,0.0,0.02360360138118267
14975.0,0.0,0.014891373924911022
14976.0,0.0,0.0013431700645014644
14977.0,0.0,0.05998348444700241
14978.0,0.0,0.024717602878808975
14979.0,0.0,0.02355126105248928
14980.0,0.0,0.024906201288104057
14981.0,0.0,0.02803678810596466
14982.0,0.0,0.02544485405087471
14983.0,0.0,0.06736362725496292
14984.0,0.0,0.06512225419282913
14985.0,0.0,0.025771109387278557
14986.0,1.0,0.07548987865447998
14987.0,0.0,0.4392189085483551
14988.0,0.0,0.0411418154835701
14989.0,0.0,0.04475943744182587
14990.0,0.0,0.036940768361091614
14991.0,0.0,0.0012985700741410255
14992.0,0.0,0.02632135897874832
14993.0,0.0,0.024906201288104057
14994.0,0.0,0.016122156754136086
14995.0,0.0,0.01704694889485836
14996.0,0.0,0.02632135897874832
14997.0,0.0,0.06629518419504166
14998.0,0.0,0.35474446415901184
14999.0,0.0,0.02398207224905491
15000.0,0.0,0.026301685720682144
15001.0,0.0,0.01899777166545391
15002.0,0.0,0.041048839688301086
15003.0,0.0,0.025545770302414894
15004.0,0.0,0.02663862146437168
15005.0,0.0,0.024717602878808975
15006.0,0.0,0.024906201288104057
15007.0,0.0,0.018040908500552177
15008.0,0.0,0.027234036475419998
15009.0,0.0,0.023922305554151535
15010.0,0.0,0.023887183517217636
15011.0,0.0,0.037774160504341125
15012.0,0.0,0.035611413419246674
15013.0,0.0,0.06266964226961136
15014.0,0.0,0.024906201288104057
15015.0,0.0,0.04120316356420517
15016.0,0.0,0.024906201288104057
15017.0,0.0,0.016435613855719566
15018.0,0.0,0.010713044553995132
15019.0,0.0,0.016777299344539642
15020.0,0.0,0.02314114384353161
15021.0,0.0,0.015116751194000244
15022.0,0.0,0.42014530301094055
15023.0,0.0,0.11801885068416595
15024.0,0.0,0.02445853315293789
15025.0,0.0,0.025005033239722252
15026.0,0.0,0.0014202744932845235
15027.0,0.0,0.4476095139980316
15028.0,0.0,0.02663862146437168
15029.0,0.0,0.05522727221250534
15030.0,0.0,0.014958435669541359
15031.0,0.0,0.023780781775712967
15032.0,0.0,0.025873281061649323
15033.0,0.0,0.024717602878808975
15034.0,0.0,0.026265054941177368
15035.0,0.0,0.0015775627689436078
15036.0,0.0,0.05812613666057587
15037.0,0.0,0.01575755886733532
15038.0,0.0,0.026141773909330368
15039.0,0.0,0.02314114384353161
15040.0,0.0,0.003504489315673709
15041.0,0.0,0.024906201288104057
15042.0,0.0,0.025873281061649323
15043.0,0.0,0.02361888997256756
15044.0,0.0,0.018040908500552177
15045.0,0.0,0.056640829890966415
15046.0,0.0,0.025771109387278557
15047.0,0.0,0.016435613855719566
15048.0,0.0,0.015096615068614483
15049.0,0.0,0.0014202744932845235
15050.0,0.0,0.0472479946911335
15051.0,0.0,0.02323314920067787
15052.0,0.0,0.02314114384353161
15053.0,0.0,0.025873281061649323
15054.0,0.0,0.014743927866220474
15055.0,0.0,0.02481570467352867
15056.0,0.0,0.028187638148665428
15057.0,0.0,0.023922305554151535
15058.0,0.0,0.024906201288104057
15059.0,0.0,0.02207839861512184
15060.0,0.0,0.026425663381814957
15061.0,0.0,0.025771109387278557
15062.0,0.0,0.027234036475419998
15063.0,0.0,0.02481570467352867
15064.0,0.0,0.014743927866220474
15065.0,0.0,0.024871468544006348
15066.0,0.0,0.0174587219953537
15067.0,0.0,0.02526475116610527
15068.0,0.0,0.022501282393932343
15069.0,0.0,0.05522727221250534
15070.0,0.0,0.025771109387278557
15071.0,0.0,0.061310164630413055
15072.0,0.0,0.024906201288104057
15073.0,0.0,0.0014202744932845235
15074.0,0.0,0.02663862146437168
15075.0,0.0,0.028981421142816544
15076.0,0.0,0.02521074190735817
15077.0,0.0,0.016994355246424675
15078.0,0.0,0.02481570467352867
15079.0,0.0,0.015878908336162567
15080.0,0.0,0.0013608243316411972
15081.0,0.0,0.02632135897874832
15082.0,0.0,0.4370000660419464
15083.0,0.0,0.01704694889485836
15084.0,0.0,0.026146462187170982
15085.0,0.0,0.02544485405087471
15086.0,0.0,0.024871468544006348
15087.0,0.0,0.025005033239722252
15088.0,0.0,0.014743927866220474
15089.0,0.0,0.025005033239722252
15090.0,0.0,0.015878908336162567
15091.0,0.0,0.059028562158346176
15092.0,0.0,0.025771109387278557
15093.0,1.0,0.022847406566143036
15094.0,0.0,0.025771109387278557
15095.0,0.0,0.017008891329169273
15096.0,0.0,0.023887183517217636
15097.0,0.0,0.02314114384353161
15098.0,0.0,0.02207839861512184
15099.0,0.0,0.024717602878808975
15100.0,0.0,0.07383714616298676
15101.0,0.0,0.02628469653427601
15102.0,0.0,0.06299193948507309
15103.0,0.0,0.0013140484225004911
15104.0,0.0,0.025771109387278557
15105.0,0.0,0.015856554731726646
15106.0,0.0,0.014243694953620434
15107.0,0.0,0.025073513388633728
15108.0,0.0,0.0013047066750004888
15109.0,0.0,0.024906201288104057
15110.0,0.0,0.06344211101531982
15111.0,0.0,0.02544485405087471
15112.0,1.0,0.055439580231904984
15113.0,0.0,0.024871468544006348
15114.0,0.0,0.027341853827238083
15115.0,0.0,0.016435613855719566
15116.0,0.0,0.0013431700645014644
15117.0,0.0,0.024590618908405304
15118.0,0.0,0.02481570467352867
15119.0,0.0,0.0013608243316411972
15120.0,0.0,0.025771109387278557
15121.0,0.0,0.0012283599935472012
15122.0,0.0,0.039824340492486954
15123.0,0.0,0.023730525746941566
15124.0,0.0,0.034632351249456406
15125.0,0.0,0.027001334354281425
15126.0,0.0,0.012085461057722569
15127.0,0.0,0.024871468544006348
15128.0,0.0,0.03579722344875336
15129.0,0.0,0.0012772607151418924
15130.0,0.0,0.022847406566143036
15131.0,0.0,0.024871468544006348
15132.0,0.0,0.025771109387278557
15133.0,0.0,0.023922305554151535
15134.0,0.0,0.014223608188331127
15135.0,0.0,0.0014202744932845235
15136.0,0.0,0.025245940312743187
15137.0,0.0,0.42605772614479065
15138.0,0.0,0.02314114384353161
15139.0,0.0,0.04081787168979645
15140.0,0.0,0.024017333984375
15141.0,0.0,0.025545770302414894
15142.0,0.0,0.0015030310023576021
15143.0,0.0,0.026141773909330368
15144.0,0.0,0.06044430285692215
15145.0,0.0,0.016225576400756836
15146.0,0.0,0.03838136047124863
15147.0,0.0,0.026122327893972397
15148.0,0.0,0.026122327893972397
15149.0,0.0,0.016122156754136086
15150.0,0.0,0.03031177446246147
15151.0,0.0,0.05252489820122719
15152.0,0.0,0.023853830993175507
15153.0,0.0,0.023922305554151535
15154.0,0.0,0.025771109387278557
15155.0,0.0,0.06375277787446976
15156.0,0.0,0.024960659444332123
15157.0,0.0,0.011112970300018787
15158.0,0.0,0.018622351810336113
15159.0,0.0,0.027234036475419998
15160.0,0.0,0.017968246713280678
15161.0,0.0,0.05795514956116676
15162.0,0.0,0.01729780063033104
15163.0,0.0,0.0013694989029318094
15164.0,0.0,0.0591171532869339
15165.0,0.0,0.014255979098379612
15166.0,0.0,0.016661789268255234
15167.0,0.0,0.0182296484708786
15168.0,0.0,0.02526475116610527
15169.0,0.0,0.0014401210937649012
15170.0,0.0,0.02481570467352867
15171.0,0.0,0.02653190866112709
15172.0,0.0,0.02358420193195343
15173.0,0.0,0.003060255665332079
15174.0,0.0,0.025771109387278557
15175.0,0.0,0.024906201288104057
15176.0,0.0,0.025550583377480507
15177.0,0.0,0.016435613855719566
15178.0,1.0,0.4380471110343933
15179.0,0.0,0.025005033239722252
15180.0,0.0,0.05447521060705185
15181.0,1.0,0.04371431842446327
15182.0,0.0,0.04596468061208725
15183.0,0.0,0.024717602878808975
15184.0,0.0,0.023922305554151535
15185.0,0.0,0.003244467545300722
15186.0,0.0,0.054758843034505844
15187.0,0.0,0.01704694889485836
15188.0,0.0,0.04019296169281006
15189.0,0.0,0.023887183517217636
15190.0,0.0,0.030054710805416107
15191.0,0.0,0.02314114384353161
15192.0,0.0,0.025771109387278557
15193.0,0.0,0.011022149585187435
15194.0,0.0,0.017378058284521103
15195.0,0.0,0.017969094216823578
15196.0,0.0,0.07645031064748764
15197.0,0.0,0.003244467545300722
15198.0,0.0,0.003092571860179305
15199.0,0.0,0.05812613666057587
15200.0,0.0,0.019519072026014328
15201.0,0.0,0.3513956665992737
15202.0,0.0,0.025873281061649323
15203.0,0.0,0.024854116141796112
15204.0,0.0,0.023853830993175507
15205.0,0.0,0.0014202744932845235
15206.0,0.0,0.025873281061649323
15207.0,0.0,0.025771109387278557
15208.0,0.0,0.024590618908405304
15209.0,0.0,0.011426706798374653
15210.0,1.0,0.015280703082680702
15211.0,0.0,0.022451452910900116
15212.0,0.0,0.0013714581727981567
15213.0,0.0,0.025229530408978462
15214.0,0.0,0.014870388433337212
15215.0,0.0,0.019073618575930595
15216.0,0.0,0.015675872564315796
15217.0,1.0,0.8385120630264282
15218.0,0.0,0.4550482928752899
15219.0,0.0,0.017336970195174217
15220.0,0.0,0.026425663381814957
15221.0,0.0,0.022420059889554977
15222.0,0.0,0.44383561611175537
15223.0,0.0,0.02317703142762184
15224.0,0.0,0.025005033239722252
15225.0,0.0,0.015856554731726646
15226.0,0.0,0.4348311126232147
15227.0,0.0,0.015096615068614483
15228.0,0.0,0.025771109387278557
15229.0,0.0,0.025771109387278557
15230.0,0.0,0.024717602878808975
15231.0,0.0,0.010713044553995132
15232.0,0.0,0.05066057667136192
15233.0,0.0,0.05708349123597145
15234.0,0.0,0.01629883050918579
15235.0,0.0,0.026122327893972397
15236.0,0.0,0.026141773909330368
15237.0,0.0,0.01899777166545391
15238.0,0.0,0.0013895576121285558
15239.0,0.0,0.02803678810596466
15240.0,0.0,0.025771109387278557
15241.0,1.0,0.025245940312743187
15242.0,0.0,0.027234036475419998
15243.0,0.0,0.042833950370550156
15244.0,0.0,0.02314114384353161
15245.0,0.0,0.015116751194000244
15246.0,0.0,0.02632135897874832
15247.0,0.0,0.33318042755126953
15248.0,0.0,0.030939796939492226
15249.0,0.0,0.00367728597484529
15250.0,0.0,0.0012283599935472012
15251.0,0.0,0.024906201288104057
15252.0,0.0,0.02632135897874832
15253.0,0.0,0.014223608188331127
15254.0,0.0,0.025771109387278557
15255.0,0.0,0.02854803204536438
15256.0,0.0,0.01899777166545391
15257.0,0.0,0.017008891329169273
15258.0,0.0,0.026122327893972397
15259.0,0.0,0.003708237549290061
15260.0,0.0,0.022847406566143036
15261.0,0.0,0.027007758617401123
15262.0,0.0,0.024717602878808975
15263.0,0.0,0.05764511972665787
15264.0,0.0,0.0246882326900959
15265.0,0.0,0.014223608188331127
15266.0,0.0,0.015413998626172543
15267.0,0.0,0.013185258023440838
15268.0,0.0,0.024906201288104057
15269.0,0.0,0.4445684850215912
15270.0,0.0,0.06368388235569
15271.0,0.0,0.03329914063215256
15272.0,0.0,0.0014412200544029474
15273.0,0.0,0.017378058284521103
15274.0,0.0,0.024717602878808975
15275.0,0.0,0.023568198084831238
15276.0,0.0,0.025593344122171402
15277.0,0.0,0.015280703082680702
15278.0,0.0,0.01722889207303524
15279.0,0.0,0.015223466791212559
15280.0,0.0,0.0036289540585130453
15281.0,0.0,0.01722889207303524
15282.0,0.0,0.02355126105248928
15283.0,0.0,0.0013608243316411972
15284.0,0.0,0.01850307360291481
15285.0,0.0,0.024906201288104057
15286.0,0.0,0.025771109387278557
15287.0,0.0,0.026425663381814957
15288.0,0.0,0.02632135897874832
15289.0,0.0,0.03634200617671013
15290.0,0.0,0.017378058284521103
15291.0,1.0,0.9775838851928711
15292.0,0.0,0.014777462929487228
15293.0,0.0,0.0015549295349046588
15294.0,0.0,0.05066057667136192
15295.0,0.0,0.05848557502031326
15296.0,0.0,0.017378058284521103
15297.0,0.0,0.05333281680941582
15298.0,0.0,0.02440434880554676
15299.0,0.0,0.027913730591535568
15300.0,0.0,0.017228078097105026
15301.0,0.0,0.024717602878808975
15302.0,0.0,0.015155063942074776
15303.0,0.0,0.036484528332948685
15304.0,0.0,0.0014202744932845235
15305.0,0.0,0.023636609315872192
15306.0,0.0,0.022420059889554977
15307.0,0.0,0.014700775034725666
15308.0,0.0,0.01678997464478016
15309.0,0.0,0.025245940312743187
15310.0,0.0,0.04056795686483383
15311.0,0.0,0.024717602878808975
15312.0,0.0,0.016109652817249298
15313.0,0.0,0.05085628107190132
15314.0,0.0,0.024590618908405304
15315.0,0.0,0.01678481325507164
15316.0,0.0,0.0179430041462183
15317.0,0.0,0.05582575500011444
15318.0,0.0,0.025771109387278557
15319.0,0.0,0.0014202744932845235
15320.0,0.0,0.027234036475419998
15321.0,0.0,0.023887183517217636
15322.0,0.0,0.0014481904217973351
15323.0,1.0,0.025651903823018074
15324.0,0.0,0.024906201288104057
15325.0,0.0,0.016435613855719566
15326.0,0.0,0.025771109387278557
15327.0,0.0,0.02361888997256756
15328.0,0.0,0.024970166385173798
15329.0,0.0,0.05697529390454292
15330.0,0.0,0.025771403685212135
15331.0,0.0,0.025771109387278557
15332.0,0.0,0.017336970195174217
15333.0,0.0,0.0014202744932845235
15334.0,0.0,0.0015716943889856339
15335.0,0.0,0.023887183517217636
15336.0,1.0,0.4750063121318817
15337.0,0.0,0.014621013775467873
15338.0,0.0,0.03967888653278351
15339.0,1.0,0.024717602878808975
15340.0,0.0,0.05515262857079506
15341.0,0.0,0.03137548640370369
15342.0,0.0,0.02445853315293789
15343.0,0.0,0.023853830993175507
15344.0,0.0,0.0385444350540638
15345.0,0.0,0.025771109387278557
15346.0,0.0,0.024590618908405304
15347.0,0.0,0.023887183517217636
15348.0,0.0,0.023730525746941566
15349.0,0.0,0.025550583377480507
15350.0,0.0,0.024871468544006348
15351.0,0.0,0.04019296169281006
15352.0,1.0,0.022331207990646362
15353.0,0.0,0.3493441343307495
15354.0,0.0,0.059325143694877625
15355.0,0.0,0.0013916846364736557
15356.0,0.0,0.05844329297542572
15357.0,0.0,0.014870388433337212
15358.0,0.0,0.03220509737730026
15359.0,0.0,0.02658638171851635
15360.0,0.0,0.003244467545300722
15361.0,0.0,0.05728159844875336
15362.0,0.0,0.016097549349069595
15363.0,0.0,0.023887183517217636
15364.0,0.0,0.026122327893972397
15365.0,0.0,0.029535578563809395
15366.0,0.0,0.025005033239722252
15367.0,0.0,0.025545770302414894
15368.0,0.0,0.025771109387278557
15369.0,1.0,0.7901982069015503
15370.0,0.0,0.05708349123597145
15371.0,0.0,0.061627063900232315
15372.0,0.0,0.015413998626172543
15373.0,0.0,0.0015571024268865585
15374.0,0.0,0.025073513388633728
15375.0,1.0,0.8386023640632629
15376.0,0.0,0.04097719117999077
15377.0,1.0,0.7756530046463013
15378.0,0.0,0.025550583377480507
15379.0,0.0,0.013531945645809174
15380.0,1.0,0.026405904442071915
15381.0,0.0,0.016435613855719566
15382.0,0.0,0.02555892802774906
15383.0,0.0,0.024906201288104057
15384.0,1.0,0.47802042961120605
15385.0,0.0,0.05834890156984329
15386.0,0.0,0.02826070226728916
15387.0,0.0,0.0014401210937649012
15388.0,0.0,0.016994355246424675
15389.0,0.0,0.035130035132169724
15390.0,0.0,0.039051711559295654
15391.0,0.0,0.0013608243316411972
15392.0,0.0,0.025346089154481888
15393.0,1.0,0.026301685720682144
15394.0,0.0,0.024871468544006348
15395.0,0.0,0.025873281061649323
15396.0,0.0,0.037017326802015305
15397.0,0.0,0.06465663015842438
15398.0,0.0,0.015878908336162567
15399.0,0.0,0.05826232582330704
15400.0,0.0,0.017378058284521103
15401.0,0.0,0.015107985585927963
15402.0,0.0,0.025873281061649323
15403.0,0.0,0.024871468544006348
15404.0,0.0,0.026301685720682144
15405.0,0.0,0.019475087523460388
15406.0,0.0,0.02641528844833374
15407.0,0.0,0.03634200617671013
15408.0,0.0,0.8499495983123779
15409.0,0.0,0.0246882326900959
15410.0,0.0,0.4197966754436493
15411.0,0.0,0.05795514956116676
15412.0,0.0,0.022331207990646362
15413.0,0.0,0.02314114384353161
15414.0,0.0,0.003196687437593937
15415.0,0.0,0.0013663552235811949
15416.0,0.0,0.025545770302414894
15417.0,0.0,0.027234036475419998
15418.0,0.0,0.023636609315872192
15419.0,0.0,0.04125974327325821
15420.0,0.0,0.024906201288104057
15421.0,0.0,0.024231432005763054
15422.0,0.0,0.025771109387278557
15423.0,0.0,0.023677917197346687
15424.0,0.0,0.0014202744932845235
15425.0,0.0,0.01445102971047163
15426.0,0.0,0.024906201288104057
15427.0,0.0,0.038738228380680084
15428.0,0.0,0.05554807558655739
15429.0,0.0,0.02544485405087471
15430.0,0.0,0.038531553000211716
15431.0,0.0,0.011022149585187435
15432.0,0.0,0.025245940312743187
15433.0,0.0,0.050801001489162445
15434.0,0.0,0.025550583377480507
15435.0,0.0,0.017115140333771706
15436.0,0.0,0.01704694889485836
15437.0,0.0,0.0013714581727981567
15438.0,0.0,0.024906201288104057
15439.0,0.0,0.022047515958547592
15440.0,0.0,0.0013714581727981567
15441.0,0.0,0.023922305554151535
15442.0,0.0,0.03710399940609932
15443.0,0.0,0.02360360138118267
15444.0,0.0,0.05815203860402107
15445.0,0.0,0.023636609315872192
15446.0,0.0,0.01575755886733532
15447.0,1.0,0.024871468544006348
15448.0,0.0,0.02632135897874832
15449.0,0.0,0.014243694953620434
15450.0,0.0,0.0262258630245924
15451.0,0.0,0.024717602878808975
15452.0,0.0,0.0012266056146472692
15453.0,0.0,0.016122156754136086
15454.0,0.0,0.015878908336162567
15455.0,0.0,0.026301685720682144
15456.0,0.0,0.02445853315293789
15457.0,1.0,0.9939563870429993
15458.0,0.0,0.42840272188186646
15459.0,0.0,0.025005033239722252
15460.0,0.0,0.02709795907139778
15461.0,0.0,0.0014202744932845235
15462.0,0.0,0.42840272188186646
15463.0,1.0,0.9959011673927307
15464.0,0.0,0.06021404266357422
15465.0,0.0,0.016435613855719566
15466.0,0.0,0.02632135897874832
15467.0,0.0,0.025771109387278557
15468.0,0.0,0.025514967739582062
15469.0,0.0,0.02632135897874832
15470.0,0.0,0.024906201288104057
15471.0,0.0,0.015878908336162567
15472.0,0.0,0.02663862146437168
15473.0,0.0,0.016122156754136086
15474.0,0.0,0.015413998626172543
15475.0,0.0,0.02207839861512184
15476.0,0.0,0.0013714581727981567
15477.0,0.0,0.0014018514193594456
15478.0,0.0,0.042426642030477524
15479.0,0.0,0.0012720894301310182
15480.0,0.0,0.04095249995589256
15481.0,1.0,0.9689841270446777
15482.0,0.0,0.03624436631798744
15483.0,0.0,0.024433191865682602
15484.0,0.0,0.017968246713280678
15485.0,0.0,0.02236247807741165
15486.0,0.0,0.016688881441950798
15487.0,0.0,0.03478274866938591
15488.0,0.0,0.014588294550776482
15489.0,0.0,0.017378058284521103
15490.0,0.0,0.41323480010032654
15491.0,0.0,0.01899777166545391
15492.0,0.0,0.02624538727104664
15493.0,0.0,0.018040908500552177
15494.0,1.0,0.05172668769955635
15495.0,0.0,0.023853830993175507
15496.0,1.0,0.976718544960022
15497.0,1.0,0.46053117513656616
15498.0,0.0,0.027234036475419998
15499.0,0.0,0.06087524816393852
15500.0,0.0,0.03516509383916855
15501.0,0.0,0.018040908500552177
15502.0,0.0,0.01722889207303524
15503.0,0.0,0.0035136863589286804
15504.0,0.0,0.02526475116610527
15505.0,1.0,0.41751599311828613
15506.0,0.0,0.05708349123597145
15507.0,0.0,0.02236247807741165
15508.0,0.0,0.04536348581314087
15509.0,0.0,0.025771109387278557
15510.0,0.0,0.03513512387871742
15511.0,0.0,0.02632135897874832
15512.0,0.0,0.028508367016911507
15513.0,0.0,0.05436822399497032
15514.0,0.0,0.024717602878808975
15515.0,0.0,0.025771109387278557
15516.0,0.0,0.8454277515411377
15517.0,0.0,0.025550583377480507
15518.0,0.0,0.014621013775467873
15519.0,0.0,0.05522727221250534
15520.0,0.0,0.018199829384684563
15521.0,0.0,0.02445853315293789
15522.0,0.0,0.024555636569857597
15523.0,0.0,0.02632135897874832
15524.0,0.0,0.030025148764252663
15525.0,0.0,0.023853830993175507
15526.0,0.0,0.0032379664480686188
15527.0,0.0,0.0246882326900959
15528.0,1.0,0.7929126024246216
15529.0,0.0,0.01886281929910183
15530.0,0.0,0.0416199192404747
15531.0,0.0,0.022420059889554977
15532.0,0.0,0.024906201288104057
15533.0,0.0,0.06399565190076828
15534.0,0.0,0.013648834079504013
15535.0,0.0,0.030025148764252663
15536.0,0.0,0.02314114384353161
15537.0,1.0,0.02624538727104664
15538.0,0.0,0.06375277787446976
15539.0,0.0,0.025771109387278557
15540.0,0.0,0.016435613855719566
15541.0,0.0,0.022847406566143036
15542.0,0.0,0.025771109387278557
15543.0,0.0,0.04041016474366188
15544.0,0.0,0.017969094216823578
15545.0,0.0,0.01840336248278618
15546.0,0.0,0.02398207224905491
15547.0,0.0,0.015878908336162567
15548.0,0.0,0.04019296169281006
15549.0,0.0,0.025514967739582062
15550.0,0.0,0.02481570467352867
15551.0,0.0,0.01697045937180519
15552.0,0.0,0.06290864944458008
15553.0,0.0,0.025771109387278557
15554.0,0.0,0.05604023113846779
15555.0,0.0,0.012085461057722569
15556.0,1.0,0.4360010325908661
15557.0,0.0,0.024970166385173798
15558.0,0.0,0.024906201288104057
15559.0,0.0,0.025771109387278557
15560.0,0.0,0.025245940312743187
15561.0,0.0,0.4167942404747009
15562.0,0.0,0.42115318775177
15563.0,0.0,0.025005033239722252
15564.0,0.0,0.023730525746941566
15565.0,1.0,0.3523220121860504
15566.0,0.0,0.4454721212387085
15567.0,0.0,0.024871468544006348
15568.0,0.0,0.0031331481877714396
15569.0,0.0,0.017969094216823578
15570.0,0.0,0.015028689987957478
15571.0,0.0,0.025005033239722252
15572.0,0.0,0.025545770302414894
15573.0,0.0,0.05888451263308525
15574.0,0.0,0.06175331398844719
15575.0,0.0,0.02653190866112709
15576.0,0.0,0.0676840990781784
15577.0,0.0,0.023636609315872192
15578.0,0.0,0.024717602878808975
15579.0,0.0,0.024906201288104057
15580.0,0.0,0.001389697310514748
15581.0,0.0,0.0014202744932845235
15582.0,0.0,0.01830248348414898
15583.0,0.0,0.017739813774824142
15584.0,0.0,0.027234036475419998
15585.0,0.0,0.0014412200544029474
15586.0,0.0,0.02481570467352867
15587.0,0.0,0.0031331481877714396
15588.0,0.0,0.014870388433337212
15589.0,0.0,0.024906201288104057
15590.0,0.0,0.025771109387278557
15591.0,0.0,0.024906201288104057
15592.0,0.0,0.03944549709558487
15593.0,0.0,0.02323314920067787
15594.0,0.0,0.017969094216823578
15595.0,0.0,0.025771109387278557
15596.0,0.0,0.01717439852654934
15597.0,0.0,0.025873281061649323
15598.0,0.0,0.05823454260826111
15599.0,0.0,0.025005033239722252
15600.0,0.0,0.02465379238128662
15601.0,0.0,0.0016694687074050307
15602.0,0.0,0.0033562947064638138
15603.0,0.0,0.024717602878808975
15604.0,0.0,0.023887183517217636
15605.0,0.0,0.025771109387278557
15606.0,0.0,0.015878908336162567
15607.0,0.0,0.025771109387278557
15608.0,0.0,0.04058149829506874
15609.0,0.0,0.024960659444332123
15610.0,0.0,0.016661789268255234
15611.0,0.0,0.025651903823018074
15612.0,0.0,0.015413998626172543
15613.0,0.0,0.025771109387278557
15614.0,0.0,0.025771109387278557
15615.0,0.0,0.0014752917923033237
15616.0,0.0,0.017969094216823578
15617.0,0.0,0.06437723338603973
15618.0,0.0,0.0013431700645014644
15619.0,0.0,0.025873281061649323
15620.0,0.0,0.0246882326900959
15621.0,0.0,0.016964009031653404
15622.0,0.0,0.02632135897874832
15623.0,0.0,0.018040908500552177
15624.0,0.0,0.030282769352197647
15625.0,0.0,0.05708349123597145
15626.0,0.0,0.4445684850215912
15627.0,0.0,0.026122327893972397
15628.0,0.0,0.01899777166545391
15629.0,0.0,0.016688881441950798
15630.0,0.0,0.0015030310023576021
15631.0,0.0,0.02481570467352867
15632.0,0.0,0.026141773909330368
15633.0,0.0,0.016435613855719566
15634.0,0.0,0.030525844544172287
15635.0,0.0,0.025771109387278557
15636.0,0.0,0.031205356121063232
15637.0,0.0,0.06498962640762329
15638.0,0.0,0.028332654386758804
15639.0,0.0,0.02814936637878418
15640.0,0.0,0.025771109387278557
15641.0,0.0,0.011426706798374653
15642.0,0.0,0.025771109387278557
15643.0,0.0,0.02591816894710064
15644.0,0.0,0.02697308547794819
15645.0,0.0,0.4047689437866211
15646.0,0.0,0.02641528844833374
15647.0,0.0,0.03838136047124863
15648.0,0.0,0.02632135897874832
15649.0,0.0,0.030670104548335075
15650.0,0.0,0.01722889207303524
15651.0,0.0,0.02536497637629509
15652.0,0.0,0.024233181029558182
15653.0,0.0,0.03343838080763817
15654.0,0.0,0.024717602878808975
15655.0,0.0,0.016766361892223358
15656.0,0.0,0.018330127000808716
15657.0,0.0,0.025771109387278557
15658.0,0.0,0.014891373924911022
15659.0,0.0,0.0013916846364736557
15660.0,0.0,0.0013140484225004911
15661.0,0.0,0.36442863941192627
15662.0,0.0,0.0014731851406395435
15663.0,0.0,0.02814936637878418
15664.0,0.0,0.0014260467141866684
15665.0,0.0,0.01722889207303524
15666.0,0.0,0.02314114384353161
15667.0,0.0,0.025873281061649323
15668.0,0.0,0.024717602878808975
15669.0,0.0,0.34169960021972656
15670.0,0.0,0.02236247807741165
15671.0,0.0,0.0013983299722895026
15672.0,0.0,0.06139259412884712
15673.0,0.0,0.056640829890966415
15674.0,0.0,0.023887183517217636
15675.0,0.0,0.022331207990646362
15676.0,0.0,0.01758851297199726
15677.0,0.0,0.025873281061649323
15678.0,0.0,0.055439580231904984
15679.0,0.0,0.01830248348414898
15680.0,0.0,0.032610755413770676
15681.0,0.0,0.06044430285692215
15682.0,0.0,0.5691764950752258
15683.0,0.0,0.0013462231727316976
15684.0,0.0,0.0040714251808822155
15685.0,0.0,0.023948587477207184
15686.0,0.0,0.015413998626172543
15687.0,0.0,0.025771109387278557
15688.0,0.0,0.4476095139980316
15689.0,0.0,0.02314114384353161
15690.0,0.0,0.015413998626172543
15691.0,0.0,0.017969094216823578
15692.0,0.0,0.010861334390938282
15693.0,0.0,0.05902445688843727
15694.0,0.0,0.03752155229449272
15695.0,0.0,0.0014078195672482252
15696.0,0.0,0.024906201288104057
15697.0,0.0,0.053454283624887466
15698.0,0.0,0.02445853315293789
15699.0,0.0,0.05522727221250534
15700.0,0.0,0.023853830993175507
15701.0,0.0,0.027234036475419998
15702.0,0.0,0.05826232582330704
15703.0,0.0,0.02445853315293789
15704.0,0.0,0.015878908336162567
15705.0,0.0,0.025771109387278557
15706.0,0.0,0.025771109387278557
15707.0,0.0,0.024555636569857597
15708.0,0.0,0.02663862146437168
15709.0,0.0,0.014891373924911022
15710.0,0.0,0.42969629168510437
15711.0,0.0,0.43061134219169617
15712.0,0.0,0.02481570467352867
15713.0,0.0,0.02445853315293789
15714.0,0.0,0.009604624472558498
15715.0,0.0,0.015413998626172543
15716.0,0.0,0.03893374651670456
15717.0,0.0,0.05998348444700241
15718.0,0.0,0.024871468544006348
15719.0,0.0,0.017810726538300514
15720.0,0.0,0.0012124227359890938
15721.0,0.0,0.023887183517217636
15722.0,0.0,0.015107985585927963
15723.0,0.0,0.02632135897874832
15724.0,0.0,0.02544485405087471
15725.0,0.0,0.015246058814227581
15726.0,0.0,0.025771109387278557
15727.0,0.0,0.023474901914596558
15728.0,0.0,0.039073653519153595
15729.0,1.0,0.4532330334186554
15730.0,0.0,0.45423975586891174
15731.0,0.0,0.0246882326900959
15732.0,0.0,0.0013517334591597319
15733.0,0.0,0.0472479946911335
15734.0,0.0,0.06021404266357422
15735.0,0.0,0.017739813774824142
15736.0,0.0,0.028508367016911507
15737.0,0.0,0.015916068106889725
15738.0,0.0,0.02236247807741165
15739.0,0.0,0.025514967739582062
15740.0,0.0,0.02314114384353161
15741.0,0.0,0.0651688203215599
15742.0,1.0,0.4464757442474365
15743.0,0.0,0.025771109387278557
15744.0,0.0,0.015246058814227581
15745.0,0.0,0.0013906233943998814
15746.0,0.0,0.026983819901943207
15747.0,0.0,0.025373326614499092
15748.0,0.0,0.02814936637878418
15749.0,0.0,0.026744144037365913
15750.0,0.0,0.0013770321384072304
15751.0,0.0,0.026706915348768234
15752.0,0.0,0.03343838080763817
15753.0,0.0,0.016622358933091164
15754.0,0.0,0.02544514648616314
15755.0,0.0,0.024717602878808975
15756.0,0.0,0.03571473807096481
15757.0,0.0,0.025873281061649323
15758.0,0.0,0.016435613855719566
15759.0,0.0,0.03131958469748497
15760.0,0.0,0.024906201288104057
15761.0,0.0,0.013648834079504013
15762.0,1.0,0.018215972930192947
15763.0,0.0,0.023922305554151535
15764.0,0.0,0.04041016474366188
15765.0,0.0,0.02361888997256756
15766.0,0.0,0.010442474856972694
15767.0,0.0,0.024556316435337067
15768.0,0.0,0.015916068106889725
15769.0,0.0,0.0016694687074050307
15770.0,0.0,0.025771109387278557
15771.0,0.0,0.025545770302414894
15772.0,0.0,0.016122156754136086
15773.0,0.0,0.033458106219768524
15774.0,0.0,0.06368388235569
15775.0,0.0,0.02854803204536438
15776.0,0.0,0.015878908336162567
15777.0,0.0,0.025771109387278557
15778.0,0.0,0.02880288101732731
15779.0,0.0,0.4824769198894501
15780.0,0.0,0.02314114384353161
15781.0,0.0,0.022357212379574776
15782.0,0.0,0.017969094216823578
15783.0,0.0,0.021011460572481155
15784.0,0.0,0.017969094216823578
15785.0,0.0,0.02663862146437168
15786.0,0.0,0.010505485348403454
15787.0,0.0,0.0597548745572567
15788.0,0.0,0.017478905618190765
15789.0,0.0,0.06090256944298744
15790.0,0.0,0.06198906525969505
15791.0,0.0,0.03750285133719444
15792.0,0.0,0.017969094216823578
15793.0,0.0,0.025771109387278557
15794.0,0.0,0.025005033239722252
15795.0,0.0,0.0014260467141866684
15796.0,0.0,0.02307247556746006
15797.0,0.0,0.015413998626172543
15798.0,0.0,0.025005033239722252
15799.0,0.0,0.01086955051869154
15800.0,0.0,0.05339186638593674
15801.0,0.0,0.025771109387278557
15802.0,0.0,0.02826070226728916
15803.0,0.0,0.027234036475419998
15804.0,0.0,0.026744144037365913
15805.0,0.0,0.01521681435406208
15806.0,1.0,0.4739935100078583
15807.0,0.0,0.025771109387278557
15808.0,0.0,0.011426706798374653
15809.0,0.0,0.0014202744932845235
15810.0,0.0,0.06431885063648224
15811.0,0.0,0.01713106967508793
15812.0,0.0,0.026706915348768234
15813.0,0.0,0.023887183517217636
15814.0,0.0,0.4360010325908661
15815.0,1.0,0.026744144037365913
15816.0,0.0,0.023135703057050705
15817.0,0.0,0.4532330334186554
15818.0,0.0,0.026744144037365913
15819.0,0.0,0.024871468544006348
15820.0,0.0,0.015223466791212559
15821.0,0.0,0.025771109387278557
15822.0,0.0,0.027234036475419998
15823.0,0.0,0.02481570467352867
15824.0,0.0,0.025771109387278557
15825.0,0.0,0.026141773909330368
15826.0,0.0,0.026146462187170982
15827.0,0.0,0.4392189085483551
15828.0,0.0,0.027234036475419998
15829.0,0.0,0.014124889858067036
15830.0,0.0,0.05447521060705185
15831.0,0.0,0.026122327893972397
15832.0,0.0,0.019073618575930595
15833.0,0.0,0.010565029457211494
15834.0,0.0,0.0597548745572567
15835.0,0.0,0.03927332162857056
15836.0,0.0,0.016590096056461334
15837.0,0.0,0.017969094216823578
15838.0,0.0,0.05512625724077225
15839.0,0.0,0.016435613855719566
15840.0,0.0,0.015590906143188477
15841.0,0.0,0.02854803204536438
15842.0,0.0,0.018421942368149757
15843.0,1.0,0.025771109387278557
15844.0,1.0,0.01618671976029873
15845.0,0.0,0.02070019766688347
15846.0,0.0,0.024871468544006348
15847.0,0.0,0.001298092189244926
15848.0,0.0,0.0036289540585130453
15849.0,0.0,0.024871468544006348
15850.0,0.0,0.05522727221250534
15851.0,0.0,0.03685896098613739
15852.0,0.0,0.025005033239722252
15853.0,0.0,0.06905524432659149
15854.0,0.0,0.017969094216823578
15855.0,0.0,0.03624822944402695
15856.0,0.0,0.023474901914596558
15857.0,0.0,0.025229530408978462
15858.0,0.0,0.02632135897874832
15859.0,0.0,0.015413998626172543
15860.0,0.0,0.00147164985537529
15861.0,0.0,0.0033153772819787264
15862.0,0.0,0.024944746866822243
15863.0,0.0,0.02663862146437168
15864.0,0.0,0.017739813774824142
15865.0,0.0,0.025771109387278557
15866.0,0.0,0.01575755886733532
15867.0,0.0,0.025771109387278557
15868.0,0.0,0.003806616645306349
15869.0,0.0,0.017228078097105026
15870.0,0.0,0.019525164738297462
15871.0,0.0,0.017378058284521103
15872.0,0.0,0.017739813774824142
15873.0,0.0,0.02314114384353161
15874.0,0.0,0.011426706798374653
15875.0,0.0,0.058687351644039154
15876.0,0.0,0.015590906143188477
15877.0,0.0,0.02632135897874832
15878.0,0.0,0.02323314920067787
15879.0,0.0,0.0012910905061289668
15880.0,0.0,0.024871468544006348
15881.0,0.0,0.0262258630245924
15882.0,0.0,0.0014202744932845235
15883.0,0.0,0.02445853315293789
15884.0,0.0,0.014891373924911022
15885.0,0.0,0.024590618908405304
15886.0,0.0,0.025771109387278557
15887.0,0.0,0.026141773909330368
15888.0,0.0,0.025771109387278557
15889.0,0.0,0.017378058284521103
15890.0,0.0,0.05522727221250534
15891.0,0.0,0.025771109387278557
15892.0,0.0,0.030260220170021057
15893.0,0.0,0.0015549295349046588
15894.0,0.0,0.03513512387871742
15895.0,0.0,0.05741441249847412
15896.0,0.0,0.05902445688843727
15897.0,0.0,0.0015549295349046588
15898.0,0.0,0.0015030310023576021
15899.0,0.0,0.0014401210937649012
15900.0,0.0,0.02314114384353161
15901.0,0.0,0.015724515542387962
15902.0,0.0,0.016435613855719566
15903.0,0.0,0.02632135897874832
15904.0,0.0,0.02632135897874832
15905.0,0.0,0.03563554584980011
15906.0,0.0,0.0013694989029318094
15907.0,0.0,0.02521074190735817
15908.0,0.0,0.024555636569857597
15909.0,0.0,0.027021421119570732
15910.0,0.0,0.003296883078292012
15911.0,0.0,0.014870388433337212
15912.0,0.0,0.016435613855719566
15913.0,0.0,0.05582575500011444
15914.0,0.0,0.0012720894301310182
15915.0,0.0,0.025073513388633728
15916.0,0.0,0.02660154178738594
15917.0,0.0,0.01740630343556404
15918.0,0.0,0.01740630343556404
15919.0,0.0,0.016435613855719566
15920.0,0.0,0.024906201288104057
15921.0,0.0,0.02360360138118267
15922.0,0.0,0.023474901914596558
15923.0,0.0,0.025873281061649323
15924.0,0.0,0.060588136315345764
15925.0,0.0,0.02360360138118267
15926.0,0.0,0.014700775034725666
15927.0,0.0,0.05592164024710655
15928.0,0.0,0.024717602878808975
15929.0,0.0,0.0013714581727981567
15930.0,0.0,0.016122156754136086
15931.0,0.0,0.0014078195672482252
15932.0,1.0,0.46537038683891296
15933.0,0.0,0.02632135897874832
15934.0,0.0,0.025873281061649323
15935.0,0.0,0.06139259412884712
15936.0,0.0,0.02544485405087471
15937.0,0.0,0.05522727221250534
15938.0,0.0,0.02751954458653927
15939.0,0.0,0.02544485405087471
15940.0,0.0,0.02331724390387535
15941.0,0.0,0.061401501297950745
15942.0,0.0,0.016994355246424675
15943.0,0.0,0.018288765102624893
15944.0,0.0,0.02632135897874832
15945.0,0.0,0.0013714581727981567
15946.0,0.0,0.02526475116610527
15947.0,0.0,0.02632135897874832
15948.0,0.0,0.026425663381814957
15949.0,0.0,0.025771109387278557
15950.0,0.0,0.022938264533877373
15951.0,0.0,0.017969094216823578
15952.0,0.0,0.02632135897874832
15953.0,0.0,0.023888908326625824
15954.0,0.0,0.026425663381814957
15955.0,0.0,0.013124067336320877
15956.0,0.0,0.0014513740316033363
15957.0,0.0,0.0031891600228846073
15958.0,0.0,0.026141773909330368
15959.0,0.0,0.025771109387278557
15960.0,0.0,0.024906201288104057
15961.0,1.0,0.05915085971355438
15962.0,0.0,0.023887183517217636
15963.0,0.0,0.055471550673246384
15964.0,0.0,0.02314114384353161
15965.0,0.0,0.016122156754136086
15966.0,0.0,0.06689666211605072
15967.0,0.0,0.025873281061649323
15968.0,0.0,0.059674497693777084
15969.0,1.0,0.9780598282814026
15970.0,0.0,0.06823190301656723
15971.0,0.0,0.02663862146437168
15972.0,0.0,0.025873281061649323
15973.0,0.0,0.024590618908405304
15974.0,0.0,0.02358420193195343
15975.0,0.0,0.01574668474495411
15976.0,0.0,0.01886281929910183
15977.0,0.0,0.02314114384353161
15978.0,0.0,0.03967888653278351
15979.0,0.0,0.02314114384353161
15980.0,0.0,0.0013714581727981567
15981.0,0.0,0.04189734533429146
15982.0,0.0,0.0013714581727981567
15983.0,0.0,0.025545770302414894
15984.0,0.0,0.024906201288104057
15985.0,0.0,0.025771109387278557
15986.0,0.0,0.01685047335922718
15987.0,0.0,0.026141773909330368
15988.0,0.0,0.06715065240859985
15989.0,0.0,0.025873281061649323
15990.0,0.0,0.02544485405087471
15991.0,0.0,0.01899777166545391
15992.0,0.0,0.02544485405087471
15993.0,0.0,0.02481570467352867
15994.0,0.0,0.06021404266357422
15995.0,0.0,0.018040908500552177
15996.0,0.0,0.0036478666588664055
15997.0,0.0,0.4392189085483551
15998.0,0.0,0.02544485405087471
15999.0,0.0,0.0013608243316411972
16000.0,0.0,0.017969094216823578
16001.0,0.0,0.04941122978925705
16002.0,0.0,0.0008660730673000216
16003.0,0.0,0.026744144037365913
16004.0,0.0,0.02544485405087471
16005.0,0.0,0.043226346373558044
16006.0,0.0,0.024556316435337067
16007.0,0.0,0.02314114384353161
16008.0,0.0,0.025283005088567734
16009.0,1.0,0.023853830993175507
16010.0,0.0,0.015878908336162567
16011.0,0.0,0.025873281061649323
16012.0,0.0,0.02445853315293789
16013.0,0.0,0.027001334354281425
16014.0,0.0,0.01574668474495411
16015.0,0.0,0.43704754114151
16016.0,0.0,0.017378058284521103
16017.0,0.0,0.02814936637878418
16018.0,0.0,0.07356683909893036
16019.0,0.0,0.025771109387278557
16020.0,0.0,0.014743927866220474
16021.0,0.0,0.0182296484708786
16022.0,0.0,0.0018661250360310078
16023.0,0.0,0.025283005088567734
16024.0,0.0,0.05454898998141289
16025.0,0.0,0.023922305554151535
16026.0,0.0,0.016122156754136086
16027.0,1.0,0.02749258652329445
16028.0,0.0,0.025771109387278557
16029.0,0.0,0.01907660812139511
16030.0,0.0,0.02660154178738594
16031.0,0.0,0.025718815624713898
16032.0,0.0,0.025771109387278557
16033.0,0.0,0.02663862146437168
16034.0,1.0,0.06301617622375488
16035.0,0.0,0.01899777166545391
16036.0,0.0,0.015413998626172543
16037.0,0.0,0.016121400520205498
16038.0,0.0,0.06722301989793777
16039.0,0.0,0.02481570467352867
16040.0,0.0,0.022420059889554977
16041.0,0.0,0.015878908336162567
16042.0,0.0,0.06465663015842438
16043.0,0.0,0.01722889207303524
16044.0,0.0,0.025245940312743187
16045.0,0.0,0.05522727221250534
16046.0,0.0,0.43061134219169617
16047.0,1.0,0.001422525616362691
16048.0,0.0,0.01704694889485836
16049.0,0.0,0.030525844544172287
16050.0,0.0,0.04049615561962128
16051.0,0.0,0.025771109387278557
16052.0,0.0,0.017969094216823578
16053.0,0.0,0.022166267037391663
16054.0,0.0,0.06431885063648224
16055.0,0.0,0.05607227236032486
16056.0,0.0,0.025550583377480507
16057.0,0.0,0.05616211146116257
16058.0,0.0,0.016435613855719566
16059.0,0.0,0.023636609315872192
16060.0,0.0,0.4907330572605133
16061.0,0.0,0.0013750650687143207
16062.0,0.0,0.017336970195174217
16063.0,0.0,0.05623804032802582
16064.0,0.0,0.014073389582335949
16065.0,0.0,0.01133112795650959
16066.0,1.0,0.43061134219169617
16067.0,0.0,0.01575755886733532
16068.0,0.0,0.024717602878808975
16069.0,0.0,0.014243694953620434
16070.0,0.0,0.01704694889485836
16071.0,1.0,0.8426807522773743
16072.0,0.0,0.036940768361091614
16073.0,0.0,0.018215972930192947
16074.0,0.0,0.03696532920002937
16075.0,0.0,0.01729780063033104
16076.0,0.0,0.32480359077453613
16077.0,0.0,0.42113515734672546
16078.0,0.0,0.025873281061649323
16079.0,0.0,0.014891373924911022
16080.0,0.0,0.025245940312743187
16081.0,0.0,0.0013536671176552773
16082.0,0.0,0.0013694989029318094
16083.0,0.0,0.025227047502994537
16084.0,0.0,0.024717602878808975
16085.0,0.0,0.02624538727104664
16086.0,0.0,0.024906201288104057
16087.0,0.0,0.03740875422954559
16088.0,0.0,0.025545770302414894
16089.0,0.0,0.016829300671815872
16090.0,0.0,0.027234036475419998
16091.0,0.0,0.013185258023440838
16092.0,0.0,0.017693044617772102
16093.0,1.0,0.02663862146437168
16094.0,1.0,0.014777462929487228
16095.0,0.0,0.015423089265823364
16096.0,0.0,0.023887183517217636
16097.0,0.0,0.0015612490242347121
16098.0,0.0,0.015878908336162567
16099.0,0.0,0.014870388433337212
16100.0,0.0,0.015556056052446365
16101.0,0.0,0.025810956954956055
16102.0,1.0,0.01722889207303524
16103.0,0.0,0.06175331398844719
16104.0,0.0,0.026744144037365913
16105.0,1.0,0.4426445960998535
16106.0,0.0,0.014891373924911022
16107.0,0.0,0.024017333984375
16108.0,0.0,0.02826070226728916
16109.0,0.0,0.02663862146437168
16110.0,0.0,0.02663862146437168
16111.0,0.0,0.0013906233943998814
16112.0,1.0,0.4392189085483551
16113.0,0.0,0.0263888631016016
16114.0,0.0,0.001447077956981957
16115.0,0.0,0.024590618908405304
16116.0,0.0,0.016507046297192574
16117.0,0.0,0.024906201288104057
16118.0,0.0,0.003235781565308571
16119.0,0.0,0.0013895576121285558
16120.0,0.0,0.02663862146437168
16121.0,0.0,0.02526475116610527
16122.0,0.0,0.026122327893972397
16123.0,0.0,0.029535578563809395
16124.0,0.0,0.013825992122292519
16125.0,0.0,0.027234036475419998
16126.0,0.0,0.025771109387278557
16127.0,0.0,0.025771109387278557
16128.0,0.0,0.018706221133470535
16129.0,0.0,0.02364484779536724
16130.0,0.0,0.036167774349451065
16131.0,0.0,0.024871468544006348
16132.0,0.0,0.017008891329169273
16133.0,0.0,0.0012720894301310182
16134.0,0.0,0.014621013775467873
16135.0,0.0,0.011426706798374653
16136.0,0.0,0.017969094216823578
16137.0,0.0,0.001449301722459495
16138.0,0.0,0.02663862146437168
16139.0,0.0,0.02703228034079075
16140.0,0.0,0.022451452910900116
16141.0,0.0,0.01825382560491562
16142.0,0.0,0.015856554731726646
16143.0,0.0,0.024017333984375
16144.0,0.0,0.011444635689258575
16145.0,0.0,0.023922305554151535
16146.0,0.0,0.024555636569857597
16147.0,0.0,0.02475586347281933
16148.0,0.0,0.03740875422954559
16149.0,0.0,0.017969094216823578
16150.0,0.0,0.027234036475419998
16151.0,0.0,0.027234036475419998
16152.0,0.0,0.017969094216823578
16153.0,0.0,0.016435613855719566
16154.0,0.0,0.04174934700131416
16155.0,0.0,0.01562632992863655
16156.0,0.0,0.0013895576121285558
16157.0,0.0,0.025771109387278557
16158.0,0.0,0.011426706798374653
16159.0,0.0,0.025771109387278557
16160.0,0.0,0.024970166385173798
16161.0,0.0,0.058941278606653214
16162.0,0.0,0.025771109387278557
16163.0,0.0,0.03554968908429146
16164.0,0.0,0.026141773909330368
16165.0,0.0,0.016674311831593513
16166.0,0.0,0.062166977673769
16167.0,0.0,0.02314114384353161
16168.0,0.0,0.027234036475419998
16169.0,0.0,0.0036289540585130453
16170.0,0.0,0.015878908336162567
16171.0,0.0,0.029535578563809395
16172.0,0.0,0.025771109387278557
16173.0,0.0,0.02663862146437168
16174.0,0.0,0.014175931923091412
16175.0,0.0,0.030143672600388527
16176.0,0.0,0.04788393899798393
16177.0,1.0,0.5049108862876892
16178.0,0.0,0.06397228688001633
16179.0,0.0,0.025005033239722252
16180.0,0.0,0.025005033239722252
16181.0,0.0,0.028332654386758804
16182.0,0.0,0.016435613855719566
16183.0,0.0,0.011279945261776447
16184.0,0.0,0.05889163166284561
16185.0,0.0,0.05787777155637741
16186.0,0.0,0.03683403134346008
16187.0,0.0,0.010952994227409363
16188.0,0.0,0.016270712018013
16189.0,0.0,0.024871468544006348
16190.0,0.0,0.024555636569857597
16191.0,0.0,0.06344211101531982
16192.0,0.0,0.028221415355801582
16193.0,0.0,0.017968246713280678
16194.0,0.0,0.025873281061649323
16195.0,0.0,0.026301685720682144
16196.0,0.0,0.025550583377480507
16197.0,0.0,0.0014202744932845235
16198.0,0.0,0.024906201288104057
16199.0,0.0,0.06021404266357422
16200.0,0.0,0.0013140484225004911
16201.0,0.0,0.025005033239722252
16202.0,0.0,0.023636609315872192
16203.0,1.0,0.05522727221250534
16204.0,0.0,0.015675872564315796
16205.0,0.0,0.015878908336162567
16206.0,0.0,0.4090858995914459
16207.0,0.0,0.03901994973421097
16208.0,0.0,0.0263888631016016
16209.0,0.0,0.03761137276887894
16210.0,1.0,0.43704754114151
16211.0,0.0,0.023922305554151535
16212.0,0.0,0.010333484970033169
16213.0,0.0,0.025873281061649323
16214.0,1.0,0.4426445960998535
16215.0,0.0,0.010836593806743622
16216.0,0.0,0.023616880178451538
16217.0,0.0,0.025771109387278557
16218.0,0.0,0.061627063900232315
16219.0,0.0,0.02854803204536438
16220.0,0.0,0.02544485405087471
16221.0,0.0,0.02526475116610527
16222.0,0.0,0.016435613855719566
16223.0,0.0,0.026122327893972397
16224.0,0.0,0.02544485405087471
16225.0,0.0,0.05708349123597145
16226.0,0.0,0.025005033239722252
16227.0,1.0,0.029037639498710632
16228.0,0.0,0.044331323355436325
16229.0,0.0,0.027234036475419998
16230.0,0.0,0.04019296169281006
16231.0,0.0,0.026744144037365913
16232.0,0.0,0.014891373924911022
16233.0,0.0,0.060072969645261765
16234.0,0.0,0.01607489213347435
16235.0,0.0,0.016435613855719566
16236.0,0.0,0.02236247807741165
16237.0,0.0,0.0013141449308022857
16238.0,1.0,0.4392189085483551
16239.0,0.0,0.0034192120656371117
16240.0,0.0,0.02663862146437168
16241.0,0.0,0.023922305554151535
16242.0,1.0,0.3653699457645416
16243.0,0.0,0.01445102971047163
16244.0,0.0,0.002179960021749139
16245.0,0.0,0.437694787979126
16246.0,0.0,0.029021726921200752
16247.0,0.0,0.03245848789811134
16248.0,0.0,0.022913336753845215
16249.0,0.0,0.017378058284521103
16250.0,0.0,0.039073653519153595
16251.0,0.0,0.02314114384353161
16252.0,0.0,0.016122156754136086
16253.0,0.0,0.015413998626172543
16254.0,0.0,0.024184271693229675
16255.0,0.0,0.026146462187170982
16256.0,0.0,0.023887183517217636
16257.0,0.0,0.017378058284521103
16258.0,1.0,0.027913730591535568
16259.0,0.0,0.031205356121063232
16260.0,0.0,0.023721186444163322
16261.0,0.0,0.02445853315293789
16262.0,0.0,0.025771109387278557
16263.0,0.0,0.027001334354281425
16264.0,0.0,0.00330717652104795
16265.0,0.0,0.025873281061649323
16266.0,0.0,0.04614757001399994
16267.0,0.0,0.023887183517217636
16268.0,0.0,0.023887183517217636
16269.0,0.0,0.42840272188186646
16270.0,0.0,0.0030394874047487974
16271.0,0.0,0.01722889207303524
16272.0,0.0,0.025229530408978462
16273.0,0.0,0.02663862146437168
16274.0,0.0,0.06175331398844719
16275.0,0.0,0.017336970195174217
16276.0,0.0,0.0013462231727316976
16277.0,0.0,0.0012283599935472012
16278.0,0.0,0.01506237406283617
16279.0,0.0,0.016994355246424675
16280.0,0.0,0.02236247807741165
16281.0,0.0,0.02660154178738594
16282.0,0.0,0.024970166385173798
16283.0,0.0,0.014891373924911022
16284.0,0.0,0.023636609315872192
16285.0,0.0,0.025771109387278557
16286.0,0.0,0.0013608243316411972
16287.0,0.0,0.011426706798374653
16288.0,0.0,0.017968246713280678
16289.0,0.0,0.015413998626172543
16290.0,0.0,0.024590618908405304
16291.0,0.0,0.026963751763105392
16292.0,0.0,0.02632135897874832
16293.0,0.0,0.025005033239722252
16294.0,0.0,0.0015775627689436078
16295.0,0.0,0.026913220062851906
16296.0,0.0,0.018040908500552177
16297.0,0.0,0.025771109387278557
16298.0,0.0,0.02536497637629509
16299.0,0.0,0.018040908500552177
16300.0,0.0,0.03637295961380005
16301.0,0.0,0.05983950197696686
16302.0,0.0,0.001215613097883761
16303.0,1.0,0.05522727221250534
16304.0,0.0,0.001305232523009181
16305.0,0.0,0.025771109387278557
16306.0,0.0,0.4167942404747009
16307.0,0.0,0.058687351644039154
16308.0,0.0,0.025873281061649323
16309.0,0.0,0.02314114384353161
16310.0,0.0,0.0015091396635398269
16311.0,0.0,0.026122327893972397
16312.0,0.0,0.0182296484708786
16313.0,0.0,0.011444635689258575
16314.0,0.0,0.025651903823018074
16315.0,0.0,0.02317703142762184
16316.0,0.0,0.025593344122171402
16317.0,0.0,0.05623804032802582
16318.0,0.0,0.024717602878808975
16319.0,0.0,0.025005033239722252
16320.0,0.0,0.025545770302414894
16321.0,0.0,0.025873281061649323
16322.0,0.0,0.024906201288104057
16323.0,0.0,0.01092991791665554
16324.0,0.0,0.03844743221998215
16325.0,0.0,0.017378058284521103
16326.0,0.0,0.0015030310023576021
16327.0,0.0,0.015590906143188477
16328.0,0.0,0.024555636569857597
16329.0,0.0,0.017969094216823578
16330.0,0.0,0.015223466791212559
16331.0,0.0,0.02481570467352867
16332.0,0.0,0.02504478208720684
16333.0,0.0,0.027341853827238083
16334.0,0.0,0.039073653519153595
16335.0,0.0,0.024906201288104057
16336.0,0.0,0.027341853827238083
16337.0,0.0,0.025771109387278557
16338.0,0.0,0.012085461057722569
16339.0,0.0,0.02628469653427601
16340.0,0.0,0.02314114384353161
16341.0,0.0,0.02628469653427601
16342.0,0.0,0.0014401210937649012
16343.0,0.0,0.06388740986585617
16344.0,0.0,0.025771109387278557
16345.0,0.0,0.05522727221250534
16346.0,0.0,0.024555636569857597
16347.0,0.0,0.04536348581314087
16348.0,0.0,0.015878908336162567
16349.0,0.0,0.027234036475419998
16350.0,0.0,0.43061134219169617
16351.0,0.0,0.025771109387278557
16352.0,0.0,0.0014566865283995867
16353.0,0.0,0.01646127924323082
16354.0,0.0,0.017203858122229576
16355.0,0.0,0.0012720894301310182
16356.0,0.0,0.027234036475419998
16357.0,0.0,0.028508367016911507
16358.0,0.0,0.023697391152381897
16359.0,0.0,0.02532712183892727
16360.0,0.0,0.01707693375647068
16361.0,0.0,0.025873281061649323
16362.0,0.0,0.016622358933091164
16363.0,0.0,0.02314114384353161
16364.0,0.0,0.02632135897874832
16365.0,0.0,0.056397695094347
16366.0,0.0,0.02398207224905491
16367.0,1.0,0.43125638365745544
16368.0,0.0,0.025771109387278557
16369.0,0.0,0.015413998626172543
16370.0,0.0,0.023887183517217636
16371.0,0.0,0.023568198084831238
16372.0,0.0,0.0242068562656641
16373.0,0.0,0.024871468544006348
16374.0,0.0,0.03637295961380005
16375.0,0.0,0.02236247807741165
16376.0,0.0,0.017969094216823578
16377.0,0.0,0.0013865068322047591
16378.0,0.0,0.02632135897874832
16379.0,1.0,0.025771109387278557
16380.0,0.0,0.025771109387278557
16381.0,0.0,0.027424313127994537
16382.0,0.0,0.022650837898254395
16383.0,0.0,0.025771109387278557
16384.0,0.0,0.05915085971355438
16385.0,0.0,0.026301685720682144
16386.0,0.0,0.024556316435337067
16387.0,0.0,0.025545770302414894
16388.0,0.0,0.018040908500552177
16389.0,0.0,0.016766361892223358
16390.0,0.0,0.029163094237446785
16391.0,0.0,0.04332609102129936
16392.0,0.0,0.02632135897874832
16393.0,0.0,0.05795514956116676
16394.0,1.0,0.4122503101825714
16395.0,0.0,0.025005033239722252
16396.0,0.0,0.0271451435983181
16397.0,0.0,0.022847406566143036
16398.0,0.0,0.02361888997256756
16399.0,0.0,0.01574668474495411
16400.0,0.0,0.025873281061649323
16401.0,0.0,0.022451452910900116
16402.0,0.0,0.025771109387278557
16403.0,0.0,0.02061801590025425
16404.0,0.0,0.022331207990646362
16405.0,0.0,0.003142543137073517
16406.0,0.0,0.025771109387278557
16407.0,0.0,0.018040908500552177
16408.0,0.0,0.024717602878808975
16409.0,0.0,0.023636609315872192
16410.0,0.0,0.017969094216823578
16411.0,0.0,0.0246882326900959
16412.0,0.0,0.0015030310023576021
16413.0,0.0,0.015413998626172543
16414.0,0.0,0.05907125025987625
16415.0,0.0,0.025771109387278557
16416.0,0.0,0.023616880178451538
16417.0,0.0,0.06484632194042206
16418.0,0.0,0.010952994227409363
16419.0,0.0,0.42605772614479065
16420.0,0.0,0.015413998626172543
16421.0,0.0,0.024906201288104057
16422.0,0.0,0.0035406588576734066
16423.0,0.0,0.022047515958547592
16424.0,0.0,0.04420370236039162
16425.0,1.0,0.4392189085483551
16426.0,0.0,0.02323314920067787
16427.0,0.0,0.023096319288015366
16428.0,0.0,0.014430656097829342
16429.0,0.0,0.022331207990646362
16430.0,0.0,0.017228078097105026
16431.0,0.0,0.045546893030405045
16432.0,0.0,0.024717602878808975
16433.0,0.0,0.02481570467352867
16434.0,1.0,0.436289519071579
16435.0,0.0,0.024970166385173798
16436.0,0.0,0.027128420770168304
16437.0,0.0,0.0014401210937649012
16438.0,0.0,0.02236247807741165
16439.0,0.0,0.022847406566143036
16440.0,0.0,0.058760810643434525
16441.0,1.0,0.5067315101623535
16442.0,0.0,0.4392189085483551
16443.0,1.0,0.8353279232978821
16444.0,0.0,0.0034886039793491364
16445.0,0.0,0.038059405982494354
16446.0,0.0,0.058220189064741135
16447.0,0.0,0.014777462929487228
16448.0,0.0,0.06081767380237579
16449.0,0.0,0.025743823498487473
16450.0,0.0,0.022685261443257332
16451.0,0.0,0.011018500663340092
16452.0,1.0,0.4907330572605133
16453.0,0.0,0.01685047335922718
16454.0,0.0,0.025771109387278557
16455.0,0.0,0.03755959868431091
16456.0,0.0,0.0031891600228846073
16457.0,0.0,0.023474901914596558
16458.0,0.0,0.015223466791212559
16459.0,1.0,0.4342096447944641
16460.0,0.0,0.024717602878808975
16461.0,0.0,0.017739813774824142
16462.0,0.0,0.02440434880554676
16463.0,0.0,0.039917442947626114
16464.0,0.0,0.027001334354281425
16465.0,0.0,0.026122327893972397
16466.0,0.0,0.0013714581727981567
16467.0,0.0,0.023875262588262558
16468.0,0.0,0.01678997464478016
16469.0,1.0,0.767020046710968
16470.0,0.0,0.023887183517217636
16471.0,0.0,0.0012720894301310182
16472.0,0.0,0.025873281061649323
16473.0,0.0,0.017969094216823578
16474.0,0.0,0.0262258630245924
16475.0,1.0,0.025873281061649323
16476.0,0.0,0.024433191865682602
16477.0,0.0,0.01133112795650959
16478.0,0.0,0.028917232528328896
16479.0,0.0,0.4532330334186554
16480.0,0.0,0.018215972930192947
16481.0,0.0,0.019746338948607445
16482.0,1.0,0.3513956665992737
16483.0,0.0,0.02544485405087471
16484.0,0.0,0.025873281061649323
16485.0,0.0,0.02628469653427601
16486.0,0.0,0.025771109387278557
16487.0,0.0,0.055597104132175446
16488.0,0.0,0.015413998626172543
16489.0,0.0,0.014891373924911022
16490.0,0.0,0.02307247556746006
16491.0,0.0,0.055122390389442444
16492.0,0.0,0.0013770321384072304
16493.0,0.0,0.026444673538208008
16494.0,0.0,0.050926804542541504
16495.0,0.0,0.04081787168979645
16496.0,0.0,0.015938570722937584
16497.0,0.0,0.023887183517217636
16498.0,0.0,0.015413998626172543
16499.0,0.0,0.017969094216823578
16500.0,0.0,0.02632135897874832
16501.0,0.0,0.030525844544172287
16502.0,0.0,0.02653190866112709
16503.0,0.0,0.025873281061649323
16504.0,0.0,0.042035382241010666
16505.0,0.0,0.33611199259757996
16506.0,0.0,0.027341853827238083
16507.0,0.0,0.024906201288104057
16508.0,0.0,0.025771109387278557
16509.0,0.0,0.025873281061649323
16510.0,0.0,0.018040908500552177
16511.0,1.0,0.42705121636390686
16512.0,0.0,0.025227047502994537
16513.0,0.0,0.025771109387278557
16514.0,0.0,0.05338648334145546
16515.0,0.0,0.02521074190735817
16516.0,0.0,0.0013141449308022857
16517.0,0.0,0.024717602878808975
16518.0,0.0,0.025771109387278557
16519.0,0.0,0.03637295961380005
16520.0,0.0,0.02440434880554676
16521.0,0.0,0.0016403414774686098
16522.0,0.0,0.015413998626172543
16523.0,0.0,0.024717602878808975
16524.0,1.0,0.016529247164726257
16525.0,0.0,0.024906201288104057
16526.0,0.0,0.01614741049706936
16527.0,0.0,0.017257167026400566
16528.0,0.0,0.017969094216823578
16529.0,0.0,0.0007913999725133181
16530.0,0.0,0.014777462929487228
16531.0,0.0,0.35474446415901184
16532.0,1.0,0.43061134219169617
16533.0,0.0,0.023568198084831238
16534.0,0.0,0.02314114384353161
16535.0,0.0,0.0007881945348344743
16536.0,0.0,0.025873281061649323
16537.0,0.0,0.003296883078292012
16538.0,0.0,0.023636609315872192
16539.0,0.0,0.018040908500552177
16540.0,0.0,0.02453019469976425
16541.0,0.0,0.01697045937180519
16542.0,0.0,0.022047515958547592
16543.0,0.0,0.02632135897874832
16544.0,0.0,0.05983950197696686
16545.0,0.0,0.02632135897874832
16546.0,0.0,0.02628469653427601
16547.0,0.0,0.05638376995921135
16548.0,0.0,0.023474901914596558
16549.0,0.0,0.054371703416109085
16550.0,0.0,0.022847406566143036
16551.0,0.0,0.43061134219169617
16552.0,0.0,0.025073513388633728
16553.0,1.0,0.026405904442071915
16554.0,0.0,0.024906201288104057
16555.0,0.0,0.016661789268255234
16556.0,0.0,0.023636609315872192
16557.0,0.0,0.024717602878808975
16558.0,0.0,0.017969094216823578
16559.0,1.0,0.02314114384353161
16560.0,0.0,0.02314114384353161
16561.0,0.0,0.05937730893492699
16562.0,0.0,0.024717602878808975
16563.0,0.0,0.025771109387278557
16564.0,0.0,0.04019296169281006
16565.0,0.0,0.06302212178707123
16566.0,0.0,0.016435613855719566
16567.0,0.0,0.0015030310023576021
16568.0,0.0,0.017378058284521103
16569.0,0.0,0.026141773909330368
16570.0,0.0,0.017969094216823578
16571.0,0.0,0.024906201288104057
16572.0,0.0,0.022166267037391663
16573.0,0.0,0.026425663381814957
16574.0,0.0,0.02663862146437168
16575.0,0.0,0.010575352236628532
16576.0,0.0,0.02532712183892727
16577.0,1.0,0.025873281061649323
16578.0,0.0,0.023922305554151535
16579.0,0.0,0.42605772614479065
16580.0,0.0,0.0014058093074709177
16581.0,1.0,0.023887183517217636
16582.0,0.0,0.4122503101825714
16583.0,1.0,0.02826070226728916
16584.0,0.0,0.02401922084391117
16585.0,0.0,0.058760810643434525
16586.0,0.0,0.015280703082680702
16587.0,0.0,0.4041725695133209
16588.0,0.0,0.02632135897874832
16589.0,0.0,0.022331207990646362
16590.0,0.0,0.06344211101531982
16591.0,0.0,0.015878908336162567
16592.0,0.0,0.039073653519153595
16593.0,0.0,0.03705824166536331
16594.0,0.0,0.02559009939432144
16595.0,0.0,0.023887183517217636
16596.0,0.0,0.017969094216823578
16597.0,0.0,0.023697391152381897
16598.0,0.0,0.0029790604021400213
16599.0,0.0,0.017336970195174217
16600.0,1.0,0.596596896648407
16601.0,0.0,0.0014752917923033237
16602.0,0.0,0.03922908753156662
16603.0,0.0,0.01899777166545391
16604.0,0.0,0.05623804032802582
16605.0,0.0,0.0013770321384072304
16606.0,0.0,0.014243694953620434
16607.0,0.0,0.02632135897874832
16608.0,1.0,0.43061134219169617
16609.0,0.0,0.0179430041462183
16610.0,0.0,0.015878908336162567
16611.0,0.0,0.0014202744932845235
16612.0,0.0,0.014958435669541359
16613.0,0.0,0.0013714581727981567
16614.0,0.0,0.026141773909330368
16615.0,0.0,0.017969094216823578
16616.0,0.0,0.4360010325908661
16617.0,0.0,0.015028689987957478
16618.0,0.0,0.02653190866112709
16619.0,0.0,0.023579120635986328
16620.0,0.0,0.0012720894301310182
16621.0,0.0,0.026141773909330368
16622.0,0.0,0.0013462231727316976
16623.0,0.0,0.025771109387278557
16624.0,0.0,0.016994355246424675
16625.0,0.0,0.0015030310023576021
16626.0,0.0,0.027234036475419998
16627.0,0.0,0.02314114384353161
16628.0,0.0,0.024906201288104057
16629.0,0.0,0.023636609315872192
16630.0,0.0,0.024717602878808975
16631.0,0.0,0.003060255665332079
16632.0,0.0,0.0012266056146472692
16633.0,0.0,0.06512225419282913
16634.0,0.0,0.04383677989244461
16635.0,0.0,0.03220509737730026
16636.0,0.0,0.016435613855719566
16637.0,0.0,0.003194205928593874
16638.0,0.0,0.023922305554151535
16639.0,0.0,0.04239417985081673
16640.0,0.0,0.053454283624887466
16641.0,0.0,0.03922644257545471
16642.0,0.0,0.019073618575930595
16643.0,0.0,0.4532330334186554
16644.0,0.0,0.05855809152126312
16645.0,0.0,0.023853830993175507
16646.0,0.0,0.04614757001399994
16647.0,0.0,0.46526992321014404
16648.0,0.0,0.02398207224905491
16649.0,0.0,0.03823753818869591
16650.0,0.0,0.04056795686483383
16651.0,0.0,0.02663862146437168
16652.0,0.0,0.026141773909330368
16653.0,0.0,0.015413998626172543
16654.0,0.0,0.017997104674577713
16655.0,0.0,0.01584351621568203
16656.0,0.0,0.024906201288104057
16657.0,0.0,0.024906201288104057
16658.0,1.0,0.9956631064414978
16659.0,0.0,0.0012446987675502896
16660.0,0.0,0.0013694989029318094
16661.0,0.0,0.026141773909330368
16662.0,0.0,0.01521681435406208
16663.0,1.0,0.6008943915367126
16664.0,0.0,0.06777822971343994
16665.0,0.0,0.01724102534353733
16666.0,0.0,0.028221415355801582
16667.0,0.0,0.02632135897874832
16668.0,1.0,0.4633311629295349
16669.0,0.0,0.016225576400756836
16670.0,0.0,0.001437790342606604
16671.0,0.0,0.02236247807741165
16672.0,0.0,0.026647988706827164
16673.0,1.0,0.4270581603050232
16674.0,0.0,0.05525912344455719
16675.0,0.0,0.017008891329169273
16676.0,0.0,0.02314114384353161
16677.0,0.0,0.0014202744932845235
16678.0,0.0,0.025771109387278557
16679.0,0.0,0.016121400520205498
16680.0,0.0,0.023853830993175507
16681.0,0.0,0.01635638438165188
16682.0,0.0,0.0033565210178494453
16683.0,0.0,0.025771109387278557
16684.0,0.0,0.024501239880919456
16685.0,0.0,0.40344616770744324
16686.0,0.0,0.025873281061649323
16687.0,0.0,0.02445853315293789
16688.0,0.0,0.025005033239722252
16689.0,0.0,0.05983950197696686
16690.0,1.0,0.025245940312743187
16691.0,0.0,0.02323314920067787
16692.0,0.0,0.016994355246424675
16693.0,0.0,0.03339214250445366
16694.0,1.0,0.06512225419282913
16695.0,0.0,0.027341853827238083
16696.0,0.0,0.02854803204536438
16697.0,1.0,0.43026041984558105
16698.0,0.0,0.02632135897874832
16699.0,0.0,0.02236247807741165
16700.0,0.0,0.03893374651670456
16701.0,1.0,0.4197966754436493
16702.0,0.0,0.026425663381814957
16703.0,0.0,0.025771109387278557
16704.0,0.0,0.023853830993175507
16705.0,0.0,0.01899777166545391
16706.0,0.0,0.05787777155637741
16707.0,0.0,0.025873281061649323
16708.0,0.0,0.003731371136382222
16709.0,0.0,0.01678997464478016
16710.0,0.0,0.05676755681633949
16711.0,0.0,0.025005033239722252
16712.0,0.0,0.053850870579481125
16713.0,0.0,0.04019296169281006
16714.0,0.0,0.022847406566143036
16715.0,0.0,0.05607227236032486
16716.0,0.0,0.014276108704507351
16717.0,0.0,0.022451452910900116
16718.0,0.0,0.019073618575930595
16719.0,0.0,0.024590618908405304
16720.0,0.0,0.014430656097829342
16721.0,0.0,0.02632135897874832
16722.0,0.0,0.024906201288104057
16723.0,0.0,0.02445853315293789
16724.0,0.0,0.025771109387278557
16725.0,0.0,0.03944549709558487
16726.0,0.0,0.0238907840102911
16727.0,0.0,0.062166977673769
16728.0,0.0,0.024906201288104057
16729.0,0.0,0.0014672224642708898
16730.0,1.0,0.4532330334186554
16731.0,0.0,0.031219298020005226
16732.0,0.0,0.037081919610500336
16733.0,0.0,0.0013315248070284724
16734.0,0.0,0.02179497294127941
16735.0,0.0,0.017008891329169273
16736.0,0.0,0.016435613855719566
16737.0,0.0,0.025771109387278557
16738.0,1.0,0.8353279232978821
16739.0,0.0,0.45423975586891174
16740.0,0.0,0.05935477837920189
16741.0,0.0,0.016994355246424675
16742.0,0.0,0.02314114384353161
16743.0,0.0,0.050926804542541504
16744.0,0.0,0.02854803204536438
16745.0,0.0,0.025771109387278557
16746.0,0.0,0.016446709632873535
16747.0,0.0,0.029652222990989685
16748.0,0.0,0.019073618575930595
16749.0,0.0,0.0034886039793491364
16750.0,0.0,0.0263888631016016
16751.0,0.0,0.015878908336162567
16752.0,0.0,0.014223608188331127
16753.0,0.0,0.3513956665992737
16754.0,0.0,0.01575755886733532
16755.0,0.0,0.02236247807741165
16756.0,0.0,0.015467743389308453
16757.0,0.0,0.02440434880554676
16758.0,0.0,0.05190913751721382
16759.0,0.0,0.017378058284521103
16760.0,0.0,0.02814936637878418
16761.0,0.0,0.01646127924323082
16762.0,0.0,0.023853830993175507
16763.0,0.0,0.4360010325908661
16764.0,0.0,0.01704694889485836
16765.0,0.0,0.0014513740316033363
16766.0,0.0,0.05787777155637741
16767.0,0.0,0.01633991301059723
16768.0,0.0,0.027234036475419998
16769.0,0.0,0.0012772607151418924
16770.0,0.0,0.015878908336162567
16771.0,0.0,0.01575755886733532
16772.0,0.0,0.43229568004608154
16773.0,0.0,0.0012283599935472012
16774.0,0.0,0.025771109387278557
16775.0,0.0,0.018040908500552177
16776.0,0.0,0.023887183517217636
16777.0,0.0,0.03513512387871742
16778.0,0.0,0.4392189085483551
16779.0,0.0,0.015979811549186707
16780.0,0.0,0.03513512387871742
16781.0,0.0,0.05846336856484413
16782.0,0.0,0.02314114384353161
16783.0,0.0,0.025245940312743187
16784.0,0.0,0.02521074190735817
16785.0,0.0,0.027021421119570732
16786.0,0.0,0.025550583377480507
16787.0,0.0,0.009745092131197453
16788.0,0.0,0.02061801590025425
16789.0,0.0,0.025873281061649323
16790.0,0.0,0.025873281061649323
16791.0,0.0,0.0262258630245924
16792.0,0.0,0.01562632992863655
16793.0,0.0,0.02361888997256756
16794.0,0.0,0.06021404266357422
16795.0,0.0,0.030054710805416107
16796.0,0.0,0.023636609315872192
16797.0,0.0,0.025873281061649323
16798.0,1.0,0.41751599311828613
16799.0,0.0,0.02632135897874832
16800.0,0.0,0.014700775034725666
16801.0,0.0,0.025801602751016617
16802.0,0.0,0.025771109387278557
16803.0,1.0,0.023636609315872192
16804.0,0.0,0.03710935637354851
16805.0,0.0,0.018040908500552177
16806.0,0.0,0.02624538727104664
16807.0,0.0,0.05990281701087952
16808.0,0.0,0.024906201288104057
16809.0,0.0,0.027021421119570732
16810.0,0.0,0.0178373996168375
16811.0,0.0,0.024906201288104057
16812.0,0.0,0.0013714581727981567
16813.0,0.0,0.02381543442606926
16814.0,0.0,0.025771109387278557
16815.0,0.0,0.06113040819764137
16816.0,0.0,0.025771109387278557
16817.0,0.0,0.02481570467352867
16818.0,0.0,0.015413998626172543
16819.0,0.0,0.016435613855719566
16820.0,0.0,0.028332654386758804
16821.0,0.0,0.029535578563809395
16822.0,0.0,0.001317504676990211
16823.0,0.0,0.0014909888850525022
16824.0,0.0,0.014777462929487228
16825.0,1.0,0.02544485405087471
16826.0,0.0,0.024717602878808975
16827.0,0.0,0.017739813774824142
16828.0,0.0,0.025771109387278557
16829.0,0.0,0.061310164630413055
16830.0,0.0,0.017094489187002182
16831.0,0.0,0.017969094216823578
16832.0,0.0,0.02360360138118267
16833.0,0.0,0.022420059889554977
16834.0,0.0,0.014891373924911022
16835.0,0.0,0.026744144037365913
16836.0,0.0,0.04041016474366188
16837.0,0.0,0.06021404266357422
16838.0,0.0,0.03769870847463608
16839.0,0.0,0.01899777166545391
16840.0,1.0,0.4392189085483551
16841.0,0.0,0.0015485414769500494
16842.0,0.0,0.03969156742095947
16843.0,0.0,0.02445853315293789
16844.0,0.0,0.02854803204536438
16845.0,0.0,0.06344211101531982
16846.0,0.0,0.022024011239409447
16847.0,0.0,0.0037912451662123203
16848.0,0.0,0.025771109387278557
16849.0,0.0,0.0014513740316033363
16850.0,0.0,0.019661713391542435
16851.0,0.0,0.025073513388633728
16852.0,0.0,0.018040908500552177
16853.0,0.0,0.0012772607151418924
16854.0,0.0,0.03634200617671013
16855.0,0.0,0.029028665274381638
16856.0,0.0,0.46131518483161926
16857.0,0.0,0.0014202744932845235
16858.0,1.0,0.4445684850215912
16859.0,0.0,0.027234036475419998
16860.0,0.0,0.013356479816138744
16861.0,0.0,0.05834890156984329
16862.0,0.0,0.01729780063033104
16863.0,0.0,0.011426706798374653
16864.0,1.0,0.4392189085483551
16865.0,0.0,0.014743927866220474
16866.0,0.0,0.43061134219169617
16867.0,0.0,0.015878908336162567
16868.0,0.0,0.018421942368149757
16869.0,0.0,0.016435613855719566
16870.0,0.0,0.015638090670108795
16871.0,0.0,0.022331207990646362
16872.0,0.0,0.018215972930192947
16873.0,0.0,0.017739813774824142
16874.0,0.0,0.062243763357400894
16875.0,0.0,0.024906201288104057
16876.0,0.0,0.017321906983852386
16877.0,0.0,0.023721186444163322
16878.0,0.0,0.024717602878808975
16879.0,0.0,0.028110241517424583
16880.0,0.0,0.025771109387278557
16881.0,0.0,0.022331207990646362
16882.0,0.0,0.05468479543924332
16883.0,0.0,0.015856554731726646
16884.0,0.0,0.02663862146437168
16885.0,0.0,0.0029243326280266047
16886.0,0.0,0.04041016474366188
16887.0,0.0,0.025873281061649323
16888.0,0.0,0.0550478957593441
16889.0,0.0,0.0013714581727981567
16890.0,0.0,0.06139259412884712
16891.0,0.0,0.06175331398844719
16892.0,0.0,0.015041153877973557
16893.0,0.0,0.02236247807741165
16894.0,0.0,0.47073468565940857
16895.0,0.0,0.0273841954767704
16896.0,0.0,0.44021958112716675
16897.0,0.0,0.05817730352282524
16898.0,0.0,0.0015030310023576021
16899.0,0.0,0.012085461057722569
16900.0,0.0,0.026122327893972397
16901.0,0.0,0.025771109387278557
16902.0,0.0,0.018215972930192947
16903.0,0.0,0.014958435669541359
16904.0,0.0,0.016766361892223358
16905.0,0.0,0.02632135897874832
16906.0,0.0,0.06935068964958191
16907.0,0.0,0.0014202744932845235
16908.0,0.0,0.0015091396635398269
16909.0,0.0,0.03967888653278351
16910.0,0.0,0.0012124227359890938
16911.0,0.0,0.0262258630245924
16912.0,0.0,0.031395986676216125
16913.0,0.0,0.016122156754136086
16914.0,0.0,0.4392189085483551
16915.0,0.0,0.05993499979376793
16916.0,0.0,0.017008891329169273
16917.0,0.0,0.02526475116610527
16918.0,0.0,0.0013160249218344688
16919.0,0.0,0.024590618908405304
16920.0,0.0,0.024590618908405304
16921.0,0.0,0.025550583377480507
16922.0,0.0,0.02358420193195343
16923.0,0.0,0.027234036475419998
16924.0,0.0,0.017969094216823578
16925.0,0.0,0.02314114384353161
16926.0,0.0,0.05795514956116676
16927.0,0.0,0.016622358933091164
16928.0,0.0,0.02628469653427601
16929.0,0.0,0.44283321499824524
16930.0,0.0,0.025771109387278557
16931.0,0.0,0.025771109387278557
16932.0,0.0,0.02663862146437168
16933.0,1.0,0.9778753519058228
16934.0,0.0,0.02902810275554657
16935.0,0.0,0.02632135897874832
16936.0,0.0,0.017739813774824142
16937.0,0.0,0.024906201288104057
16938.0,0.0,0.027234036475419998
16939.0,0.0,0.024255694821476936
16940.0,0.0,0.029163094237446785
16941.0,0.0,0.02663862146437168
16942.0,0.0,0.01629883050918579
16943.0,0.0,0.0385444350540638
16944.0,0.0,0.025245940312743187
16945.0,0.0,0.014061274006962776
16946.0,1.0,0.4616709053516388
16947.0,0.0,0.017474841326475143
16948.0,0.0,0.039073653519153595
16949.0,0.0,0.026744144037365913
16950.0,0.0,0.017969094216823578
16951.0,1.0,0.06329625844955444
16952.0,0.0,0.05848557502031326
16953.0,0.0,0.01857786439359188
16954.0,0.0,0.027234036475419998
16955.0,0.0,0.023887183517217636
16956.0,0.0,0.028110241517424583
16957.0,0.0,0.0244136955589056
16958.0,0.0,0.02895745076239109
16959.0,0.0,0.016121400520205498
16960.0,0.0,0.03774204105138779
16961.0,0.0,0.025873281061649323
16962.0,0.0,0.025005033239722252
16963.0,0.0,0.03343838080763817
16964.0,0.0,0.024717602878808975
16965.0,0.0,0.003526357701048255
16966.0,1.0,0.025005033239722252
16967.0,0.0,0.022847406566143036
16968.0,0.0,0.02826070226728916
16969.0,0.0,0.02709067240357399
16970.0,0.0,0.02445853315293789
16971.0,0.0,0.023420259356498718
16972.0,0.0,0.015878908336162567
16973.0,0.0,0.02481570467352867
16974.0,0.0,0.025245940312743187
16975.0,0.0,0.01830248348414898
16976.0,0.0,0.023922305554151535
16977.0,0.0,0.016435613855719566
16978.0,0.0,0.02323314920067787
16979.0,0.0,0.022331207990646362
16980.0,0.0,0.43061134219169617
16981.0,0.0,0.025873281061649323
16982.0,0.0,0.015916135162115097
16983.0,0.0,0.01707693375647068
16984.0,0.0,0.026425663381814957
16985.0,0.0,0.02526475116610527
16986.0,1.0,0.44021958112716675
16987.0,0.0,0.001952901016920805
16988.0,1.0,0.44283321499824524
16989.0,0.0,0.01575755886733532
16990.0,1.0,0.03969156742095947
16991.0,0.0,0.01575755886733532
16992.0,0.0,0.02826070226728916
16993.0,0.0,0.35456952452659607
16994.0,0.0,0.011426706798374653
16995.0,0.0,0.01507534645497799
16996.0,0.0,0.0012999485479667783
16997.0,0.0,0.06139259412884712
16998.0,0.0,0.017115604132413864
16999.0,1.0,0.8488627672195435
17000.0,0.0,0.024906201288104057
17001.0,0.0,0.05623804032802582
17002.0,0.0,0.02323314920067787
17003.0,0.0,0.025771109387278557
17004.0,0.0,0.015878908336162567
17005.0,0.0,0.027424313127994537
17006.0,0.0,0.06344211101531982
17007.0,0.0,0.01877962052822113
17008.0,0.0,0.023922305554151535
17009.0,0.0,0.0013714581727981567
17010.0,1.0,0.4169633090496063
17011.0,0.0,0.4426445960998535
17012.0,0.0,0.0013770321384072304
17013.0,0.0,0.027913730591535568
17014.0,0.0,0.015280703082680702
17015.0,0.0,0.011022149585187435
17016.0,1.0,0.04019296169281006
17017.0,0.0,0.023474901914596558
17018.0,0.0,0.025771109387278557
17019.0,0.0,0.02348615787923336
17020.0,0.0,0.0014513740316033363
17021.0,0.0,0.02663862146437168
17022.0,1.0,0.025873281061649323
17023.0,0.0,0.42463478446006775
17024.0,1.0,0.029535578563809395
17025.0,0.0,0.024871468544006348
17026.0,0.0,0.011174669489264488
17027.0,0.0,0.06302212178707123
17028.0,0.0,0.0013714581727981567
17029.0,0.0,0.01678997464478016
17030.0,0.0,0.018330127000808716
17031.0,0.0,0.003854418871924281
17032.0,0.0,0.02481570467352867
17033.0,0.0,0.027070535346865654
17034.0,0.0,0.026744144037365913
17035.0,0.0,0.025227047502994537
17036.0,0.0,0.061310164630413055
17037.0,0.0,0.010268616490066051
17038.0,0.0,0.0185039434581995
17039.0,0.0,0.05898585543036461
17040.0,0.0,0.02521074190735817
17041.0,0.0,0.01722889207303524
17042.0,0.0,0.04536348581314087
17043.0,0.0,0.022685261443257332
17044.0,0.0,0.025005033239722252
17045.0,0.0,0.0015775627689436078
17046.0,0.0,0.015590906143188477
17047.0,0.0,0.0014301348710432649
17048.0,0.0,0.010713044553995132
17049.0,0.0,0.015590906143188477
17050.0,0.0,0.06375277787446976
17051.0,0.0,0.025771109387278557
17052.0,0.0,0.026425663381814957
17053.0,0.0,0.44021958112716675
17054.0,0.0,0.02651994675397873
17055.0,0.0,0.010245205834507942
17056.0,0.0,0.02663862146437168
17057.0,0.0,0.027341853827238083
17058.0,0.0,0.03514791652560234
17059.0,0.0,0.023636609315872192
17060.0,0.0,0.025642139837145805
17061.0,0.0,0.016109652817249298
17062.0,0.0,0.01899777166545391
17063.0,0.0,0.015556056052446365
17064.0,0.0,0.02507074922323227
17065.0,0.0,0.01629883050918579
17066.0,0.0,0.027234036475419998
17067.0,0.0,0.02323314920067787
17068.0,0.0,0.025744665414094925
17069.0,0.0,0.024871468544006348
17070.0,0.0,0.06021404266357422
17071.0,0.0,0.027234036475419998
17072.0,0.0,0.016435613855719566
17073.0,0.0,0.06044430285692215
17074.0,0.0,0.038782041519880295
17075.0,0.0,0.022420059889554977
17076.0,1.0,0.4316074550151825
17077.0,0.0,0.025771109387278557
17078.0,0.0,0.026405904442071915
17079.0,0.0,0.0013750650687143207
17080.0,0.0,0.024555636569857597
17081.0,0.0,0.025771109387278557
17082.0,0.0,0.026141773909330368
17083.0,0.0,0.0036034060176461935
17084.0,0.0,0.02608109824359417
17085.0,0.0,0.01575755886733532
17086.0,0.0,0.014777462929487228
17087.0,0.0,0.025005033239722252
17088.0,0.0,0.025771109387278557
17089.0,1.0,0.05607227236032486
17090.0,1.0,0.4452180862426758
17091.0,0.0,0.02544485405087471
17092.0,0.0,0.017336970195174217
17093.0,0.0,0.017969094216823578
17094.0,0.0,0.0012283599935472012
17095.0,0.0,0.02544485405087471
17096.0,1.0,0.4287012219429016
17097.0,0.0,0.022847406566143036
17098.0,0.0,0.060269471257925034
17099.0,0.0,0.025005033239722252
17100.0,0.0,0.43061134219169617
17101.0,0.0,0.022685261443257332
17102.0,0.0,0.02814936637878418
17103.0,0.0,0.05795514956116676
17104.0,0.0,0.029535578563809395
17105.0,0.0,0.01629883050918579
17106.0,0.0,0.01704694889485836
17107.0,0.0,0.023887183517217636
17108.0,0.0,0.02544485405087471
17109.0,0.0,0.04230886325240135
17110.0,0.0,0.0014513740316033363
17111.0,0.0,0.02632135897874832
17112.0,0.0,0.026744144037365913
17113.0,0.0,0.02641528844833374
17114.0,0.0,0.02361888997256756
17115.0,0.0,0.06461544334888458
17116.0,1.0,0.4270581603050232
17117.0,0.0,0.024871468544006348
17118.0,0.0,0.016661789268255234
17119.0,0.0,0.023948587477207184
17120.0,0.0,0.025771109387278557
17121.0,0.0,0.024717602878808975
17122.0,0.0,0.016674311831593513
17123.0,0.0,0.01678997464478016
17124.0,0.0,0.051726240664720535
17125.0,0.0,0.024501239880919456
17126.0,0.0,0.3275723159313202
17127.0,0.0,0.023948587477207184
17128.0,0.0,0.0014513740316033363
17129.0,0.0,0.4197966754436493
17130.0,0.0,0.05764511972665787
17131.0,0.0,0.014243694953620434
17132.0,0.0,0.055439580231904984
17133.0,0.0,0.025873281061649323
17134.0,0.0,0.02314114384353161
17135.0,0.0,0.05554807558655739
17136.0,0.0,0.025873281061649323
17137.0,0.0,0.023887183517217636
17138.0,0.0,0.0014992556534707546
17139.0,0.0,0.014276108704507351
17140.0,0.0,0.0013808943331241608
17141.0,0.0,0.01629883050918579
17142.0,0.0,0.025771109387278557
17143.0,0.0,0.059325143694877625
17144.0,0.0,0.06175331398844719
17145.0,0.0,0.0014551917556673288
17146.0,1.0,0.45423975586891174
17147.0,0.0,0.029652222990989685
17148.0,0.0,0.0597548745572567
17149.0,0.0,0.040238089859485626
17150.0,0.0,0.02814936637878418
17151.0,0.0,0.02632135897874832
17152.0,1.0,0.05795514956116676
17153.0,0.0,0.024590618908405304
17154.0,0.0,0.04493342712521553
17155.0,0.0,0.024906201288104057
17156.0,0.0,0.06198906525969505
17157.0,0.0,0.00147164985537529
17158.0,0.0,0.0012720894301310182
17159.0,0.0,0.028147684410214424
17160.0,0.0,0.024906201288104057
17161.0,0.0,0.02628469653427601
17162.0,0.0,0.4310002028942108
17163.0,0.0,0.030525844544172287
17164.0,0.0,0.041363924741744995
17165.0,0.0,0.06072279438376427
17166.0,0.0,0.027234036475419998
17167.0,0.0,0.04056795686483383
17168.0,0.0,0.01618671976029873
17169.0,0.0,0.0012266056146472692
17170.0,0.0,0.027234036475419998
17171.0,0.0,0.015277317725121975
17172.0,0.0,0.024906201288104057
17173.0,0.0,0.023730525746941566
17174.0,0.0,0.026706915348768234
17175.0,0.0,0.027234036475419998
17176.0,0.0,0.029535578563809395
17177.0,0.0,0.038059405982494354
17178.0,1.0,0.4090858995914459
17179.0,0.0,0.06021404266357422
17180.0,0.0,0.02632135897874832
17181.0,0.0,0.02521074190735817
17182.0,0.0,0.00331284012645483
17183.0,0.0,0.03516509383916855
17184.0,1.0,0.9962475895881653
17185.0,0.0,0.022685261443257332
17186.0,0.0,0.028221415355801582
17187.0,0.0,0.0014513740316033363
17188.0,0.0,0.025771109387278557
17189.0,0.0,0.014276108704507351
17190.0,0.0,0.025873281061649323
17191.0,0.0,0.011279945261776447
17192.0,0.0,0.027001334354281425
17193.0,0.0,0.023420259356498718
17194.0,0.0,0.02544485405087471
17195.0,0.0,0.024555588141083717
17196.0,0.0,0.0014202744932845235
17197.0,0.0,0.01629883050918579
17198.0,0.0,0.02660154178738594
17199.0,0.0,0.4287012219429016
17200.0,0.0,0.0013842876069247723
17201.0,0.0,0.013825992122292519
17202.0,0.0,0.02663862146437168
17203.0,0.0,0.02314114384353161
17204.0,0.0,0.025005033239722252
17205.0,1.0,0.43061134219169617
17206.0,0.0,0.026301685720682144
17207.0,0.0,0.06139259412884712
17208.0,0.0,0.024871468544006348
17209.0,0.0,0.025245940312743187
17210.0,0.0,0.025005033239722252
17211.0,0.0,0.01899777166545391
17212.0,0.0,0.02314114384353161
17213.0,1.0,0.4360010325908661
17214.0,0.0,0.025771109387278557
17215.0,0.0,0.026122327893972397
17216.0,0.0,0.025771109387278557
17217.0,0.0,0.0013516949256882071
17218.0,0.0,0.02628469653427601
17219.0,0.0,0.06220649182796478
17220.0,0.0,0.016529247164726257
17221.0,0.0,0.024590618908405304
17222.0,0.0,0.02521074190735817
17223.0,0.0,0.04612000286579132
17224.0,0.0,0.016435613855719566
17225.0,0.0,0.05795514956116676
17226.0,0.0,0.0013462231727316976
17227.0,0.0,0.022420059889554977
17228.0,0.0,0.01158476434648037
17229.0,0.0,0.02236247807741165
17230.0,0.0,0.0013160249218344688
17231.0,0.0,0.026719430461525917
17232.0,0.0,0.026425663381814957
17233.0,0.0,0.02547396719455719
17234.0,0.0,0.4287012219429016
17235.0,0.0,0.019502442330121994
17236.0,0.0,0.02323314920067787
17237.0,0.0,0.022685261443257332
17238.0,0.0,0.02624538727104664
17239.0,0.0,0.05848557502031326
17240.0,0.0,0.025771109387278557
17241.0,0.0,0.014243694953620434
17242.0,0.0,0.024906201288104057
17243.0,1.0,0.02544485405087471
17244.0,0.0,0.016936318948864937
17245.0,0.0,0.029283806681632996
17246.0,0.0,0.015413998626172543
17247.0,1.0,0.3335471451282501
17248.0,0.0,0.022420059889554977
17249.0,0.0,0.02207839861512184
17250.0,0.0,0.02880288101732731
17251.0,0.0,0.0013694989029318094
17252.0,0.0,0.016994355246424675
17253.0,0.0,0.015878908336162567
17254.0,0.0,0.01618671976029873
17255.0,0.0,0.027021421119570732
17256.0,0.0,0.04790160432457924
17257.0,0.0,0.025771109387278557
17258.0,0.0,0.01575755886733532
17259.0,0.0,0.015616292133927345
17260.0,0.0,0.024906201288104057
17261.0,0.0,0.023721186444163322
17262.0,0.0,0.025771109387278557
17263.0,0.0,0.014555196277797222
17264.0,1.0,0.05795514956116676
17265.0,0.0,0.029652222990989685
17266.0,0.0,0.024906201288104057
17267.0,0.0,0.01506237406283617
17268.0,0.0,0.028110241517424583
17269.0,0.0,0.027341853827238083
17270.0,0.0,0.02624538727104664
17271.0,0.0,0.0012999485479667783
17272.0,0.0,0.027234036475419998
17273.0,0.0,0.016777299344539642
17274.0,0.0,0.016122156754136086
17275.0,0.0,0.02826070226728916
17276.0,0.0,0.023853830993175507
17277.0,0.0,0.016097549349069595
17278.0,0.0,0.06344211101531982
17279.0,0.0,0.024231432005763054
17280.0,1.0,0.025771109387278557
17281.0,0.0,0.019941624253988266
17282.0,0.0,0.02663862146437168
17283.0,0.0,0.010713044553995132
17284.0,0.0,0.024906201288104057
17285.0,0.0,0.06021404266357422
17286.0,0.0,0.0015030310023576021
17287.0,0.0,0.03716238588094711
17288.0,1.0,0.3513956665992737
17289.0,0.0,0.016435613855719566
17290.0,0.0,0.04041016474366188
17291.0,0.0,0.025005033239722252
17292.0,0.0,0.04189734533429146
17293.0,0.0,0.035130035132169724
17294.0,0.0,0.01704694889485836
17295.0,0.0,0.02885267697274685
17296.0,0.0,0.02544485405087471
17297.0,0.0,0.025873281061649323
17298.0,0.0,0.024906201288104057
17299.0,0.0,0.010441720485687256
17300.0,0.0,0.027480565011501312
17301.0,0.0,0.02207839861512184
17302.0,0.0,0.02544485405087471
17303.0,0.0,0.02445853315293789
17304.0,0.0,0.022047515958547592
17305.0,0.0,0.025771109387278557
17306.0,0.0,0.024717602878808975
17307.0,0.0,0.01899777166545391
17308.0,1.0,0.47445109486579895
17309.0,0.0,0.023887183517217636
17310.0,0.0,0.011426706798374653
17311.0,0.0,0.016097549349069595
17312.0,0.0,0.02632135897874832
17313.0,0.0,0.025873281061649323
17314.0,0.0,0.02663862146437168
17315.0,0.0,0.0012772607151418924
17316.0,0.0,0.0636674016714096
17317.0,0.0,0.015878908336162567
17318.0,0.0,0.3523220121860504
17319.0,0.0,0.02398207224905491
17320.0,0.0,0.04493342712521553
17321.0,0.0,0.02536497637629509
17322.0,0.0,0.02544485405087471
17323.0,0.0,0.03833799064159393
17324.0,0.0,0.003251102054491639
17325.0,0.0,0.024906201288104057
17326.0,1.0,0.5956190228462219
17327.0,0.0,0.015444842167198658
17328.0,0.0,0.0246882326900959
17329.0,0.0,0.035236213356256485
17330.0,0.0,0.024871468544006348
17331.0,0.0,0.34842145442962646
17332.0,1.0,0.4445684850215912
17333.0,1.0,0.05638376995921135
17334.0,0.0,0.02236247807741165
17335.0,0.0,0.02544485405087471
17336.0,0.0,0.4445684850215912
17337.0,0.0,0.0037342156283557415
17338.0,0.0,0.015938570722937584
17339.0,0.0,0.0014202744932845235
17340.0,0.0,0.024906201288104057
17341.0,0.0,0.014777462929487228
17342.0,1.0,0.4090858995914459
17343.0,0.0,0.02628469653427601
17344.0,0.0,0.02361888997256756
17345.0,0.0,0.024906201288104057
17346.0,0.0,0.04192513972520828
17347.0,0.0,0.0032576294615864754
17348.0,0.0,0.025771109387278557
17349.0,0.0,0.02534790337085724
17350.0,0.0,0.024906201288104057
17351.0,0.0,0.037497278302907944
17352.0,0.0,0.025771109387278557
17353.0,0.0,0.01629883050918579
17354.0,1.0,0.40344616770744324
17355.0,0.0,0.028110241517424583
17356.0,0.0,0.02632135897874832
17357.0,0.0,0.025771109387278557
17358.0,0.0,0.01575755886733532
17359.0,0.0,0.02632135897874832
17360.0,0.0,0.02314114384353161
17361.0,0.0,0.02663862146437168
17362.0,0.0,0.025771109387278557
17363.0,0.0,0.01521681435406208
17364.0,0.0,0.02544485405087471
17365.0,0.0,0.07076703011989594
17366.0,0.0,0.014243694953620434
17367.0,1.0,0.44283321499824524
17368.0,0.0,0.02663862146437168
17369.0,0.0,0.024909960106015205
17370.0,0.0,0.14669319987297058
17371.0,0.0,0.029535578563809395
17372.0,0.0,0.02632135897874832
17373.0,0.0,0.02236247807741165
17374.0,0.0,0.01829373836517334
17375.0,0.0,0.029278311878442764
17376.0,0.0,0.026122327893972397
17377.0,0.0,0.02544485405087471
17378.0,0.0,0.024906201288104057
17379.0,0.0,0.0014572733780369163
17380.0,0.0,0.030146073549985886
17381.0,0.0,0.02628469653427601
17382.0,1.0,0.015878908336162567
17383.0,1.0,0.4443788528442383
17384.0,0.0,0.004231642000377178
17385.0,0.0,0.02761426754295826
17386.0,0.0,0.024556316435337067
17387.0,0.0,0.023948587477207184
17388.0,0.0,0.0013462231727316976
17389.0,0.0,0.014243694953620434
17390.0,0.0,0.030143672600388527
17391.0,0.0,0.05834890156984329
17392.0,0.0,0.014276108704507351
17393.0,0.0,0.025283005088567734
17394.0,0.0,0.024906201288104057
17395.0,0.0,0.025771109387278557
17396.0,0.0,0.01886281929910183
17397.0,1.0,0.06582305580377579
17398.0,0.0,0.05795514956116676
17399.0,0.0,0.024871468544006348
17400.0,0.0,0.026122327893972397
17401.0,0.0,0.015107985585927963
17402.0,0.0,0.024906201288104057
17403.0,0.0,0.03634200617671013
17404.0,0.0,0.06721670180559158
17405.0,0.0,0.014276108704507351
17406.0,0.0,0.016435613855719566
17407.0,0.0,0.001488251960836351
17408.0,0.0,0.058945007622241974
17409.0,0.0,0.024906201288104057
17410.0,0.0,0.05552496388554573
17411.0,0.0,0.04006208851933479
17412.0,0.0,0.04046642780303955
17413.0,0.0,0.4287012219429016
17414.0,0.0,0.024717602878808975
17415.0,0.0,0.012085461057722569
17416.0,0.0,0.026405904442071915
17417.0,0.0,0.025873281061649323
17418.0,0.0,0.0663568452000618
17419.0,0.0,0.022420059889554977
17420.0,0.0,0.05522727221250534
17421.0,0.0,0.04945512115955353
17422.0,0.0,0.017969094216823578
17423.0,0.0,0.0012720894301310182
17424.0,1.0,0.016109652817249298
17425.0,0.0,0.029136408120393753
17426.0,0.0,0.02314114384353161
17427.0,0.0,0.02465379238128662
17428.0,0.0,0.23806510865688324
17429.0,0.0,0.015638090670108795
17430.0,0.0,0.01687617413699627
17431.0,0.0,0.0016125161200761795
17432.0,0.0,0.01840336248278618
17433.0,1.0,0.4392189085483551
17434.0,0.0,0.05826232582330704
17435.0,0.0,0.0013912387657910585
17436.0,0.0,0.024970166385173798
17437.0,0.0,0.026122327893972397
17438.0,0.0,0.0032576294615864754
17439.0,0.0,0.015878908336162567
17440.0,0.0,0.4392189085483551
17441.0,0.0,0.009745092131197453
17442.0,0.0,0.014743927866220474
17443.0,0.0,0.059759028255939484
17444.0,0.0,0.35456952452659607
17445.0,0.0,0.06204981729388237
17446.0,0.0,0.025771109387278557
17447.0,0.0,0.015556056052446365
17448.0,0.0,0.025383293628692627
17449.0,0.0,0.026744144037365913
17450.0,0.0,0.01678997464478016
17451.0,0.0,0.027234036475419998
17452.0,0.0,0.02628469653427601
17453.0,0.0,0.02348773367702961
17454.0,0.0,0.02632135897874832
17455.0,0.0,0.001987904543057084
17456.0,0.0,0.025771109387278557
17457.0,0.0,0.040361188352108
17458.0,0.0,0.9293532371520996
17459.0,0.0,0.023636609315872192
17460.0,0.0,0.021220382302999496
17461.0,0.0,0.4532330334186554
17462.0,0.0,0.025771109387278557
17463.0,0.0,0.0246882326900959
17464.0,0.0,0.02481570467352867
17465.0,0.0,0.01158476434648037
17466.0,0.0,0.05834890156984329
17467.0,0.0,0.05812613666057587
17468.0,0.0,0.00159203982912004
17469.0,0.0,0.015938570722937584
17470.0,0.0,0.016994355246424675
17471.0,0.0,0.02465379238128662
17472.0,0.0,0.026744144037365913
17473.0,0.0,0.027234036475419998
17474.0,0.0,0.015553967095911503
17475.0,0.0,0.06220649182796478
17476.0,0.0,0.027341853827238083
17477.0,0.0,0.025873281061649323
17478.0,1.0,0.9706440567970276
17479.0,0.0,0.025771109387278557
17480.0,0.0,0.015711095184087753
17481.0,0.0,0.0012970002135261893
17482.0,0.0,0.42705121636390686
17483.0,0.0,0.05538422241806984
17484.0,0.0,0.02504478208720684
17485.0,0.0,0.031205356121063232
17486.0,0.0,0.024717602878808975
17487.0,1.0,0.01092991791665554
17488.0,0.0,0.4287012219429016
17489.0,0.0,0.05998348444700241
17490.0,0.0,0.02314114384353161
17491.0,0.0,0.03513512387871742
17492.0,0.0,0.027341853827238083
17493.0,1.0,0.026301685720682144
17494.0,0.0,0.01899777166545391
17495.0,0.0,0.0014459739904850721
17496.0,0.0,0.022847406566143036
17497.0,0.0,0.35474446415901184
17498.0,0.0,0.024906201288104057
17499.0,0.0,0.03343838080763817
17500.0,0.0,0.01899777166545391
17501.0,0.0,0.027234036475419998
17502.0,0.0,0.023922305554151535
17503.0,0.0,0.010200626216828823
17504.0,0.0,0.014743927866220474
17505.0,0.0,0.02660154178738594
17506.0,0.0,0.0014959060354158282
17507.0,1.0,0.5059376955032349
17508.0,0.0,0.02544485405087471
17509.0,0.0,0.01158476434648037
17510.0,0.0,0.02624538727104664
17511.0,0.0,0.0012283599935472012
17512.0,0.0,0.029278311878442764
17513.0,0.0,0.025771109387278557
17514.0,0.0,0.04095249995589256
17515.0,0.0,0.02606891840696335
17516.0,0.0,0.022576697170734406
17517.0,0.0,0.0009482815512456
17518.0,0.0,0.0013516949256882071
17519.0,0.0,0.025771109387278557
17520.0,0.0,0.02632135897874832
17521.0,1.0,0.4522433280944824
17522.0,0.0,0.014621013775467873
17523.0,0.0,0.0015775627689436078
17524.0,0.0,0.014743927866220474
17525.0,0.0,0.03893374651670456
17526.0,0.0,0.02323314920067787
17527.0,0.0,0.06722301989793777
17528.0,0.0,0.02814936637878418
17529.0,0.0,0.0014202744932845235
17530.0,0.0,0.02236247807741165
17531.0,0.0,0.024906201288104057
17532.0,0.0,0.05902445688843727
17533.0,0.0,0.01133112795650959
17534.0,0.0,0.0013141449308022857
17535.0,0.0,0.02628469653427601
17536.0,0.0,0.022331207990646362
17537.0,0.0,0.023636609315872192
17538.0,0.0,0.026141773909330368
17539.0,0.0,0.02314114384353161
17540.0,0.0,0.024717602878808975
17541.0,0.0,0.016435613855719566
17542.0,0.0,0.0018936330452561378
17543.0,0.0,0.018475759774446487
17544.0,0.0,0.05257376283407211
17545.0,0.0,0.025550583377480507
17546.0,0.0,0.0013694989029318094
17547.0,0.0,0.014276108704507351
17548.0,0.0,0.02526475116610527
17549.0,0.0,0.0013714581727981567
17550.0,0.0,0.025873281061649323
17551.0,0.0,0.022331207990646362
17552.0,0.0,0.016435613855719566
17553.0,0.0,0.027001334354281425
17554.0,0.0,0.02314114384353161
17555.0,0.0,0.022847406566143036
17556.0,0.0,0.024906201288104057
17557.0,0.0,0.003088162047788501
17558.0,0.0,0.058220189064741135
17559.0,0.0,0.024906201288104057
17560.0,0.0,0.02632135897874832
17561.0,1.0,0.02445853315293789
17562.0,0.0,0.05915085971355438
17563.0,0.0,0.06044430285692215
17564.0,0.0,0.039917442947626114
17565.0,0.0,0.024871468544006348
17566.0,0.0,0.025873281061649323
17567.0,0.0,0.017969094216823578
17568.0,0.0,0.0017219941364601254
17569.0,0.0,0.011426706798374653
17570.0,0.0,0.025771109387278557
17571.0,0.0,0.028110241517424583
17572.0,0.0,0.02814936637878418
17573.0,0.0,0.025073513388633728
17574.0,0.0,0.025873281061649323
17575.0,0.0,0.022847406566143036
17576.0,0.0,0.0012720894301310182
17577.0,0.0,0.0033565210178494453
17578.0,0.0,0.015878908336162567
17579.0,0.0,0.024717602878808975
17580.0,0.0,0.0013906233943998814
17581.0,1.0,0.025771109387278557
17582.0,0.0,0.02314114384353161
17583.0,0.0,0.0014260467141866684
17584.0,0.0,0.02236247807741165
17585.0,0.0,0.0036034060176461935
17586.0,0.0,0.02314114384353161
17587.0,0.0,0.016777299344539642
17588.0,0.0,0.03773069381713867
17589.0,0.0,0.02412227913737297
17590.0,0.0,0.04283391684293747
17591.0,0.0,0.026122327893972397
17592.0,0.0,0.4270581603050232
17593.0,0.0,0.024906201288104057
17594.0,0.0,0.0016577912028878927
17595.0,0.0,0.05607227236032486
17596.0,0.0,0.026744144037365913
17597.0,0.0,0.0774371474981308
17598.0,0.0,0.025873281061649323
17599.0,0.0,0.0014513740316033363
17600.0,1.0,0.9936758875846863
17601.0,0.0,0.0014075487852096558
17602.0,0.0,0.0014693202683702111
17603.0,0.0,0.015050983056426048
17604.0,0.0,0.024717602878808975
17605.0,0.0,0.017378058284521103
17606.0,0.0,0.027341853827238083
17607.0,0.0,0.01830248348414898
17608.0,0.0,0.0012999485479667783
17609.0,0.0,0.05741441249847412
17610.0,0.0,0.024590618908405304
17611.0,0.0,0.02663862146437168
17612.0,0.0,0.02663862146437168
17613.0,0.0,0.04266770929098129
17614.0,0.0,0.02236247807741165
17615.0,0.0,0.02663862146437168
17616.0,0.0,0.015724515542387962
17617.0,0.0,0.02624538727104664
17618.0,0.0,0.036819301545619965
17619.0,0.0,0.0013714581727981567
17620.0,0.0,0.025771109387278557
17621.0,0.0,0.015202022157609463
17622.0,0.0,0.02445853315293789
17623.0,0.0,0.0013462231727316976
17624.0,0.0,0.027234036475419998
17625.0,0.0,0.02360360138118267
17626.0,0.0,0.017969094216823578
17627.0,0.0,0.027234036475419998
17628.0,0.0,0.015916068106889725
17629.0,0.0,0.025550583377480507
17630.0,0.0,0.02608109824359417
17631.0,0.0,0.12836472690105438
17632.0,0.0,0.02653190866112709
17633.0,0.0,0.024590618908405304
17634.0,0.0,0.024871468544006348
17635.0,0.0,0.025771109387278557
17636.0,0.0,0.02395937219262123
17637.0,0.0,0.02314114384353161
17638.0,0.0,0.01729780063033104
17639.0,0.0,0.02314114384353161
17640.0,0.0,0.0014572733780369163
17641.0,0.0,0.059674497693777084
17642.0,0.0,0.024906201288104057
17643.0,1.0,0.43402186036109924
17644.0,0.0,0.023922305554151535
17645.0,0.0,0.024906201288104057
17646.0,0.0,0.024555588141083717
17647.0,0.0,0.024590618908405304
17648.0,1.0,0.42550188302993774
17649.0,0.0,0.025227047502994537
17650.0,0.0,0.001488251960836351
17651.0,0.0,0.02314114384353161
17652.0,0.0,0.039073653519153595
17653.0,0.0,0.014992437325417995
17654.0,0.0,0.02544485405087471
17655.0,0.0,0.014777462929487228
17656.0,0.0,0.003128680167719722
17657.0,1.0,0.4237212538719177
17658.0,0.0,0.045390501618385315
17659.0,0.0,0.015675872564315796
17660.0,0.0,0.029535578563809395
17661.0,0.0,0.025771109387278557
17662.0,0.0,0.05741441249847412
17663.0,0.0,0.025771109387278557
17664.0,0.0,0.027001334354281425
17665.0,0.0,0.0013608243316411972
17666.0,0.0,0.015878908336162567
17667.0,0.0,0.0014693202683702111
17668.0,0.0,0.0013608243316411972
17669.0,0.0,0.024906201288104057
17670.0,0.0,0.025771109387278557
17671.0,0.0,0.022938264533877373
17672.0,0.0,0.02314114384353161
17673.0,0.0,0.01158476434648037
17674.0,0.0,0.024906201288104057
17675.0,0.0,0.017969094216823578
17676.0,1.0,0.42605772614479065
17677.0,0.0,0.0012106910580769181
17678.0,0.0,0.017969094216823578
17679.0,0.0,0.024555636569857597
17680.0,0.0,0.024590618908405304
17681.0,1.0,0.4264950752258301
17682.0,0.0,0.03761137276887894
17683.0,0.0,0.018040908500552177
17684.0,0.0,0.8057058453559875
17685.0,0.0,0.04972339794039726
17686.0,0.0,0.03508663550019264
17687.0,0.0,0.23497061431407928
17688.0,0.0,0.0013080606004223228
17689.0,0.0,0.015223466791212559
17690.0,0.0,0.025771109387278557
17691.0,0.0,0.016435613855719566
17692.0,0.0,0.02519186958670616
17693.0,0.0,0.023887183517217636
17694.0,0.0,0.02632135897874832
17695.0,0.0,0.025005033239722252
17696.0,0.0,0.0012283599935472012
17697.0,0.0,0.016936318948864937
17698.0,0.0,0.028110241517424583
17699.0,0.0,0.01722889207303524
17700.0,0.0,0.025771109387278557
17701.0,0.0,0.017290344461798668
17702.0,0.0,0.025873281061649323
17703.0,0.0,0.025771109387278557
17704.0,0.0,0.026141773909330368
17705.0,0.0,0.02663862146437168
17706.0,0.0,0.0690503939986229
17707.0,1.0,0.02361888997256756
17708.0,0.0,0.0014502613339573145
17709.0,0.0,0.023922305554151535
17710.0,0.0,0.05834890156984329
17711.0,1.0,0.05902445688843727
17712.0,0.0,0.059498436748981476
17713.0,0.0,0.019073618575930595
17714.0,0.0,0.011426706798374653
17715.0,0.0,0.02526475116610527
17716.0,0.0,0.02207839861512184
17717.0,0.0,0.029283806681632996
17718.0,0.0,0.8488627672195435
17719.0,0.0,0.4310002028942108
17720.0,0.0,0.001260689808987081
17721.0,0.0,0.023636609315872192
17722.0,0.0,0.02544485405087471
17723.0,0.0,0.025873281061649323
17724.0,0.0,0.03634200617671013
17725.0,0.0,0.02624538727104664
17726.0,0.0,0.026141773909330368
17727.0,1.0,0.4392189085483551
17728.0,0.0,0.022331207990646362
17729.0,0.0,0.01947602443397045
17730.0,1.0,0.4476095139980316
17731.0,0.0,0.07699856162071228
17732.0,0.0,0.0014078195672482252
17733.0,0.0,0.02352619729936123
17734.0,0.0,0.02314114384353161
17735.0,0.0,0.0013663552235811949
17736.0,0.0,0.02854803204536438
17737.0,1.0,0.024906201288104057
17738.0,0.0,0.0012333538616076112
17739.0,0.0,0.016435613855719566
17740.0,0.0,0.03683403134346008
17741.0,0.0,0.031328391283750534
17742.0,0.0,0.02632135897874832
17743.0,0.0,0.0263888631016016
17744.0,0.0,0.014743927866220474
17745.0,0.0,0.02632135897874832
17746.0,0.0,0.04475943744182587
17747.0,0.0,0.062166977673769
17748.0,0.0,0.017115140333771706
17749.0,0.0,0.0263888631016016
17750.0,0.0,0.023616880178451538
17751.0,1.0,0.02641528844833374
17752.0,0.0,0.025771109387278557
17753.0,0.0,0.02358420193195343
17754.0,0.0,0.012085461057722569
17755.0,0.0,0.023887183517217636
17756.0,0.0,0.025245940312743187
17757.0,0.0,0.026301685720682144
17758.0,0.0,0.026141773909330368
17759.0,0.0,0.038782041519880295
17760.0,1.0,0.4370000660419464
17761.0,0.0,0.023887183517217636
17762.0,0.0,0.0028569442220032215
17763.0,0.0,0.016766361892223358
17764.0,0.0,0.024906201288104057
17765.0,0.0,0.025550583377480507
17766.0,0.0,0.02381543442606926
17767.0,0.0,0.0015669619897380471
17768.0,0.0,0.023887183517217636
17769.0,0.0,0.025771109387278557
17770.0,0.0,0.023887183517217636
17771.0,0.0,0.05812613666057587
17772.0,0.0,0.05690331757068634
17773.0,1.0,0.4532330334186554
17774.0,0.0,0.0015202139038592577
17775.0,0.0,0.025771109387278557
17776.0,0.0,0.025771109387278557
17777.0,0.0,0.06344211101531982
17778.0,0.0,0.024871468544006348
17779.0,0.0,0.02632135897874832
17780.0,0.0,0.023853830993175507
17781.0,0.0,0.052573297172784805
17782.0,0.0,0.0014513740316033363
17783.0,0.0,0.01608537882566452
17784.0,0.0,0.025073513388633728
17785.0,0.0,0.025771109387278557
17786.0,0.0,0.4316074550151825
17787.0,0.0,0.02445853315293789
17788.0,0.0,0.024717602878808975
17789.0,0.0,0.014061274006962776
17790.0,0.0,0.02314114384353161
17791.0,0.0,0.027234036475419998
17792.0,0.0,0.024871468544006348
17793.0,0.0,0.0014202744932845235
17794.0,0.0,0.43704754114151
17795.0,0.0,0.038809921592473984
17796.0,0.0,0.039073653519153595
17797.0,0.0,0.4122503101825714
17798.0,0.0,0.019073618575930595
17799.0,0.0,0.05907125025987625
17800.0,0.0,0.02314114384353161
17801.0,0.0,0.014743927866220474
17802.0,0.0,0.015028689987957478
17803.0,0.0,0.01722889207303524
17804.0,0.0,0.02314114384353161
17805.0,0.0,0.014621013775467873
17806.0,0.0,0.001871652901172638
17807.0,0.0,0.04174934700131416
17808.0,0.0,0.4316074550151825
17809.0,0.0,0.02703808806836605
17810.0,0.0,0.010836593806743622
17811.0,0.0,0.027001334354281425
17812.0,0.0,0.06302212178707123
17813.0,0.0,0.0014481904217973351
17814.0,1.0,0.9783385992050171
17815.0,0.0,0.025771109387278557
17816.0,0.0,0.025005033239722252
17817.0,0.0,0.02544485405087471
17818.0,0.0,0.060643456876277924
17819.0,0.0,0.02515551447868347
17820.0,0.0,0.024906201288104057
17821.0,0.0,0.025771109387278557
17822.0,1.0,0.48637649416923523
17823.0,0.0,0.011279945261776447
17824.0,0.0,0.02360360138118267
17825.0,0.0,0.028221415355801582
17826.0,0.0,0.01618671976029873
17827.0,0.0,0.031205356121063232
17828.0,0.0,0.017997104674577713
17829.0,0.0,0.016435613855719566
17830.0,0.0,0.023616880178451538
17831.0,0.0,0.024906201288104057
17832.0,0.0,0.023887183517217636
17833.0,0.0,0.024556316435337067
17834.0,0.0,0.024123454466462135
17835.0,0.0,0.05257376283407211
17836.0,0.0,0.0034812679514288902
17837.0,0.0,0.022331207990646362
17838.0,0.0,0.025771109387278557
17839.0,0.0,0.05826232582330704
17840.0,0.0,0.02314114384353161
17841.0,0.0,0.06722301989793777
17842.0,0.0,0.0030231603886932135
17843.0,0.0,0.0013770321384072304
17844.0,0.0,0.02314114384353161
17845.0,0.0,0.02465379238128662
17846.0,0.0,0.02814936637878418
17847.0,0.0,0.06198906525969505
17848.0,0.0,0.017969094216823578
17849.0,0.0,0.03922644257545471
17850.0,0.0,0.0014202744932845235
17851.0,0.0,0.017115140333771706
17852.0,0.0,0.01618671976029873
17853.0,0.0,0.0013160249218344688
17854.0,0.0,0.015116751194000244
17855.0,0.0,0.04588692635297775
17856.0,0.0,0.015028689987957478
17857.0,0.0,0.022397181019186974
17858.0,1.0,0.4392189085483551
17859.0,0.0,0.025771109387278557
17860.0,0.0,0.027234036475419998
17861.0,0.0,0.02814936637878418
17862.0,0.0,0.05708349123597145
17863.0,0.0,0.4445684850215912
17864.0,1.0,0.4287012219429016
17865.0,0.0,0.024906201288104057
17866.0,0.0,0.024906201288104057
17867.0,0.0,0.0013714581727981567
17868.0,0.0,0.0012772607151418924
17869.0,0.0,0.024906201288104057
17870.0,0.0,0.025283005088567734
17871.0,0.0,0.03634200617671013
17872.0,0.0,0.06536997854709625
17873.0,1.0,0.017115604132413864
17874.0,0.0,0.016446709632873535
17875.0,0.0,0.025771109387278557
17876.0,0.0,0.025873281061649323
17877.0,0.0,0.02445853315293789
17878.0,0.0,0.025771109387278557
17879.0,0.0,0.014297300949692726
17880.0,1.0,0.6291988492012024
17881.0,0.0,0.017378058284521103
17882.0,0.0,0.02323314920067787
17883.0,0.0,0.02618446946144104
17884.0,0.0,0.017968246713280678
17885.0,0.0,0.017378058284521103
17886.0,0.0,0.04354483634233475
17887.0,0.0,0.01740630343556404
17888.0,0.0,0.026122327893972397
17889.0,0.0,0.0013536671176552773
17890.0,0.0,0.016018515452742577
17891.0,1.0,0.02854803204536438
17892.0,0.0,0.015413998626172543
17893.0,0.0,0.027234036475419998
17894.0,0.0,0.017378058284521103
17895.0,0.0,0.06021404266357422
17896.0,0.0,0.023922305554151535
17897.0,0.0,0.04407826438546181
17898.0,0.0,0.016435613855719566
17899.0,0.0,0.0012283599935472012
17900.0,0.0,0.0014202744932845235
17901.0,0.0,0.017378058284521103
17902.0,0.0,0.025771109387278557
17903.0,0.0,0.024590618908405304
17904.0,0.0,0.05066057667136192
17905.0,0.0,0.024906201288104057
17906.0,0.0,0.01899777166545391
17907.0,0.0,0.023948587477207184
17908.0,0.0,0.025873281061649323
17909.0,0.0,0.015878908336162567
17910.0,0.0,0.024717602878808975
17911.0,0.0,0.02544485405087471
17912.0,0.0,0.02854803204536438
17913.0,0.0,0.025771109387278557
17914.0,0.0,0.026032596826553345
17915.0,1.0,0.8482744693756104
17916.0,0.0,0.027341853827238083
17917.0,0.0,0.026963751763105392
17918.0,0.0,0.015116751194000244
17919.0,1.0,0.41323480010032654
17920.0,0.0,0.024906201288104057
17921.0,0.0,0.02663862146437168
17922.0,0.0,0.0012720894301310182
17923.0,0.0,0.03173806518316269
17924.0,0.0,0.0014513740316033363
17925.0,0.0,0.014061274006962776
17926.0,0.0,0.0013486293610185385
17927.0,0.0,0.027234036475419998
17928.0,0.0,0.01704694889485836
17929.0,0.0,0.03611791133880615
17930.0,1.0,0.4465901553630829
17931.0,0.0,0.0008195864502340555
17932.0,0.0,0.02709795907139778
17933.0,0.0,0.0016615756321698427
17934.0,0.0,0.4366953670978546
17935.0,1.0,0.4287012219429016
17936.0,0.0,0.017094489187002182
17937.0,0.0,0.0694330632686615
17938.0,0.0,0.016225576400756836
17939.0,0.0,0.0013608243316411972
17940.0,0.0,0.06722301989793777
17941.0,0.0,0.03516509383916855
17942.0,0.0,0.40442416071891785
17943.0,0.0,0.01678997464478016
17944.0,0.0,0.016994355246424675
17945.0,0.0,0.4338332414627075
17946.0,0.0,0.01722889207303524
17947.0,0.0,0.040349941700696945
17948.0,1.0,0.024906201288104057
17949.0,0.0,0.025550583377480507
17950.0,0.0,0.02641528844833374
17951.0,1.0,0.9531456232070923
17952.0,0.0,0.016661789268255234
17953.0,0.0,0.015116751194000244
17954.0,0.0,0.017969094216823578
17955.0,0.0,0.023922305554151535
17956.0,0.0,0.015085205435752869
17957.0,0.0,0.01629883050918579
17958.0,0.0,0.024717602878808975
17959.0,0.0,0.05795514956116676
17960.0,0.0,0.017378058284521103
17961.0,0.0,0.0014202744932845235
17962.0,0.0,0.025771109387278557
17963.0,0.0,0.02445853315293789
17964.0,0.0,0.015878908336162567
17965.0,0.0,0.02445853315293789
17966.0,0.0,0.4316074550151825
17967.0,0.0,0.024590618908405304
17968.0,0.0,0.016435613855719566
17969.0,0.0,0.025771109387278557
17970.0,0.0,0.001392714912071824
17971.0,0.0,0.024906201288104057
17972.0,0.0,0.025771109387278557
17973.0,0.0,0.025873281061649323
17974.0,0.0,0.017739813774824142
17975.0,0.0,0.02358420193195343
17976.0,0.0,0.0597548745572567
17977.0,0.0,0.024582987651228905
17978.0,0.0,0.02660154178738594
17979.0,1.0,0.4655844569206238
17980.0,0.0,0.02632135897874832
17981.0,0.0,0.017115140333771706
17982.0,0.0,0.01618671976029873
17983.0,0.0,0.04174934700131416
17984.0,0.0,0.023579120635986328
17985.0,0.0,0.015884090214967728
17986.0,0.0,0.017969094216823578
17987.0,1.0,0.014124889858067036
17988.0,0.0,0.013825992122292519
17989.0,0.0,0.02663862146437168
17990.0,0.0,0.02663862146437168
17991.0,0.0,0.015638090670108795
17992.0,0.0,0.027001334354281425
17993.0,0.0,0.01729780063033104
17994.0,0.0,0.028444690629839897
17995.0,0.0,0.05345886945724487
17996.0,0.0,0.025771109387278557
17997.0,0.0,0.02445853315293789
17998.0,0.0,0.0013714581727981567
17999.0,0.0,0.025583310052752495
18000.0,1.0,0.43061134219169617
18001.0,1.0,0.42605772614479065
18002.0,0.0,0.019562629982829094
18003.0,0.0,0.34999603033065796
18004.0,0.0,0.023948587477207184
18005.0,1.0,0.43061134219169617
18006.0,0.0,0.04717712476849556
18007.0,0.0,0.016994355246424675
18008.0,0.0,0.025383293628692627
18009.0,0.0,0.024906201288104057
18010.0,0.0,0.024717602878808975
18011.0,0.0,0.0014752917923033237
18012.0,0.0,0.014777462929487228
18013.0,1.0,0.4445684850215912
18014.0,0.0,0.029535578563809395
18015.0,0.0,0.039414212107658386
18016.0,0.0,0.024871468544006348
18017.0,0.0,0.024871468544006348
18018.0,0.0,0.05795514956116676
18019.0,0.0,0.01629883050918579
18020.0,0.0,0.0013750650687143207
18021.0,0.0,0.06498962640762329
18022.0,0.0,0.026141773909330368
18023.0,0.0,0.0013193896738812327
18024.0,0.0,0.023721186444163322
18025.0,0.0,0.03373396769165993
18026.0,0.0,0.016435613855719566
18027.0,0.0,0.016435613855719566
18028.0,0.0,0.024906201288104057
18029.0,0.0,0.0013160249218344688
18030.0,0.0,0.03637295961380005
18031.0,0.0,0.026481470093131065
18032.0,0.0,0.025545770302414894
18033.0,0.0,0.025545770302414894
18034.0,0.0,0.06839460879564285
18035.0,0.0,0.05998348444700241
18036.0,0.0,0.022775495424866676
18037.0,0.0,0.02360360138118267
18038.0,0.0,0.06021404266357422
18039.0,0.0,0.003296883078292012
18040.0,0.0,0.06139259412884712
18041.0,0.0,0.028148459270596504
18042.0,0.0,0.023887183517217636
18043.0,0.0,0.04114246368408203
18044.0,0.0,0.057245396077632904
18045.0,0.0,0.024017333984375
18046.0,0.0,0.025771109387278557
18047.0,0.0,0.015590906143188477
18048.0,0.0,0.02641528844833374
18049.0,1.0,0.4316074550151825
18050.0,0.0,0.0013714581727981567
18051.0,0.0,0.030525844544172287
18052.0,0.0,0.02651994675397873
18053.0,0.0,0.001394281629472971
18054.0,0.0,0.0014260467141866684
18055.0,0.0,0.025771109387278557
18056.0,0.0,0.015734784305095673
18057.0,0.0,0.06080447882413864
18058.0,0.0,0.06198906525969505
18059.0,0.0,0.05882978439331055
18060.0,0.0,0.024555636569857597
18061.0,0.0,0.003244467545300722
18062.0,0.0,0.023568198084831238
18063.0,0.0,0.02632135897874832
18064.0,1.0,0.022331207990646362
18065.0,1.0,0.42113515734672546
18066.0,0.0,0.025642139837145805
18067.0,0.0,0.0631110668182373
18068.0,0.0,0.015444842167198658
18069.0,0.0,0.022847406566143036
18070.0,0.0,0.027341853827238083
18071.0,0.0,0.015878908336162567
18072.0,0.0,0.4392189085483551
18073.0,0.0,0.02314114384353161
18074.0,0.0,0.027234036475419998
18075.0,0.0,0.059325143694877625
18076.0,0.0,0.02236247807741165
18077.0,0.0,0.0246882326900959
18078.0,0.0,0.4316074550151825
18079.0,0.0,0.02314114384353161
18080.0,0.0,0.01679009385406971
18081.0,0.0,0.0663568452000618
18082.0,0.0,0.47312530875205994
18083.0,0.0,0.0012720894301310182
18084.0,0.0,0.32380878925323486
18085.0,0.0,0.02323314920067787
18086.0,0.0,0.01857786439359188
18087.0,1.0,0.015413998626172543
18088.0,0.0,0.01704694889485836
18089.0,0.0,0.022331207990646362
18090.0,0.0,0.03544563427567482
18091.0,0.0,0.06175331398844719
18092.0,0.0,0.02526475116610527
18093.0,0.0,0.01158476434648037
18094.0,0.0,0.025346089154481888
18095.0,0.0,0.02632135897874832
18096.0,0.0,0.016122156754136086
18097.0,0.0,0.0013608243316411972
18098.0,0.0,0.014870388433337212
18099.0,0.0,0.0263888631016016
18100.0,0.0,0.016994355246424675
18101.0,0.0,0.023636609315872192
18102.0,0.0,0.026301685720682144
18103.0,0.0,0.024327654391527176
18104.0,0.0,0.02628469653427601
18105.0,0.0,0.025771109387278557
18106.0,0.0,0.02348615787923336
18107.0,0.0,0.03950551897287369
18108.0,0.0,0.02826070226728916
18109.0,0.0,0.02632135897874832
18110.0,0.0,0.027234036475419998
18111.0,0.0,0.02628469653427601
18112.0,0.0,0.02323314920067787
18113.0,0.0,0.016435613855719566
18114.0,0.0,0.0246882326900959
18115.0,0.0,0.016435613855719566
18116.0,0.0,0.02331252209842205
18117.0,0.0,0.025771109387278557
18118.0,0.0,0.017115140333771706
18119.0,1.0,0.42740845680236816
18120.0,0.0,0.06290864944458008
18121.0,0.0,0.03517800569534302
18122.0,0.0,0.017352622002363205
18123.0,0.0,0.01722889207303524
18124.0,0.0,0.02481570467352867
18125.0,0.0,0.017228078097105026
18126.0,0.0,0.025073513388633728
18127.0,0.0,0.017478905618190765
18128.0,0.0,0.0014202744932845235
18129.0,0.0,0.016293639317154884
18130.0,0.0,0.00146260648034513
18131.0,0.0,0.018040908500552177
18132.0,0.0,0.024717602878808975
18133.0,0.0,0.42014530301094055
18134.0,0.0,0.03833239525556564
18135.0,0.0,0.017969094216823578
18136.0,0.0,0.026122327893972397
18137.0,0.0,0.03634200617671013
18138.0,0.0,0.010713044553995132
18139.0,0.0,0.023887183517217636
18140.0,0.0,0.024909960106015205
18141.0,0.0,0.06765059381723404
18142.0,0.0,0.0012720894301310182
18143.0,0.0,0.05638376995921135
18144.0,0.0,0.025771109387278557
18145.0,0.0,0.009882061742246151
18146.0,0.0,0.027341853827238083
18147.0,0.0,0.02481570467352867
18148.0,0.0,0.02440434880554676
18149.0,0.0,0.04125974327325821
18150.0,0.0,0.023853830993175507
18151.0,1.0,0.40344616770744324
18152.0,0.0,0.025873281061649323
18153.0,0.0,0.05522727221250534
18154.0,0.0,0.056640829890966415
18155.0,0.0,0.0185039434581995
18156.0,0.0,0.03598108887672424
18157.0,0.0,0.017969094216823578
18158.0,0.0,0.003421159228309989
18159.0,0.0,0.48031777143478394
18160.0,0.0,0.06021404266357422
18161.0,0.0,0.02532961592078209
18162.0,0.0,0.023888908326625824
18163.0,0.0,0.02814936637878418
18164.0,0.0,0.025873281061649323
18165.0,0.0,0.016435613855719566
18166.0,0.0,0.02826070226728916
18167.0,0.0,0.02314114384353161
18168.0,0.0,0.02314114384353161
18169.0,1.0,0.3275723159313202
18170.0,0.0,0.028621075674891472
18171.0,0.0,0.017739813774824142
18172.0,0.0,0.04266770929098129
18173.0,1.0,0.4348311126232147
18174.0,1.0,0.4532330334186554
18175.0,0.0,0.024906201288104057
18176.0,0.0,0.013825992122292519
18177.0,0.0,0.01704694889485836
18178.0,0.0,0.02544485405087471
18179.0,0.0,0.041112322360277176
18180.0,0.0,0.023393183946609497
18181.0,0.0,0.01678997464478016
18182.0,0.0,0.02481570467352867
18183.0,0.0,0.0014202744932845235
18184.0,0.0,0.0014202744932845235
18185.0,0.0,0.0015030310023576021
18186.0,0.0,0.2395450472831726
18187.0,0.0,0.025771109387278557
18188.0,0.0,0.9214271306991577
18189.0,0.0,0.025771109387278557
18190.0,1.0,0.02909594401717186
18191.0,0.0,0.0035982721019536257
18192.0,0.0,0.017378058284521103
18193.0,0.0,0.0014075487852096558
18194.0,0.0,0.06139259412884712
18195.0,0.0,0.014061274006962776
18196.0,0.0,0.025873281061649323
18197.0,0.0,0.02323314920067787
18198.0,0.0,0.0014202744932845235
18199.0,1.0,0.03969156742095947
18200.0,0.0,0.014276108704507351
18201.0,0.0,0.025229530408978462
18202.0,0.0,0.022451452910900116
18203.0,0.0,0.02440434880554676
18204.0,0.0,0.014223608188331127
18205.0,0.0,0.02314114384353161
18206.0,0.0,0.02445853315293789
18207.0,0.0,0.016158010810613632
18208.0,0.0,0.023922305554151535
18209.0,0.0,0.026141773909330368
18210.0,0.0,0.4532330334186554
18211.0,0.0,0.011716638691723347
18212.0,0.0,0.022847406566143036
18213.0,0.0,0.022938264533877373
18214.0,0.0,0.0246882326900959
18215.0,0.0,0.003855479182675481
18216.0,0.0,0.010245205834507942
18217.0,0.0,0.024590618908405304
18218.0,0.0,0.027234036475419998
18219.0,0.0,0.015986574813723564
18220.0,0.0,0.01410497073084116
18221.0,0.0,0.016143593937158585
18222.0,0.0,0.017969094216823578
18223.0,0.0,0.001396275358274579
18224.0,0.0,0.025073513388633728
18225.0,0.0,0.024717602878808975
18226.0,0.0,0.0013663552235811949
18227.0,0.0,0.016435613855719566
18228.0,0.0,0.016674311831593513
18229.0,0.0,0.02445853315293789
18230.0,0.0,0.04094049707055092
18231.0,0.0,0.0033205936197191477
18232.0,0.0,0.016179537400603294
18233.0,0.0,0.06344211101531982
18234.0,0.0,0.02663862146437168
18235.0,0.0,0.017115604132413864
18236.0,0.0,0.02440434880554676
18237.0,1.0,0.31959325075149536
18238.0,0.0,0.0385444350540638
18239.0,0.0,0.023298293352127075
18240.0,0.0,0.024906201288104057
18241.0,0.0,0.018040908500552177
18242.0,0.0,0.023474901914596558
18243.0,0.0,0.017358029261231422
18244.0,0.0,0.0351269505918026
18245.0,0.0,0.02632135897874832
18246.0,0.0,0.01899777166545391
18247.0,0.0,0.025873281061649323
18248.0,0.0,0.01629883050918579
18249.0,0.0,0.059325143694877625
18250.0,0.0,0.024871468544006348
18251.0,0.0,0.023616880178451538
18252.0,0.0,0.024717602878808975
18253.0,0.0,0.025771109387278557
18254.0,0.0,0.022847406566143036
18255.0,1.0,0.8499495983123779
18256.0,0.0,0.024906201288104057
18257.0,0.0,0.025771109387278557
18258.0,0.0,0.05730250105261803
18259.0,0.0,0.01724102534353733
18260.0,0.0,0.03727003559470177
18261.0,0.0,0.05902445688843727
18262.0,0.0,0.02628469653427601
18263.0,0.0,0.016435613855719566
18264.0,0.0,0.026425663381814957
18265.0,0.0,0.024906201288104057
18266.0,0.0,0.024970166385173798
18267.0,0.0,0.023887183517217636
18268.0,0.0,0.015856554731726646
18269.0,0.0,0.03744565322995186
18270.0,0.0,0.027234036475419998
18271.0,0.0,0.05795514956116676
18272.0,1.0,0.024717602878808975
18273.0,0.0,0.05538422241806984
18274.0,0.0,0.025550583377480507
18275.0,0.0,0.0014566865283995867
18276.0,0.0,0.015028689987957478
18277.0,0.0,0.024717602878808975
18278.0,0.0,0.025771109387278557
18279.0,0.0,0.024871468544006348
18280.0,0.0,0.040982529520988464
18281.0,0.0,0.017336970195174217
18282.0,0.0,0.0185039434581995
18283.0,0.0,0.017378058284521103
18284.0,0.0,0.02536497637629509
18285.0,0.0,0.027234036475419998
18286.0,0.0,0.05522727221250534
18287.0,0.0,0.03572660684585571
18288.0,0.0,0.02323314920067787
18289.0,0.0,0.0014075487852096558
18290.0,0.0,0.025545770302414894
18291.0,1.0,0.4392189085483551
18292.0,0.0,0.05538422241806984
18293.0,0.0,0.015590906143188477
18294.0,0.0,0.022331207990646362
18295.0,0.0,0.024906201288104057
18296.0,0.0,0.02481570467352867
18297.0,0.0,0.027234036475419998
18298.0,0.0,0.025718815624713898
18299.0,0.0,0.01899777166545391
18300.0,0.0,0.024556316435337067
18301.0,0.0,0.016661789268255234
18302.0,0.0,0.039172541350126266
18303.0,0.0,0.023296643048524857
18304.0,0.0,0.022451452910900116
18305.0,0.0,0.02481570467352867
18306.0,0.0,0.014555196277797222
18307.0,0.0,0.015916068106889725
18308.0,0.0,0.013825992122292519
18309.0,0.0,0.06175331398844719
18310.0,0.0,0.0014693202683702111
18311.0,0.0,0.016710296273231506
18312.0,0.0,0.02314114384353161
18313.0,0.0,0.025771109387278557
18314.0,0.0,0.06100006029009819
18315.0,0.0,0.025771109387278557
18316.0,0.0,0.06549248099327087
18317.0,0.0,0.023922305554151535
18318.0,0.0,0.025550583377480507
18319.0,0.0,0.024871468544006348
18320.0,0.0,0.02628469653427601
18321.0,0.0,0.5520012378692627
18322.0,0.0,0.025550583377480507
18323.0,0.0,0.014891373924911022
18324.0,0.0,0.003482937579974532
18325.0,0.0,0.0636674016714096
18326.0,0.0,0.025227047502994537
18327.0,0.0,0.027128420770168304
18328.0,0.0,0.016435613855719566
18329.0,0.0,0.012085461057722569
18330.0,0.0,0.01575755886733532
18331.0,0.0,0.016122156754136086
18332.0,0.0,0.025771109387278557
18333.0,0.0,0.4426445960998535
18334.0,0.0,0.024017333984375
18335.0,0.0,0.015223466791212559
18336.0,0.0,0.06626823544502258
18337.0,0.0,0.04332609102129936
18338.0,0.0,0.014777462929487228
18339.0,0.0,0.001297096605412662
18340.0,0.0,0.024590618908405304
18341.0,0.0,0.024906201288104057
18342.0,0.0,0.023887183517217636
18343.0,0.0,0.06175331398844719
18344.0,1.0,0.9787160158157349
18345.0,0.0,0.015878908336162567
18346.0,0.0,0.01616187021136284
18347.0,0.0,0.02314114384353161
18348.0,0.0,0.025005033239722252
18349.0,0.0,0.0013608243316411972
18350.0,0.0,0.01607489213347435
18351.0,0.0,0.015986574813723564
18352.0,0.0,0.01722889207303524
18353.0,0.0,0.017378058284521103
18354.0,0.0,0.02730223536491394
18355.0,0.0,0.024871468544006348
18356.0,0.0,0.017969094216823578
18357.0,0.0,0.0013770321384072304
18358.0,0.0,0.02544485405087471
18359.0,0.0,0.017969094216823578
18360.0,0.0,0.05826232582330704
18361.0,0.0,0.025771109387278557
18362.0,0.0,0.022451452910900116
18363.0,0.0,0.015413998626172543
18364.0,0.0,0.028660891577601433
18365.0,0.0,0.03918365389108658
18366.0,0.0,0.0038068515714257956
18367.0,0.0,0.017478905618190765
18368.0,0.0,0.05937730893492699
18369.0,0.0,0.015413998626172543
18370.0,0.0,0.003142543137073517
18371.0,0.0,0.0014018514193594456
18372.0,0.0,0.02236247807741165
18373.0,0.0,0.0013315248070284724
18374.0,0.0,0.024906201288104057
18375.0,0.0,0.025771109387278557
18376.0,0.0,0.016674311831593513
18377.0,0.0,0.025005033239722252
18378.0,0.0,0.02314114384353161
18379.0,0.0,0.0014459739904850721
18380.0,0.0,0.025771109387278557
18381.0,0.0,0.02628469653427601
18382.0,0.0,0.4006469249725342
18383.0,0.0,0.029652222990989685
18384.0,0.0,0.024871468544006348
18385.0,0.0,0.03767887130379677
18386.0,0.0,0.05983950197696686
18387.0,0.0,0.015878908336162567
18388.0,0.0,0.02361888997256756
18389.0,0.0,0.05708349123597145
18390.0,0.0,0.018086470663547516
18391.0,0.0,0.01618671976029873
18392.0,0.0,0.01635638438165188
18393.0,0.0,0.022331207990646362
18394.0,0.0,0.03024076670408249
18395.0,0.0,0.02803678810596466
18396.0,1.0,0.027234036475419998
18397.0,0.0,0.06689666211605072
18398.0,0.0,0.02591816894710064
18399.0,1.0,0.022397181019186974
18400.0,0.0,0.024871468544006348
18401.0,0.0,0.003551457542926073
18402.0,0.0,0.025873281061649323
18403.0,0.0,0.0031891600228846073
18404.0,0.0,0.024556316435337067
18405.0,0.0,0.024556316435337067
18406.0,0.0,0.5049108862876892
18407.0,0.0,0.025771109387278557
18408.0,0.0,0.024717602878808975
18409.0,0.0,0.025873281061649323
18410.0,0.0,0.022847406566143036
18411.0,0.0,0.04300350323319435
18412.0,0.0,0.02361888997256756
18413.0,0.0,0.02361888997256756
18414.0,0.0,0.024717602878808975
18415.0,0.0,0.024556316435337067
18416.0,0.0,0.024906201288104057
18417.0,0.0,0.0015030310023576021
18418.0,0.0,0.024944746866822243
18419.0,0.0,0.024717602878808975
18420.0,0.0,0.024906201288104057
18421.0,0.0,0.4464757442474365
18422.0,0.0,0.0597548745572567
18423.0,0.0,0.06689666211605072
18424.0,0.0,0.02314114384353161
18425.0,0.0,0.024302981793880463
18426.0,0.0,0.0013047066750004888
18427.0,0.0,0.02641528844833374
18428.0,0.0,0.021929411217570305
18429.0,0.0,0.024717602878808975
18430.0,0.0,0.001604478806257248
18431.0,0.0,0.01575755886733532
18432.0,0.0,0.05812613666057587
18433.0,0.0,0.021197669208049774
18434.0,0.0,0.016435613855719566
18435.0,0.0,0.0013315248070284724
18436.0,0.0,0.010713044553995132
18437.0,0.0,0.01679009385406971
18438.0,0.0,0.0273841954767704
18439.0,0.0,0.03806135058403015
18440.0,0.0,0.06368388235569
18441.0,0.0,0.017503555864095688
18442.0,0.0,0.015413998626172543
18443.0,0.0,0.019941624253988266
18444.0,0.0,0.03593146800994873
18445.0,0.0,0.025545770302414894
18446.0,0.0,0.015413998626172543
18447.0,1.0,0.014833132736384869
18448.0,0.0,0.42705121636390686
18449.0,0.0,0.023853830993175507
18450.0,0.0,0.01757531799376011
18451.0,1.0,0.024717602878808975
18452.0,0.0,0.025771109387278557
18453.0,0.0,0.025245940312743187
18454.0,0.0,0.024717602878808975
18455.0,0.0,0.0015030310023576021
18456.0,0.0,0.02314114384353161
18457.0,0.0,0.01629883050918579
18458.0,0.0,0.025771109387278557
18459.0,0.0,0.03571168705821037
18460.0,0.0,0.02188173681497574
18461.0,0.0,0.025771109387278557
18462.0,0.0,0.030141258612275124
18463.0,0.0,0.025771109387278557
18464.0,0.0,0.43061134219169617
18465.0,0.0,0.02323314920067787
18466.0,0.0,0.025771109387278557
18467.0,0.0,0.02632135897874832
18468.0,0.0,0.016853002831339836
18469.0,0.0,0.025283005088567734
18470.0,0.0,0.04056795686483383
18471.0,0.0,0.0012772607151418924
18472.0,0.0,0.0014202744932845235
18473.0,0.0,0.05645400658249855
18474.0,0.0,0.06131014972925186
18475.0,0.0,0.023948587477207184
18476.0,0.0,0.06428132206201553
18477.0,0.0,0.025771109387278557
18478.0,0.0,0.023887183517217636
18479.0,0.0,0.03858567029237747
18480.0,0.0,0.014777462929487228
18481.0,0.0,0.0013486293610185385
18482.0,0.0,0.0015612490242347121
18483.0,0.0,0.015413998626172543
18484.0,0.0,0.015675872564315796
18485.0,0.0,0.024717602878808975
18486.0,1.0,0.018040908500552177
18487.0,0.0,0.014743927866220474
18488.0,0.0,0.001559019205160439
18489.0,0.0,0.025005033239722252
18490.0,0.0,0.02445853315293789
18491.0,0.0,0.03077230602502823
18492.0,0.0,0.024906201288104057
18493.0,0.0,0.015916068106889725
18494.0,0.0,0.0013714581727981567
18495.0,0.0,0.6914562582969666
18496.0,0.0,0.029535578563809395
18497.0,0.0,0.05708349123597145
18498.0,0.0,0.030054710805416107
18499.0,0.0,0.025771109387278557
18500.0,0.0,0.026641327887773514
18501.0,0.0,0.025771109387278557
18502.0,0.0,0.017378058284521103
18503.0,0.0,0.028895776718854904
18504.0,0.0,0.02236247807741165
18505.0,0.0,0.02655457705259323
18506.0,0.0,0.023780781775712967
18507.0,0.0,0.016435613855719566
18508.0,0.0,0.022685261443257332
18509.0,0.0,0.022397181019186974
18510.0,0.0,0.02826070226728916
18511.0,0.0,0.03873286023736
18512.0,1.0,0.850151777267456
18513.0,0.0,0.023887183517217636
18514.0,0.0,0.02070019766688347
18515.0,0.0,0.02445853315293789
18516.0,0.0,0.001295147929340601
18517.0,0.0,0.017336970195174217
18518.0,0.0,0.025873281061649323
18519.0,0.0,0.03774204105138779
18520.0,0.0,0.016435613855719566
18521.0,0.0,0.024293702095746994
18522.0,0.0,0.025771109387278557
18523.0,0.0,0.0016337033594027162
18524.0,0.0,0.016122156754136086
18525.0,0.0,0.023474901914596558
18526.0,0.0,0.057061124593019485
18527.0,0.0,0.014743927866220474
18528.0,0.0,0.017115140333771706
18529.0,0.0,0.025550583377480507
18530.0,0.0,0.055364664644002914
18531.0,1.0,0.47745954990386963
18532.0,0.0,0.0013983751414343715
18533.0,1.0,0.47871989011764526
18534.0,0.0,0.02632135897874832
18535.0,0.0,0.025771109387278557
18536.0,0.0,0.028110241517424583
18537.0,0.0,0.024556316435337067
18538.0,0.0,0.041240986436605453
18539.0,0.0,0.039598796516656876
18540.0,0.0,0.02445853315293789
18541.0,0.0,0.02663862146437168
18542.0,0.0,0.03740875422954559
18543.0,0.0,0.025545770302414894
18544.0,0.0,0.022703086957335472
18545.0,0.0,0.0015775627689436078
18546.0,0.0,0.0014502613339573145
18547.0,0.0,0.0012720894301310182
18548.0,0.0,0.015028689987957478
18549.0,0.0,0.025771109387278557
18550.0,0.0,0.025771109387278557
18551.0,0.0,0.027341853827238083
18552.0,0.0,0.024906201288104057
18553.0,0.0,0.023730525746941566
18554.0,0.0,0.027913730591535568
18555.0,0.0,0.0012446987675502896
18556.0,0.0,0.027021421119570732
18557.0,0.0,0.5049108862876892
18558.0,0.0,0.016122156754136086
18559.0,0.0,0.025005033239722252
18560.0,0.0,0.4616709053516388
18561.0,0.0,0.015856554731726646
18562.0,0.0,0.02481570467352867
18563.0,0.0,0.023636609315872192
18564.0,0.0,0.02481570467352867
18565.0,0.0,0.0031960406340658665
18566.0,0.0,0.013337628915905952
18567.0,0.0,0.0013694989029318094
18568.0,0.0,0.017969094216823578
18569.0,0.0,0.03490782901644707
18570.0,0.0,0.03740875422954559
18571.0,1.0,0.34169960021972656
18572.0,0.0,0.027913730591535568
18573.0,0.0,0.015856554731726646
18574.0,0.0,0.014777462929487228
18575.0,0.0,0.02351333759725094
18576.0,0.0,0.0017490682657808065
18577.0,0.0,0.06344211101531982
18578.0,0.0,0.025771109387278557
18579.0,0.0,0.023474901914596558
18580.0,0.0,0.02481570467352867
18581.0,0.0,0.02544485405087471
18582.0,0.0,0.016994355246424675
18583.0,0.0,0.01629883050918579
18584.0,0.0,0.015724515542387962
18585.0,0.0,0.022487236186861992
18586.0,0.0,0.025771109387278557
18587.0,0.0,0.0032782291527837515
18588.0,0.0,0.0012720894301310182
18589.0,0.0,0.024906201288104057
18590.0,0.0,0.04019296169281006
18591.0,0.0,0.02358420193195343
18592.0,0.0,0.0034053996205329895
18593.0,0.0,0.023721186444163322
18594.0,0.0,0.025771109387278557
18595.0,0.0,0.01704694889485836
18596.0,0.0,0.0182296484708786
18597.0,1.0,0.42740845680236816
18598.0,0.0,0.05795514956116676
18599.0,0.0,0.025073513388633728
18600.0,0.0,0.02236247807741165
18601.0,0.0,0.015028689987957478
18602.0,0.0,0.03954440355300903
18603.0,0.0,0.02814936637878418
18604.0,0.0,0.0013536671176552773
18605.0,0.0,0.024871468544006348
18606.0,0.0,0.015724515542387962
18607.0,1.0,0.02544485405087471
18608.0,0.0,0.024717602878808975
18609.0,0.0,0.001449301722459495
18610.0,0.0,0.0013663552235811949
18611.0,0.0,0.015246058814227581
18612.0,0.0,0.05817730352282524
18613.0,0.0,0.05902445688843727
18614.0,0.0,0.024501239880919456
18615.0,0.0,0.02236247807741165
18616.0,0.0,0.02632135897874832
18617.0,0.0,0.014777462929487228
18618.0,0.0,0.024327654391527176
18619.0,0.0,0.02544485405087471
18620.0,0.0,0.02207839861512184
18621.0,0.0,0.33876457810401917
18622.0,0.0,0.02314114384353161
18623.0,0.0,0.0014412200544029474
18624.0,0.0,0.025771109387278557
18625.0,0.0,0.024590618908405304
18626.0,0.0,0.0032928306609392166
18627.0,0.0,0.02314114384353161
18628.0,0.0,0.060015689581632614
18629.0,0.0,0.02481570467352867
18630.0,0.0,0.0014412200544029474
18631.0,0.0,0.02314114384353161
18632.0,0.0,0.020999504253268242
18633.0,0.0,0.028221415355801582
18634.0,1.0,0.41815587878227234
18635.0,0.0,0.02360360138118267
18636.0,0.0,0.002484323689714074
18637.0,0.0,0.024590618908405304
18638.0,0.0,0.01521681435406208
18639.0,0.0,0.015938570722937584
18640.0,0.0,0.015041153877973557
18641.0,0.0,0.0182296484708786
18642.0,0.0,0.025005033239722252
18643.0,0.0,0.40344616770744324
18644.0,1.0,0.834155797958374
18645.0,0.0,0.023636609315872192
18646.0,0.0,0.05257376283407211
18647.0,0.0,0.01976996287703514
18648.0,0.0,0.0014513740316033363
18649.0,0.0,0.03391440957784653
18650.0,0.0,0.022938264533877373
18651.0,0.0,0.05826232582330704
18652.0,0.0,0.016122156754136086
18653.0,0.0,0.026122327893972397
18654.0,0.0,0.0013663552235811949
18655.0,0.0,0.07286988198757172
18656.0,0.0,0.05607227236032486
18657.0,0.0,0.024906201288104057
18658.0,0.0,0.02854803204536438
18659.0,0.0,0.038809921592473984
18660.0,0.0,0.4452180862426758
18661.0,0.0,0.024906201288104057
18662.0,1.0,0.44021958112716675
18663.0,0.0,0.022331207990646362
18664.0,0.0,0.02314114384353161
18665.0,0.0,0.06456372141838074
18666.0,0.0,0.024906201288104057
18667.0,0.0,0.06306727230548859
18668.0,0.0,0.003551457542926073
18669.0,0.0,0.030603785067796707
18670.0,0.0,0.027001334354281425
18671.0,0.0,0.025771109387278557
18672.0,0.0,0.015916068106889725
18673.0,0.0,0.0036478666588664055
18674.0,0.0,0.024871468544006348
18675.0,0.0,0.0017885572742670774
18676.0,0.0,0.025771109387278557
18677.0,0.0,0.05730250105261803
18678.0,0.0,0.0013750650687143207
18679.0,0.0,0.010970188304781914
18680.0,0.0,0.014255979098379612
18681.0,0.0,0.05345886945724487
18682.0,0.0,0.018086470663547516
18683.0,0.0,0.02519186958670616
18684.0,0.0,0.0034331486094743013
18685.0,0.0,0.0014909888850525022
18686.0,0.0,0.026141773909330368
18687.0,0.0,0.015553967095911503
18688.0,0.0,0.038782041519880295
18689.0,0.0,0.0013160249218344688
18690.0,0.0,0.03224973380565643
18691.0,0.0,0.04097719117999077
18692.0,0.0,0.024906201288104057
18693.0,0.0,0.014743927866220474
18694.0,0.0,0.024871468544006348
18695.0,0.0,0.0013714581727981567
18696.0,0.0,0.027021421119570732
18697.0,0.0,0.030141258612275124
18698.0,0.0,0.02331724390387535
18699.0,0.0,0.025771109387278557
18700.0,0.0,0.0273841954767704
18701.0,0.0,0.3653699457645416
18702.0,0.0,0.02814936637878418
18703.0,0.0,0.0013121713418513536
18704.0,1.0,0.4037907123565674
18705.0,0.0,0.016766361892223358
18706.0,0.0,0.0179430041462183
18707.0,0.0,0.025771109387278557
18708.0,0.0,0.041363924741744995
18709.0,0.0,0.02632135897874832
18710.0,0.0,0.0008363468805328012
18711.0,0.0,0.02826070226728916
18712.0,0.0,0.02188173681497574
18713.0,0.0,0.02536497637629509
18714.0,0.0,0.024717602878808975
18715.0,0.0,0.015223466791212559
18716.0,0.0,0.016225576400756836
18717.0,0.0,0.02854803204536438
18718.0,0.0,0.0033205936197191477
18719.0,0.0,0.022913336753845215
18720.0,0.0,0.017115140333771706
18721.0,0.0,0.027234036475419998
18722.0,0.0,0.02663862146437168
18723.0,0.0,0.02624538727104664
18724.0,0.0,0.025005033239722252
18725.0,0.0,0.003499495331197977
18726.0,0.0,0.05975745990872383
18727.0,0.0,0.024717602878808975
18728.0,0.0,0.011426706798374653
18729.0,0.0,0.0013273489894345403
18730.0,0.0,0.025771109387278557
18731.0,0.0,0.017739813774824142
18732.0,0.0,0.025073513388633728
18733.0,0.0,0.029535578563809395
18734.0,0.0,0.03697721287608147
18735.0,1.0,0.050926804542541504
18736.0,0.0,0.06375277787446976
18737.0,0.0,0.017336970195174217
18738.0,0.0,0.02481570467352867
18739.0,0.0,0.03634200617671013
18740.0,0.0,0.05515262857079506
18741.0,0.0,0.34169960021972656
18742.0,0.0,0.024906201288104057
18743.0,0.0,0.02660154178738594
18744.0,0.0,0.018215972930192947
18745.0,0.0,0.025771109387278557
18746.0,0.0,0.028332654386758804
18747.0,0.0,0.029535578563809395
18748.0,0.0,0.0013608243316411972
18749.0,0.0,0.025873281061649323
18750.0,0.0,0.017115604132413864
18751.0,0.0,0.02663862146437168
18752.0,0.0,0.024717602878808975
18753.0,0.0,0.026913220062851906
18754.0,0.0,0.016674311831593513
18755.0,0.0,0.025771109387278557
18756.0,1.0,0.01899777166545391
18757.0,0.0,0.06375277787446976
18758.0,0.0,0.027128420770168304
18759.0,0.0,0.011426706798374653
18760.0,0.0,0.023730525746941566
18761.0,0.0,0.025771109387278557
18762.0,0.0,0.019073618575930595
18763.0,0.0,0.0013714581727981567
18764.0,0.0,0.025283005088567734
18765.0,0.0,0.02398207224905491
18766.0,0.0,0.025771109387278557
18767.0,0.0,0.025245940312743187
18768.0,0.0,0.023636609315872192
18769.0,0.0,0.01678997464478016
18770.0,0.0,0.017115604132413864
18771.0,0.0,0.02264479734003544
18772.0,0.0,0.024433191865682602
18773.0,0.0,0.025771109387278557
18774.0,0.0,0.025771109387278557
18775.0,0.0,0.022653555497527122
18776.0,0.0,0.024871468544006348
18777.0,0.0,0.0576346293091774
18778.0,0.0,0.025005033239722252
18779.0,0.0,0.017115140333771706
18780.0,0.0,0.06382966041564941
18781.0,0.0,0.025005033239722252
18782.0,0.0,0.025005033239722252
18783.0,0.0,0.04243891313672066
18784.0,0.0,0.02445853315293789
18785.0,0.0,0.027021421119570732
18786.0,0.0,0.02317703142762184
18787.0,0.0,0.025873281061649323
18788.0,0.0,0.03749186545610428
18789.0,0.0,0.017008891329169273
18790.0,0.0,0.02536497637629509
18791.0,0.0,0.026405904442071915
18792.0,0.0,0.016122156754136086
18793.0,0.0,0.015202022157609463
18794.0,0.0,0.02653190866112709
18795.0,0.0,0.025771109387278557
18796.0,0.0,0.01678997464478016
18797.0,0.0,0.016435613855719566
18798.0,0.0,0.025873281061649323
18799.0,0.0,0.024970166385173798
18800.0,0.0,0.027234036475419998
18801.0,0.0,0.02766358107328415
18802.0,0.0,0.02440434880554676
18803.0,0.0,0.027021421119570732
18804.0,0.0,0.025771109387278557
18805.0,0.0,0.03888615220785141
18806.0,0.0,0.01506237406283617
18807.0,0.0,0.027234036475419998
18808.0,0.0,0.015856554731726646
18809.0,0.0,0.023922305554151535
18810.0,1.0,0.9355059266090393
18811.0,0.0,0.027234036475419998
18812.0,0.0,0.4392189085483551
18813.0,0.0,0.015553967095911503
18814.0,0.0,0.02440434880554676
18815.0,0.0,0.04110029339790344
18816.0,0.0,0.0032922266982495785
18817.0,0.0,0.023853830993175507
18818.0,0.0,0.02314114384353161
18819.0,0.0,0.016122156754136086
18820.0,0.0,0.0263888631016016
18821.0,0.0,0.055439580231904984
18822.0,0.0,0.02236247807741165
18823.0,0.0,0.0015030310023576021
18824.0,0.0,0.06747815757989883
18825.0,0.0,0.023636609315872192
18826.0,0.0,0.02663862146437168
18827.0,0.0,0.024906201288104057
18828.0,0.0,0.011279945261776447
18829.0,0.0,0.02061801590025425
18830.0,0.0,0.02355126105248928
18831.0,0.0,0.04041016474366188
18832.0,0.0,0.025771109387278557
18833.0,1.0,0.4392189085483551
18834.0,0.0,0.0013916846364736557
18835.0,0.0,0.026744144037365913
18836.0,0.0,0.0014459739904850721
18837.0,0.0,0.023636609315872192
18838.0,0.0,0.01629883050918579
18839.0,0.0,0.02236247807741165
18840.0,0.0,0.017969094216823578
18841.0,0.0,0.019136080518364906
18842.0,0.0,0.010245205834507942
18843.0,0.0,0.4392189085483551
18844.0,0.0,0.023474901914596558
18845.0,0.0,0.022847406566143036
18846.0,0.0,0.023636609315872192
18847.0,0.0,0.06474325805902481
18848.0,0.0,0.05812613666057587
18849.0,0.0,0.2373291254043579
18850.0,0.0,0.013166645541787148
18851.0,0.0,0.015616292133927345
18852.0,0.0,0.02524326927959919
18853.0,0.0,0.024717602878808975
18854.0,0.0,0.023888908326625824
18855.0,0.0,0.0013714581727981567
18856.0,0.0,0.02628469653427601
18857.0,0.0,0.02544485405087471
18858.0,0.0,0.02314114384353161
18859.0,0.0,0.016777299344539642
18860.0,0.0,0.03587275370955467
18861.0,0.0,0.02236247807741165
18862.0,0.0,0.02663862146437168
18863.0,0.0,0.05915085971355438
18864.0,0.0,0.02663862146437168
18865.0,0.0,0.01740630343556404
18866.0,0.0,0.024871468544006348
18867.0,0.0,0.022166267037391663
18868.0,0.0,0.0013694989029318094
18869.0,0.0,0.022331207990646362
18870.0,0.0,0.058541614562273026
18871.0,0.0,0.025245940312743187
18872.0,0.0,0.025771109387278557
18873.0,0.0,0.0014877234352752566
18874.0,0.0,0.4100680947303772
18875.0,1.0,0.4426445960998535
18876.0,1.0,0.4392189085483551
18877.0,0.0,0.0597548745572567
18878.0,0.0,0.019502442330121994
18879.0,0.0,0.023924192413687706
18880.0,0.0,0.025073513388633728
18881.0,0.0,0.015938570722937584
18882.0,0.0,0.029604630544781685
18883.0,0.0,0.0014260467141866684
18884.0,0.0,0.02445853315293789
18885.0,0.0,0.016994355246424675
18886.0,0.0,0.014891373924911022
18887.0,0.0,0.02641528844833374
18888.0,0.0,0.0014260467141866684
18889.0,0.0,0.05059177801012993
18890.0,1.0,0.433670312166214
18891.0,0.0,0.016548000276088715
18892.0,0.0,0.035130035132169724
18893.0,0.0,0.024871468544006348
18894.0,0.0,0.02314114384353161
18895.0,0.0,0.015280703082680702
18896.0,0.0,0.04636622965335846
18897.0,0.0,0.023922305554151535
18898.0,0.0,0.027913730591535568
18899.0,0.0,0.003202454885467887
18900.0,0.0,0.024717602878808975
18901.0,0.0,0.01575755886733532
18902.0,0.0,0.023887183517217636
18903.0,0.0,0.015223466791212559
18904.0,0.0,0.02236247807741165
18905.0,1.0,0.05730250105261803
18906.0,0.0,0.018421942368149757
18907.0,0.0,0.027155522257089615
18908.0,0.0,0.02236247807741165
18909.0,0.0,0.0273841954767704
18910.0,0.0,0.001298092189244926
18911.0,0.0,0.4360010325908661
18912.0,0.0,0.0012044768081977963
18913.0,0.0,0.023922305554151535
18914.0,0.0,0.05476207286119461
18915.0,0.0,0.0014877234352752566
18916.0,0.0,0.023887183517217636
18917.0,0.0,0.01722889207303524
18918.0,0.0,0.017228078097105026
18919.0,0.0,0.025771109387278557
18920.0,0.0,0.024717602878808975
18921.0,1.0,0.023636609315872192
18922.0,0.0,0.025771109387278557
18923.0,0.0,0.010200626216828823
18924.0,0.0,0.05787777155637741
18925.0,0.0,0.02481570467352867
18926.0,0.0,0.017474841326475143
18927.0,0.0,0.01574668474495411
18928.0,0.0,0.02465379238128662
18929.0,0.0,0.024906201288104057
18930.0,0.0,0.017969094216823578
18931.0,0.0,0.015878908336162567
18932.0,0.0,0.009604624472558498
18933.0,0.0,0.07015801221132278
18934.0,0.0,0.4185042083263397
18935.0,0.0,0.024501239880919456
18936.0,0.0,0.025771109387278557
18937.0,0.0,0.018091769888997078
18938.0,0.0,0.3753921091556549
18939.0,0.0,0.025873281061649323
18940.0,0.0,0.02481570467352867
18941.0,0.0,0.017378058284521103
18942.0,0.0,0.02314114384353161
18943.0,0.0,0.02207839861512184
18944.0,0.0,0.015986574813723564
18945.0,0.0,0.06344211101531982
18946.0,0.0,0.014958435669541359
18947.0,0.0,0.025229530408978462
18948.0,0.0,0.027234036475419998
18949.0,0.0,0.06044430285692215
18950.0,0.0,0.05708349123597145
18951.0,0.0,0.02624538727104664
18952.0,0.0,0.024960659444332123
18953.0,0.0,0.02236247807741165
18954.0,1.0,0.025771109387278557
18955.0,0.0,0.014743927866220474
18956.0,0.0,0.024906201288104057
18957.0,0.0,0.022451452910900116
18958.0,0.0,0.024906201288104057
18959.0,0.0,0.014255979098379612
18960.0,0.0,0.01574668474495411
18961.0,0.0,0.016435613855719566
18962.0,0.0,0.024906201288104057
18963.0,0.0,0.014891373924911022
18964.0,1.0,0.017810726538300514
18965.0,0.0,0.0015549295349046588
18966.0,0.0,0.028508367016911507
18967.0,0.0,0.024871468544006348
18968.0,0.0,0.02314114384353161
18969.0,0.0,0.013337628915905952
18970.0,0.0,0.0034105125814676285
18971.0,0.0,0.014255979098379612
18972.0,0.0,0.0263888631016016
18973.0,0.0,0.024717602878808975
18974.0,0.0,0.025873281061649323
18975.0,0.0,0.015724515542387962
18976.0,1.0,0.823383629322052
18977.0,0.0,0.02632135897874832
18978.0,0.0,0.016674311831593513
18979.0,0.0,0.024906201288104057
18980.0,0.0,0.05522727221250534
18981.0,0.0,0.025771109387278557
18982.0,0.0,0.025873281061649323
18983.0,0.0,0.06175331398844719
18984.0,0.0,0.027234036475419998
18985.0,0.0,0.025771109387278557
18986.0,0.0,0.023474901914596558
18987.0,0.0,0.026744144037365913
18988.0,0.0,0.024871468544006348
18989.0,0.0,0.0013770321384072304
18990.0,0.0,0.406054824590683
18991.0,0.0,0.025771403685212135
18992.0,0.0,0.024717602878808975
18993.0,0.0,0.01704694889485836
18994.0,0.0,0.02814936637878418
18995.0,0.0,0.017478905618190765
18996.0,0.0,0.01506237406283617
18997.0,0.0,0.037497278302907944
18998.0,0.0,0.025771109387278557
18999.0,0.0,0.039073653519153595
19000.0,1.0,0.02481570467352867
19001.0,0.0,0.02314114384353161
19002.0,0.0,0.025873281061649323
19003.0,0.0,0.0014572733780369163
19004.0,0.0,0.06512225419282913
19005.0,0.0,0.32667824625968933
19006.0,0.0,0.024717602878808975
19007.0,0.0,0.05812613666057587
19008.0,0.0,0.03636668622493744
19009.0,0.0,0.01886281929910183
19010.0,0.0,0.02323314920067787
19011.0,0.0,0.02826070226728916
19012.0,0.0,0.0273841954767704
19013.0,0.0,0.011279945261776447
19014.0,0.0,0.015938570722937584
19015.0,0.0,0.017115140333771706
19016.0,0.0,0.010159410536289215
19017.0,0.0,0.017969094216823578
19018.0,0.0,0.011111723259091377
19019.0,0.0,0.003661234164610505
19020.0,0.0,0.022331207990646362
19021.0,0.0,0.02632135897874832
19022.0,0.0,0.02355126105248928
19023.0,0.0,0.0013694989029318094
19024.0,0.0,0.0014075487852096558
19025.0,0.0,0.025172991678118706
19026.0,0.0,0.0014412200544029474
19027.0,0.0,0.01506237406283617
19028.0,0.0,0.003859918797388673
19029.0,0.0,0.02314114384353161
19030.0,0.0,0.014891373924911022
19031.0,0.0,0.017336970195174217
19032.0,0.0,0.027341853827238083
19033.0,0.0,0.05741441249847412
19034.0,0.0,0.02504478208720684
19035.0,0.0,0.06512225419282913
19036.0,0.0,0.024717602878808975
19037.0,0.0,0.026744144037365913
19038.0,0.0,0.02314114384353161
19039.0,0.0,0.41760286688804626
19040.0,0.0,0.015986574813723564
19041.0,0.0,0.0014260467141866684
19042.0,0.0,0.026122327893972397
19043.0,0.0,0.06175331398844719
19044.0,0.0,0.026122327893972397
19045.0,0.0,0.023474901914596558
19046.0,0.0,0.027234036475419998
19047.0,0.0,0.030025148764252663
19048.0,0.0,0.025771109387278557
19049.0,0.0,0.016293639317154884
19050.0,0.0,0.020436789840459824
19051.0,0.0,0.0012720894301310182
19052.0,1.0,0.8444064259529114
19053.0,0.0,0.05812613666057587
19054.0,0.0,0.016293639317154884
19055.0,0.0,0.02428710274398327
19056.0,0.0,0.01899777166545391
19057.0,0.0,0.016143593937158585
19058.0,0.0,0.017969094216823578
19059.0,0.0,0.0013770321384072304
19060.0,0.0,0.025245940312743187
19061.0,0.0,0.05998348444700241
19062.0,0.0,0.0013714581727981567
19063.0,0.0,0.0013140484225004911
19064.0,0.0,0.0263888631016016
19065.0,0.0,0.025771109387278557
19066.0,0.0,0.002962704747915268
19067.0,0.0,0.02236247807741165
19068.0,0.0,0.014891373924911022
19069.0,0.0,0.025771109387278557
19070.0,0.0,0.016435613855719566
19071.0,0.0,0.041035208851099014
19072.0,0.0,0.0014285823563113809
19073.0,0.0,0.027234036475419998
19074.0,0.0,0.027913730591535568
19075.0,0.0,0.025771109387278557
19076.0,0.0,0.026744144037365913
19077.0,0.0,0.027049779891967773
19078.0,0.0,0.025873281061649323
19079.0,0.0,0.0015970924869179726
19080.0,0.0,0.015413998626172543
19081.0,0.0,0.016766361892223358
19082.0,0.0,0.02361888997256756
19083.0,0.0,0.003196687437593937
19084.0,0.0,0.02061801590025425
19085.0,0.0,0.016435613855719566
19086.0,0.0,0.016766361892223358
19087.0,0.0,0.039906181395053864
19088.0,0.0,0.025771109387278557
19089.0,0.0,0.023887183517217636
19090.0,0.0,0.06512225419282913
19091.0,0.0,0.024906201288104057
19092.0,0.0,0.02445853315293789
19093.0,0.0,0.0013536671176552773
19094.0,0.0,0.027341853827238083
19095.0,1.0,0.4370000660419464
19096.0,0.0,0.0013714581727981567
19097.0,0.0,0.05983950197696686
19098.0,0.0,0.027234036475419998
19099.0,0.0,0.016109652817249298
19100.0,0.0,0.025873281061649323
19101.0,1.0,0.060643456876277924
19102.0,0.0,0.05708349123597145
19103.0,0.0,0.016435613855719566
19104.0,0.0,0.06549248099327087
19105.0,0.0,0.06261862814426422
19106.0,0.0,0.024590618908405304
19107.0,1.0,0.3523220121860504
19108.0,0.0,0.0013431700645014644
19109.0,0.0,0.02207839861512184
19110.0,0.0,0.04041016474366188
19111.0,0.0,0.021031131967902184
19112.0,0.0,0.01722889207303524
19113.0,0.0,0.4287012219429016
19114.0,0.0,0.0012266056146472692
19115.0,0.0,0.42089858651161194
19116.0,0.0,0.014276108704507351
19117.0,0.0,0.025873281061649323
19118.0,0.0,0.024590618908405304
19119.0,0.0,0.024906201288104057
19120.0,0.0,0.024717602878808975
19121.0,0.0,0.36442863941192627
19122.0,0.0,0.026122327893972397
19123.0,0.0,0.06344211101531982
19124.0,0.0,0.04041016474366188
19125.0,0.0,0.0034470735117793083
19126.0,0.0,0.039598796516656876
19127.0,0.0,0.025383293628692627
19128.0,0.0,0.4476095139980316
19129.0,0.0,0.0014260467141866684
19130.0,0.0,0.017969094216823578
19131.0,0.0,0.018040908500552177
19132.0,0.0,0.015413998626172543
19133.0,0.0,0.023887183517217636
19134.0,0.0,0.05708349123597145
19135.0,0.0,0.025771109387278557
19136.0,0.0,0.029071886092424393
19137.0,0.0,0.024906201288104057
19138.0,0.0,0.02544485405087471
19139.0,0.0,0.02544485405087471
19140.0,0.0,0.0014459739904850721
19141.0,0.0,0.0511234775185585
19142.0,0.0,0.003526357701048255
19143.0,0.0,0.016225576400756836
19144.0,0.0,0.0034192120656371117
19145.0,0.0,0.014743927866220474
19146.0,0.0,0.04041016474366188
19147.0,0.0,0.025810956954956055
19148.0,0.0,0.0014401210937649012
19149.0,0.0,0.025771109387278557
19150.0,0.0,0.03707141429185867
19151.0,0.0,0.0013462231727316976
19152.0,0.0,0.025771109387278557
19153.0,0.0,0.026122327893972397
19154.0,1.0,0.9343012571334839
19155.0,0.0,0.02663862146437168
19156.0,0.0,0.025245940312743187
19157.0,0.0,0.023887183517217636
19158.0,0.0,0.02314114384353161
19159.0,0.0,0.023853830993175507
19160.0,0.0,0.02544485405087471
19161.0,0.0,0.4532330334186554
19162.0,0.0,0.02526475116610527
19163.0,0.0,0.058687351644039154
19164.0,0.0,0.01410497073084116
19165.0,0.0,0.017969094216823578
19166.0,0.0,0.4490063190460205
19167.0,0.0,0.023853830993175507
19168.0,0.0,0.0008638596627861261
19169.0,0.0,0.017969094216823578
19170.0,0.0,0.01722889207303524
19171.0,0.0,0.025771109387278557
19172.0,0.0,0.02632135897874832
19173.0,0.0,0.025550583377480507
19174.0,0.0,0.035236213356256485
19175.0,0.0,0.024871468544006348
19176.0,0.0,0.02663862146437168
19177.0,0.0,0.0014752917923033237
19178.0,0.0,0.01678997464478016
19179.0,0.0,0.02323314920067787
19180.0,0.0,0.015413998626172543
19181.0,1.0,0.4874657988548279
19182.0,0.0,0.06689666211605072
19183.0,0.0,0.014027321711182594
19184.0,0.0,0.015553967095911503
19185.0,0.0,0.017969094216823578
19186.0,0.0,0.022685261443257332
19187.0,0.0,0.024906201288104057
19188.0,0.0,0.025873281061649323
19189.0,0.0,0.0012720894301310182
19190.0,0.0,0.92838454246521
19191.0,0.0,0.015878908336162567
19192.0,0.0,0.06512225419282913
19193.0,0.0,0.023094264790415764
19194.0,0.0,0.016293639317154884
19195.0,0.0,0.05237181484699249
19196.0,0.0,0.02314114384353161
19197.0,0.0,0.014777462929487228
19198.0,0.0,0.015856554731726646
19199.0,0.0,0.017969094216823578
19200.0,0.0,0.024906201288104057
19201.0,0.0,0.02314114384353161
19202.0,0.0,0.02360360138118267
19203.0,0.0,0.018330127000808716
19204.0,0.0,0.02445853315293789
19205.0,1.0,0.34169960021972656
19206.0,0.0,0.058941278606653214
19207.0,0.0,0.014743927866220474
19208.0,0.0,0.05708349123597145
19209.0,0.0,0.02624538727104664
19210.0,0.0,0.05599655583500862
19211.0,1.0,0.4122503101825714
19212.0,0.0,0.023922305554151535
19213.0,0.0,0.024582987651228905
19214.0,0.0,0.038738228380680084
19215.0,0.0,0.024556593969464302
19216.0,0.0,0.06175331398844719
19217.0,0.0,0.025771109387278557
19218.0,0.0,0.057245396077632904
19219.0,1.0,0.5129533410072327
19220.0,0.0,0.02360360138118267
19221.0,0.0,0.0014202744932845235
19222.0,0.0,0.037583593279123306
19223.0,0.0,0.02544485405087471
19224.0,0.0,0.015041153877973557
19225.0,0.0,0.0013517334591597319
19226.0,0.0,0.026744144037365913
19227.0,0.0,0.025771109387278557
19228.0,0.0,0.02544485405087471
19229.0,0.0,0.027234036475419998
19230.0,0.0,0.023887183517217636
19231.0,0.0,0.07257384061813354
19232.0,0.0,0.0014693202683702111
19233.0,0.0,0.010952994227409363
19234.0,0.0,0.016122156754136086
19235.0,0.0,0.024590618908405304
19236.0,0.0,0.03458906710147858
19237.0,0.0,0.003855479182675481
19238.0,0.0,0.3426138460636139
19239.0,0.0,0.0393725223839283
19240.0,0.0,0.025771109387278557
19241.0,0.0,0.0246882326900959
19242.0,0.0,0.0562143549323082
19243.0,0.0,0.003230936359614134
19244.0,0.0,0.02314114384353161
19245.0,0.0,0.017645586282014847
19246.0,0.0,0.014777462929487228
19247.0,0.0,0.03634200617671013
19248.0,0.0,0.010952994227409363
19249.0,0.0,0.0014018514193594456
19250.0,0.0,0.026196282356977463
19251.0,0.0,0.015413998626172543
19252.0,0.0,0.014114202931523323
19253.0,0.0,0.06344211101531982
19254.0,0.0,0.025771109387278557
19255.0,0.0,0.025771109387278557
19256.0,0.0,0.016435613855719566
19257.0,0.0,0.02236247807741165
19258.0,0.0,0.05607227236032486
19259.0,0.0,0.01722889207303524
19260.0,0.0,0.017969094216823578
19261.0,0.0,0.06212304159998894
19262.0,0.0,0.027234036475419998
19263.0,0.0,0.02207839861512184
19264.0,0.0,0.01575755886733532
19265.0,0.0,0.4122503101825714
19266.0,0.0,0.0013916846364736557
19267.0,1.0,0.016661789268255234
19268.0,0.0,0.02426704578101635
19269.0,0.0,0.024433191865682602
19270.0,0.0,0.06262361258268356
19271.0,0.0,0.025642139837145805
19272.0,0.0,0.024906201288104057
19273.0,0.0,0.02395937219262123
19274.0,0.0,0.024717602878808975
19275.0,0.0,0.010272786021232605
19276.0,0.0,0.062380630522966385
19277.0,0.0,0.022451452910900116
19278.0,0.0,0.023393183946609497
19279.0,0.0,0.02632135897874832
19280.0,0.0,0.0013714581727981567
19281.0,0.0,0.02854803204536438
19282.0,0.0,0.05607227236032486
19283.0,0.0,0.05421041324734688
19284.0,0.0,0.023887183517217636
19285.0,0.0,0.02314114384353161
19286.0,0.0,0.024871468544006348
19287.0,0.0,0.025771109387278557
19288.0,0.0,0.026425663381814957
19289.0,0.0,0.0031837711576372385
19290.0,0.0,0.02481570467352867
19291.0,0.0,0.02314114384353161
19292.0,0.0,0.030525844544172287
19293.0,0.0,0.026122327893972397
19294.0,0.0,0.0015091396635398269
19295.0,0.0,0.026875196024775505
19296.0,0.0,0.42014530301094055
19297.0,0.0,0.04169211909174919
19298.0,0.0,0.017739813774824142
19299.0,0.0,0.01678997464478016
19300.0,0.0,0.024871468544006348
19301.0,0.0,0.02314114384353161
19302.0,0.0,0.02314114384353161
19303.0,0.0,0.02481570467352867
19304.0,1.0,0.4392189085483551
19305.0,0.0,0.02632135897874832
19306.0,1.0,0.023853830993175507
19307.0,0.0,0.041395772248506546
19308.0,0.0,0.028621075674891472
19309.0,0.0,0.015223466791212559
19310.0,0.0,0.027234036475419998
19311.0,0.0,0.02236247807741165
19312.0,0.0,0.028444690629839897
19313.0,0.0,0.015246058814227581
19314.0,1.0,0.02314114384353161
19315.0,0.0,0.01314417365938425
19316.0,0.0,0.026301685720682144
19317.0,0.0,0.04266770929098129
19318.0,0.0,0.02814936637878418
19319.0,0.0,0.025771109387278557
19320.0,0.0,0.4322679936885834
19321.0,0.0,0.01575755886733532
19322.0,0.0,0.4510480761528015
19323.0,0.0,0.025550583377480507
19324.0,0.0,0.05812613666057587
19325.0,0.0,0.026425663381814957
19326.0,0.0,0.0014260467141866684
19327.0,0.0,0.01704694889485836
19328.0,0.0,0.0014572733780369163
19329.0,0.0,0.039917442947626114
19330.0,0.0,0.042215436697006226
19331.0,0.0,0.022451452910900116
19332.0,0.0,0.02521074190735817
19333.0,0.0,0.4316074550151825
19334.0,0.0,0.016435613855719566
19335.0,0.0,0.024970166385173798
19336.0,0.0,0.03740875422954559
19337.0,0.0,0.017008891329169273
19338.0,0.0,0.02663862146437168
19339.0,0.0,0.05812613666057587
19340.0,0.0,0.025771109387278557
19341.0,0.0,0.05085766315460205
19342.0,0.0,0.01697045937180519
19343.0,0.0,0.4316074550151825
19344.0,0.0,0.05538422241806984
19345.0,0.0,0.025771109387278557
19346.0,0.0,0.01724102534353733
19347.0,0.0,0.0012124227359890938
19348.0,0.0,0.026744144037365913
19349.0,0.0,0.024590618908405304
19350.0,0.0,0.01689310371875763
19351.0,0.0,0.02544485405087471
19352.0,0.0,0.017968246713280678
19353.0,0.0,0.026744144037365913
19354.0,0.0,0.023616880178451538
19355.0,0.0,0.025651903823018074
19356.0,0.0,0.022420059889554977
19357.0,0.0,0.030076995491981506
19358.0,0.0,0.01588735543191433
19359.0,0.0,0.013825992122292519
19360.0,0.0,0.02628469653427601
19361.0,0.0,0.0013978133210912347
19362.0,0.0,0.0012877800036221743
19363.0,0.0,0.020962970331311226
19364.0,0.0,0.035611413419246674
19365.0,1.0,0.018215972930192947
19366.0,0.0,0.025873281061649323
19367.0,0.0,0.02314114384353161
19368.0,0.0,0.015878908336162567
19369.0,0.0,0.015938570722937584
19370.0,0.0,0.024906201288104057
19371.0,0.0,0.017969094216823578
19372.0,0.0,0.0014202744932845235
19373.0,0.0,0.023983800783753395
19374.0,0.0,0.02314114384353161
19375.0,0.0,0.027234036475419998
19376.0,0.0,0.015223466791212559
19377.0,0.0,0.0012720894301310182
19378.0,0.0,0.027913730591535568
19379.0,0.0,0.026744144037365913
19380.0,0.0,0.0550478957593441
19381.0,0.0,0.03634200617671013
19382.0,0.0,0.017969094216823578
19383.0,0.0,0.019073618575930595
19384.0,0.0,0.017969094216823578
19385.0,0.0,0.02323314920067787
19386.0,0.0,0.02314114384353161
19387.0,0.0,0.024970166385173798
19388.0,0.0,0.03634200617671013
19389.0,0.0,0.018040908500552177
19390.0,0.0,0.01899777166545391
19391.0,0.0,0.06100006029009819
19392.0,0.0,0.015139839611947536
19393.0,0.0,0.011279945261776447
19394.0,0.0,0.0013431700645014644
19395.0,0.0,0.025771109387278557
19396.0,0.0,0.026301685720682144
19397.0,0.0,0.02314114384353161
19398.0,0.0,0.0185039434581995
19399.0,0.0,0.014276108704507351
19400.0,0.0,0.025771109387278557
19401.0,0.0,0.025073513388633728
19402.0,0.0,0.4215022325515747
19403.0,0.0,0.0014412200544029474
19404.0,0.0,0.06540492177009583
19405.0,0.0,0.02663862146437168
19406.0,0.0,0.022822577506303787
19407.0,0.0,0.017378058284521103
19408.0,0.0,0.02236247807741165
19409.0,0.0,0.003060255665332079
19410.0,0.0,0.023922305554151535
19411.0,0.0,0.025771109387278557
19412.0,0.0,0.02445853315293789
19413.0,1.0,0.5783472657203674
19414.0,0.0,0.0246882326900959
19415.0,0.0,0.027234036475419998
19416.0,0.0,0.024906201288104057
19417.0,0.0,0.017467131838202477
19418.0,0.0,0.024906201288104057
19419.0,0.0,0.06344211101531982
19420.0,0.0,0.017969094216823578
19421.0,0.0,0.025873281061649323
19422.0,0.0,0.02663862146437168
19423.0,0.0,0.02608109824359417
19424.0,0.0,0.031328391283750534
19425.0,0.0,0.0376441553235054
19426.0,0.0,0.04266770929098129
19427.0,0.0,0.002962704747915268
19428.0,0.0,0.040762387216091156
19429.0,0.0,0.02314114384353161
19430.0,0.0,0.015413998626172543
19431.0,0.0,0.017433447763323784
19432.0,0.0,0.02306404523551464
19433.0,0.0,0.01724102534353733
19434.0,0.0,0.036940768361091614
19435.0,0.0,0.05522727221250534
19436.0,0.0,0.015638090670108795
19437.0,0.0,0.025771109387278557
19438.0,0.0,0.01722889207303524
19439.0,0.0,0.015413998626172543
19440.0,0.0,0.025346089154481888
19441.0,0.0,0.022847406566143036
19442.0,0.0,0.024302981793880463
19443.0,0.0,0.016622358933091164
19444.0,0.0,0.46952298283576965
19445.0,0.0,0.0033102568704634905
19446.0,0.0,0.0015466383192688227
19447.0,0.0,0.02663862146437168
19448.0,0.0,0.030163714662194252
19449.0,0.0,0.42969629168510437
19450.0,0.0,0.017968246713280678
19451.0,1.0,0.8397490978240967
19452.0,0.0,0.028332654386758804
19453.0,1.0,0.02314114384353161
19454.0,0.0,0.02481570467352867
19455.0,0.0,0.03969156742095947
19456.0,0.0,0.016122156754136086
19457.0,0.0,0.016293639317154884
19458.0,0.0,0.025771109387278557
19459.0,0.0,0.014958435669541359
19460.0,1.0,0.4235956370830536
19461.0,0.0,0.0014202744932845235
19462.0,0.0,0.04247872903943062
19463.0,0.0,0.025873281061649323
19464.0,0.0,0.031031303107738495
19465.0,0.0,0.016097549349069595
19466.0,1.0,0.6175081133842468
19467.0,0.0,0.023948587477207184
19468.0,0.0,0.027234036475419998
19469.0,0.0,0.3513956665992737
19470.0,0.0,0.0014202744932845235
19471.0,0.0,0.017969094216823578
19472.0,0.0,0.02632135897874832
19473.0,0.0,0.017969094216823578
19474.0,0.0,0.02440434880554676
19475.0,1.0,0.02663862146437168
19476.0,0.0,0.0015669619897380471
19477.0,1.0,0.3246987462043762
19478.0,0.0,0.0015549295349046588
19479.0,0.0,0.015675872564315796
19480.0,0.0,0.015086700208485126
19481.0,0.0,0.038782041519880295
19482.0,0.0,0.025283005088567734
19483.0,0.0,0.025771109387278557
19484.0,0.0,0.025283005088567734
19485.0,0.0,0.06113040819764137
19486.0,0.0,0.01704694889485836
19487.0,0.0,0.024871468544006348
19488.0,0.0,0.025771109387278557
19489.0,0.0,0.01758851297199726
19490.0,0.0,0.02236247807741165
19491.0,0.0,0.024717602878808975
19492.0,0.0,0.02398207224905491
19493.0,0.0,0.028187638148665428
19494.0,0.0,0.023636609315872192
19495.0,0.0,0.0013462231727316976
19496.0,0.0,0.0012283599935472012
19497.0,0.0,0.02041529305279255
19498.0,0.0,0.017969094216823578
19499.0,0.0,0.02663862146437168
19500.0,0.0,0.024970166385173798
19501.0,0.0,0.001298092189244926
19502.0,0.0,0.02361888997256756
19503.0,0.0,0.03373396769165993
19504.0,0.0,0.01685047335922718
19505.0,0.0,0.06958933919668198
19506.0,0.0,0.0013160249218344688
19507.0,1.0,0.9931517839431763
19508.0,0.0,0.02314114384353161
19509.0,0.0,0.02632135897874832
19510.0,0.0,0.022847406566143036
19511.0,0.0,0.025771109387278557
19512.0,0.0,0.0013536671176552773
19513.0,0.0,0.026706915348768234
19514.0,0.0,0.025771109387278557
19515.0,0.0,0.014700775034725666
19516.0,0.0,0.02995872125029564
19517.0,0.0,0.014124889858067036
19518.0,0.0,0.05983950197696686
19519.0,0.0,0.05812613666057587
19520.0,0.0,0.02361888997256756
19521.0,0.0,0.029652222990989685
19522.0,0.0,0.014124889858067036
19523.0,0.0,0.05983950197696686
19524.0,1.0,0.06301617622375488
19525.0,0.0,0.010327606461942196
19526.0,0.0,0.03859657794237137
19527.0,0.0,0.02481570467352867
19528.0,0.0,0.014743927866220474
19529.0,0.0,0.02314114384353161
19530.0,0.0,0.027341853827238083
19531.0,0.0,0.02355126105248928
19532.0,0.0,0.03458906710147858
19533.0,0.0,0.025593344122171402
19534.0,0.0,0.027879901230335236
19535.0,0.0,0.06021404266357422
19536.0,0.0,0.024556316435337067
19537.0,0.0,0.014870388433337212
19538.0,0.0,0.027234036475419998
19539.0,1.0,0.4392189085483551
19540.0,0.0,0.02207839861512184
19541.0,0.0,0.02236247807741165
19542.0,0.0,0.017969094216823578
19543.0,0.0,0.022047515958547592
19544.0,0.0,0.022613143548369408
19545.0,0.0,0.02663862146437168
19546.0,0.0,0.0034331486094743013
19547.0,0.0,0.02749258652329445
19548.0,0.0,0.028385622426867485
19549.0,0.0,0.025771109387278557
19550.0,0.0,0.025945642963051796
19551.0,0.0,0.025743823498487473
19552.0,0.0,0.03441289812326431
19553.0,0.0,0.029283806681632996
19554.0,0.0,0.025227047502994537
19555.0,0.0,0.02628469653427601
19556.0,0.0,0.01899777166545391
19557.0,0.0,0.016435613855719566
19558.0,0.0,0.05333281680941582
19559.0,0.0,0.0015753095503896475
19560.0,0.0,0.01562632992863655
19561.0,0.0,0.056276835501194
19562.0,0.0,0.001552709611132741
19563.0,0.0,0.016225576400756836
19564.0,0.0,0.01982910931110382
19565.0,0.0,0.029535578563809395
19566.0,0.0,0.022938264533877373
19567.0,0.0,0.026122327893972397
19568.0,0.0,0.038782041519880295
19569.0,0.0,0.06512225419282913
19570.0,0.0,0.026141773909330368
19571.0,0.0,0.014678625389933586
19572.0,0.0,0.04092149809002876
19573.0,0.0,0.024871468544006348
19574.0,0.0,0.023636609315872192
19575.0,0.0,0.024590618908405304
19576.0,0.0,0.06113040819764137
19577.0,0.0,0.015096615068614483
19578.0,0.0,0.0013536671176552773
19579.0,0.0,0.04063725471496582
19580.0,0.0,0.021197669208049774
19581.0,0.0,0.017969094216823578
19582.0,0.0,0.022685261443257332
19583.0,0.0,0.06474325805902481
19584.0,0.0,0.023568198084831238
19585.0,0.0,0.024590618908405304
19586.0,0.0,0.017739813774824142
19587.0,0.0,0.014743927866220474
19588.0,0.0,0.027234036475419998
19589.0,0.0,0.032610755413770676
19590.0,0.0,0.02481570467352867
19591.0,0.0,0.01575755886733532
19592.0,0.0,0.015916068106889725
19593.0,1.0,0.4532330334186554
19594.0,0.0,0.031205356121063232
19595.0,0.0,0.02632135897874832
19596.0,0.0,0.06536383181810379
19597.0,0.0,0.025005033239722252
19598.0,0.0,0.02445853315293789
19599.0,0.0,0.02544485405087471
19600.0,1.0,0.024590618908405304
19601.0,0.0,0.024510623887181282
19602.0,0.0,0.024871468544006348
19603.0,0.0,0.024970166385173798
19604.0,0.0,0.0014202744932845235
19605.0,0.0,0.00131948699709028
19606.0,0.0,0.02440434880554676
19607.0,0.0,0.0012283599935472012
19608.0,0.0,0.024906201288104057
19609.0,0.0,0.022331207990646362
19610.0,1.0,0.9957259893417358
19611.0,0.0,0.015413998626172543
19612.0,0.0,0.026301685720682144
19613.0,0.0,0.05515262857079506
19614.0,0.0,0.015375401824712753
19615.0,0.0,0.025771109387278557
19616.0,0.0,0.02445853315293789
19617.0,0.0,0.018040908500552177
19618.0,0.0,0.025771109387278557
19619.0,0.0,0.04391167312860489
19620.0,0.0,0.025771109387278557
19621.0,1.0,0.43402186036109924
19622.0,0.0,0.4226042330265045
19623.0,0.0,0.0013140484225004911
19624.0,0.0,0.015413998626172543
19625.0,0.0,0.02814936637878418
19626.0,0.0,0.025346089154481888
19627.0,0.0,0.0015091396635398269
19628.0,0.0,0.025873281061649323
19629.0,0.0,0.4431282579898834
19630.0,0.0,0.0597548745572567
19631.0,0.0,0.025771109387278557
19632.0,0.0,0.022938264533877373
19633.0,0.0,0.01445102971047163
19634.0,0.0,0.0014693202683702111
19635.0,0.0,0.05520085245370865
19636.0,0.0,0.014073389582335949
19637.0,0.0,0.024906201288104057
19638.0,0.0,0.01533604972064495
19639.0,0.0,0.05907125025987625
19640.0,1.0,0.024906201288104057
19641.0,1.0,0.043226346373558044
19642.0,0.0,0.05607227236032486
19643.0,0.0,0.016435613855719566
19644.0,0.0,0.0246882326900959
19645.0,0.0,0.0012333538616076112
19646.0,0.0,0.016121400520205498
19647.0,0.0,0.015413998626172543
19648.0,0.0,0.027234036475419998
19649.0,0.0,0.025873281061649323
19650.0,1.0,0.3399466276168823
19651.0,0.0,0.05638376995921135
19652.0,0.0,0.013825992122292519
19653.0,0.0,0.027234036475419998
19654.0,0.0,0.016688881441950798
19655.0,0.0,0.0012446987675502896
19656.0,0.0,0.016435613855719566
19657.0,0.0,0.06654705852270126
19658.0,0.0,0.024717602878808975
19659.0,0.0,0.015438084490597248
19660.0,0.0,0.015638090670108795
19661.0,0.0,0.025873281061649323
19662.0,0.0,0.02314114384353161
19663.0,0.0,0.027341853827238083
19664.0,0.0,0.027070535346865654
19665.0,0.0,0.019073618575930595
19666.0,0.0,0.027955632656812668
19667.0,0.0,0.015537110157310963
19668.0,0.0,0.022487236186861992
19669.0,0.0,0.024906201288104057
19670.0,0.0,0.01830248348414898
19671.0,0.0,0.02236247807741165
19672.0,0.0,0.024717602878808975
19673.0,0.0,0.07891926169395447
19674.0,0.0,0.010880522429943085
19675.0,0.0,0.015413998626172543
19676.0,0.0,0.016158010810613632
19677.0,0.0,0.0013462231727316976
19678.0,0.0,0.017969094216823578
19679.0,0.0,0.022420059889554977
19680.0,0.0,0.033143751323223114
19681.0,0.0,0.017969094216823578
19682.0,0.0,0.016435613855719566
19683.0,0.0,0.010952994227409363
19684.0,0.0,0.024717602878808975
19685.0,0.0,0.025771109387278557
19686.0,0.0,0.05708349123597145
19687.0,0.0,0.025771109387278557
19688.0,0.0,0.0014632827369496226
19689.0,0.0,0.024717602878808975
19690.0,0.0,0.025771109387278557
19691.0,0.0,0.017693044617772102
19692.0,0.0,0.015223466791212559
19693.0,0.0,0.016994355246424675
19694.0,0.0,0.06575985997915268
19695.0,0.0,0.024871468544006348
19696.0,0.0,0.014743927866220474
19697.0,0.0,0.025545770302414894
19698.0,0.0,0.0014202744932845235
19699.0,0.0,0.033961985260248184
19700.0,0.0,0.42605772614479065
19701.0,0.0,0.016109652817249298
19702.0,0.0,0.024717602878808975
19703.0,0.0,0.0012283599935472012
19704.0,0.0,0.02644209749996662
19705.0,0.0,0.024871468544006348
19706.0,0.0,0.0015091396635398269
19707.0,0.0,0.017969094216823578
19708.0,0.0,0.025771109387278557
19709.0,0.0,0.027341853827238083
19710.0,0.0,0.017969094216823578
19711.0,0.0,0.01704694889485836
19712.0,0.0,0.022847406566143036
19713.0,0.0,0.025771109387278557
19714.0,0.0,0.022689338773489
19715.0,0.0,0.13400940597057343
19716.0,0.0,0.017115604132413864
19717.0,0.0,0.02709795907139778
19718.0,0.0,0.01158476434648037
19719.0,0.0,0.02323314920067787
19720.0,0.0,0.05599655583500862
19721.0,0.0,0.025771109387278557
19722.0,0.0,0.0033153772819787264
19723.0,0.0,0.024231432005763054
19724.0,0.0,0.0014202744932845235
19725.0,0.0,0.02314114384353161
19726.0,0.0,0.019525164738297462
19727.0,0.0,0.01729780063033104
19728.0,0.0,0.024555636569857597
19729.0,1.0,0.06066334247589111
19730.0,0.0,0.02663862146437168
19731.0,0.0,0.017739813774824142
19732.0,0.0,0.025005033239722252
19733.0,0.0,0.023636609315872192
19734.0,0.0,0.017969094216823578
19735.0,0.0,0.025771109387278557
19736.0,0.0,0.024555636569857597
19737.0,0.0,0.024871468544006348
19738.0,0.0,0.06123312562704086
19739.0,0.0,0.024906201288104057
19740.0,0.0,0.016674311831593513
19741.0,0.0,0.023721186444163322
19742.0,0.0,0.02314114384353161
19743.0,0.0,0.0015612490242347121
19744.0,0.0,0.057245396077632904
19745.0,0.0,0.058099646121263504
19746.0,1.0,0.06175331398844719
19747.0,0.0,0.012085461057722569
19748.0,0.0,0.01729780063033104
19749.0,0.0,0.0012283599935472012
19750.0,0.0,0.022847406566143036
19751.0,0.0,0.02544485405087471
19752.0,0.0,0.024717602878808975
19753.0,0.0,0.001449301722459495
19754.0,0.0,0.02207839861512184
19755.0,0.0,0.02663862146437168
19756.0,0.0,0.02641528844833374
19757.0,0.0,0.03206056356430054
19758.0,0.0,0.023887183517217636
19759.0,1.0,0.05882978439331055
19760.0,0.0,0.027128420770168304
19761.0,0.0,0.027424313127994537
19762.0,0.0,0.057245396077632904
19763.0,0.0,0.012085461057722569
19764.0,0.0,0.025073513388633728
19765.0,0.0,0.0597548745572567
19766.0,0.0,0.0013714581727981567
19767.0,0.0,0.024289600551128387
19768.0,0.0,0.027234036475419998
19769.0,0.0,0.023922305554151535
19770.0,0.0,0.025245940312743187
19771.0,0.0,0.02632135897874832
19772.0,0.0,0.017969094216823578
19773.0,0.0,0.05515262857079506
19774.0,0.0,0.06639550626277924
19775.0,0.0,0.024906201288104057
19776.0,0.0,0.015028689987957478
19777.0,0.0,0.02445853315293789
19778.0,0.0,0.027341853827238083
19779.0,0.0,0.0263888631016016
19780.0,0.0,0.025550583377480507
19781.0,0.0,0.02526475116610527
19782.0,0.0,0.025873281061649323
19783.0,0.0,0.017378058284521103
19784.0,0.0,0.02544485405087471
19785.0,1.0,0.06344211101531982
19786.0,0.0,0.014027321711182594
19787.0,0.0,0.0013714581727981567
19788.0,0.0,0.03458906710147858
19789.0,0.0,0.07039401680231094
19790.0,0.0,0.02236247807741165
19791.0,0.0,0.4532330334186554
19792.0,1.0,0.4338580071926117
19793.0,0.0,0.001422525616362691
19794.0,0.0,0.02355126105248928
19795.0,0.0,0.02745433896780014
19796.0,0.0,0.022938264533877373
19797.0,0.0,0.0014693202683702111
19798.0,0.0,0.04019296169281006
19799.0,0.0,0.023922305554151535
19800.0,0.0,0.02236247807741165
19801.0,0.0,0.0013629813911393285
19802.0,0.0,0.025873281061649323
19803.0,0.0,0.0033651040866971016
19804.0,0.0,0.015675872564315796
19805.0,0.0,0.022166267037391663
19806.0,0.0,0.025346089154481888
19807.0,0.0,0.02481570467352867
19808.0,0.0,0.02632135897874832
19809.0,0.0,0.0008083566790446639
19810.0,0.0,0.4342096447944641
19811.0,0.0,0.015675872564315796
19812.0,0.0,0.015413998626172543
19813.0,0.0,0.01704694889485836
19814.0,0.0,0.025771109387278557
19815.0,0.0,0.025771109387278557
19816.0,0.0,0.06635303795337677
19817.0,0.0,0.025771109387278557
19818.0,0.0,0.02314114384353161
19819.0,0.0,0.056211650371551514
19820.0,0.0,0.025771109387278557
19821.0,0.0,0.015938570722937584
19822.0,0.0,0.024970166385173798
19823.0,0.0,0.025514967739582062
19824.0,0.0,0.018288765102624893
19825.0,0.0,0.02628469653427601
19826.0,0.0,0.02663862146437168
19827.0,0.0,0.02507074922323227
19828.0,0.0,0.015856554731726646
19829.0,0.0,0.0014752917923033237
19830.0,0.0,0.02475586347281933
19831.0,0.0,0.015916068106889725
19832.0,0.0,0.015878908336162567
19833.0,0.0,0.02360360138118267
19834.0,0.0,0.01722889207303524
19835.0,0.0,0.025383293628692627
19836.0,0.0,0.022331207990646362
19837.0,0.0,0.025771109387278557
19838.0,0.0,0.026122327893972397
19839.0,0.0,0.026744144037365913
19840.0,0.0,0.06344211101531982
19841.0,0.0,0.050926804542541504
19842.0,0.0,0.003405652241781354
19843.0,0.0,0.03981105983257294
19844.0,0.0,0.015413998626172543
19845.0,0.0,0.01376468688249588
19846.0,0.0,0.02544485405087471
19847.0,0.0,0.02544485405087471
19848.0,0.0,0.025229530408978462
19849.0,0.0,0.0246882326900959
19850.0,0.0,0.05645400658249855
19851.0,0.0,0.02314114384353161
19852.0,0.0,0.025771109387278557
19853.0,0.0,0.022420059889554977
19854.0,0.0,0.018040908500552177
19855.0,0.0,0.022331207990646362
19856.0,0.0,0.024231432005763054
19857.0,1.0,0.4492799937725067
19858.0,0.0,0.017969094216823578
19859.0,0.0,0.025651903823018074
19860.0,0.0,0.035611413419246674
19861.0,0.0,0.0013140484225004911
19862.0,0.0,0.017968246713280678
19863.0,0.0,0.04326498880982399
19864.0,0.0,0.05237181484699249
19865.0,0.0,0.017969094216823578
19866.0,0.0,0.016964009031653404
19867.0,0.0,0.025771109387278557
19868.0,0.0,0.0623965822160244
19869.0,0.0,0.010026548989117146
19870.0,0.0,0.025771109387278557
19871.0,0.0,0.0357380211353302
19872.0,0.0,0.02314114384353161
19873.0,0.0,0.058941278606653214
19874.0,0.0,0.025771109387278557
19875.0,0.0,0.025873281061649323
19876.0,0.0,0.02632135897874832
19877.0,0.0,0.017969094216823578
19878.0,0.0,0.024717602878808975
19879.0,0.0,0.0167525801807642
19880.0,0.0,0.036027662456035614
19881.0,0.0,0.015938570722937584
19882.0,0.0,0.025771109387278557
19883.0,0.0,0.022451452910900116
19884.0,0.0,0.0262258630245924
19885.0,0.0,0.010952994227409363
19886.0,1.0,0.02641528844833374
19887.0,0.0,0.02314114384353161
19888.0,0.0,0.06375277787446976
19889.0,0.0,0.026425663381814957
19890.0,0.0,0.0014693202683702111
19891.0,0.0,0.024906201288104057
19892.0,0.0,0.01533604972064495
19893.0,0.0,0.03630084544420242
19894.0,0.0,0.030007455497980118
19895.0,0.0,0.024906201288104057
19896.0,0.0,0.027234036475419998
19897.0,0.0,0.025227047502994537
19898.0,0.0,0.016446709632873535
19899.0,0.0,0.03508663550019264
19900.0,0.0,0.016435613855719566
19901.0,0.0,0.0034886039793491364
19902.0,0.0,0.017115140333771706
19903.0,0.0,0.015856554731726646
19904.0,0.0,0.0012720894301310182
19905.0,0.0,0.027234036475419998
19906.0,0.0,0.02445853315293789
19907.0,0.0,0.05599725991487503
19908.0,0.0,0.025771109387278557
19909.0,0.0,0.018040908500552177
19910.0,0.0,0.0014260467141866684
19911.0,0.0,0.013551066629588604
19912.0,0.0,0.0014752917923033237
19913.0,0.0,0.05157766491174698
19914.0,0.0,0.4392189085483551
19915.0,0.0,0.024906201288104057
19916.0,0.0,0.027983561158180237
19917.0,0.0,0.013825992122292519
19918.0,0.0,0.02314114384353161
19919.0,0.0,0.024871468544006348
19920.0,0.0,0.015119008719921112
19921.0,0.0,0.05693892389535904
19922.0,0.0,0.024906201288104057
19923.0,0.0,0.05697326734662056
19924.0,1.0,0.05795514956116676
19925.0,0.0,0.02314114384353161
19926.0,0.0,0.025245940312743187
19927.0,0.0,0.013551066629588604
19928.0,0.0,0.02398207224905491
19929.0,0.0,0.03178608790040016
19930.0,0.0,0.058220189064741135
19931.0,0.0,0.025771109387278557
19932.0,0.0,0.025514967739582062
19933.0,0.0,0.025771109387278557
19934.0,0.0,0.03683403134346008
19935.0,0.0,0.025005033239722252
19936.0,0.0,0.05848557502031326
19937.0,1.0,0.43061134219169617
19938.0,0.0,0.027341853827238083
19939.0,0.0,0.016435613855719566
19940.0,0.0,0.024906201288104057
19941.0,0.0,0.05916696786880493
19942.0,0.0,0.025771109387278557
19943.0,0.0,0.03858567029237747
19944.0,0.0,0.025771109387278557
19945.0,1.0,0.02440434880554676
19946.0,0.0,0.01899777166545391
19947.0,0.0,0.01685047335922718
19948.0,0.0,0.02814936637878418
19949.0,0.0,0.018040908500552177
19950.0,0.0,0.05514055863022804
19951.0,0.0,0.003618840826675296
19952.0,0.0,0.01575755886733532
19953.0,0.0,0.03928789868950844
19954.0,0.0,0.017969094216823578
19955.0,0.0,0.024717602878808975
19956.0,0.0,0.06175331398844719
19957.0,0.0,0.02236247807741165
19958.0,0.0,0.025545770302414894
19959.0,0.0,0.028914401307702065
19960.0,0.0,0.024871468544006348
19961.0,0.0,0.003394956700503826
19962.0,0.0,0.0014566865283995867
19963.0,0.0,0.01722889207303524
19964.0,0.0,0.023697391152381897
19965.0,0.0,0.019073618575930595
19966.0,0.0,0.026744144037365913
19967.0,0.0,0.029535578563809395
19968.0,0.0,0.0031331481877714396
19969.0,0.0,0.035886865109205246
19970.0,0.0,0.025810956954956055
19971.0,0.0,0.025771109387278557
19972.0,0.0,0.015413998626172543
19973.0,0.0,0.024906201288104057
19974.0,1.0,0.42014530301094055
19975.0,0.0,0.014223608188331127
19976.0,0.0,0.0014513740316033363
19977.0,1.0,0.06297677010297775
19978.0,0.0,0.02355126105248928
19979.0,0.0,0.0014202744932845235
19980.0,0.0,0.027234036475419998
19981.0,0.0,0.024906201288104057
19982.0,0.0,0.014743927866220474
19983.0,1.0,0.4532330334186554
19984.0,0.0,0.0013517334591597319
19985.0,0.0,0.03889988735318184
19986.0,0.0,0.025873281061649323
19987.0,0.0,0.054562490433454514
19988.0,0.0,0.0013140484225004911
19989.0,0.0,0.0014202744932845235
19990.0,0.0,0.0013978133210912347
19991.0,0.0,0.024717602878808975
19992.0,0.0,0.019073618575930595
19993.0,0.0,0.05795514956116676
19994.0,0.0,0.02323314920067787
19995.0,0.0,0.017816275358200073
19996.0,0.0,0.0014513740316033363
19997.0,0.0,0.01158476434648037
19998.0,0.0,0.024970166385173798
19999.0,0.0,0.06006842106580734
20000.0,0.0,0.02749258652329445
20001.0,0.0,0.017739813774824142
20002.0,0.0,0.05607227236032486
20003.0,0.0,0.025771109387278557
20004.0,0.0,0.02632135897874832
20005.0,0.0,0.47073468565940857
20006.0,0.0,0.061746884137392044
20007.0,0.0,0.02323314920067787
20008.0,0.0,0.02440434880554676
20009.0,0.0,0.02445853315293789
20010.0,0.0,0.026301685720682144
20011.0,0.0,0.058941278606653214
20012.0,0.0,0.018225423991680145
20013.0,0.0,0.015413998626172543
20014.0,0.0,0.017969094216823578
20015.0,0.0,0.01678997464478016
20016.0,0.0,0.00338260130956769
20017.0,0.0,0.0013714581727981567
20018.0,0.0,0.02544485405087471
20019.0,0.0,0.02314114384353161
20020.0,0.0,0.02460574544966221
20021.0,0.0,0.02317703142762184
20022.0,0.0,0.05795514956116676
20023.0,0.0,0.025771109387278557
20024.0,0.0,0.02398207224905491
20025.0,0.0,0.024871468544006348
20026.0,0.0,0.018421942368149757
20027.0,0.0,0.025873281061649323
20028.0,0.0,0.016994355246424675
20029.0,0.0,0.02314114384353161
20030.0,0.0,0.0014752917923033237
20031.0,0.0,0.02632135897874832
20032.0,0.0,0.016853002831339836
20033.0,0.0,0.025771109387278557
20034.0,0.0,0.027234036475419998
20035.0,0.0,0.015938570722937584
20036.0,0.0,0.025873281061649323
20037.0,0.0,0.01722889207303524
20038.0,0.0,0.02663862146437168
20039.0,0.0,0.0016694687074050307
20040.0,0.0,0.4626805782318115
20041.0,0.0,0.02236247807741165
20042.0,0.0,0.025873281061649323
20043.0,0.0,0.025771109387278557
20044.0,0.0,0.05990771949291229
20045.0,0.0,0.016853002831339836
20046.0,0.0,0.025005033239722252
20047.0,0.0,0.02314114384353161
20048.0,0.0,0.045390501618385315
20049.0,0.0,0.02632135897874832
20050.0,0.0,0.024906201288104057
20051.0,0.0,0.34169960021972656
20052.0,0.0,0.02236247807741165
20053.0,0.0,0.05708349123597145
20054.0,0.0,0.027234036475419998
20055.0,0.0,0.0015030310023576021
20056.0,0.0,0.05983950197696686
20057.0,0.0,0.016122156754136086
20058.0,0.0,0.02445853315293789
20059.0,0.0,0.017255766317248344
20060.0,0.0,0.05998348444700241
20061.0,0.0,0.06549040228128433
20062.0,0.0,0.01618671976029873
20063.0,0.0,0.02544485405087471
20064.0,0.0,0.02419760823249817
20065.0,1.0,0.4532330334186554
20066.0,0.0,0.032331932336091995
20067.0,0.0,0.01830248348414898
20068.0,0.0,0.02526475116610527
20069.0,1.0,0.06335165351629257
20070.0,0.0,0.02653190866112709
20071.0,0.0,0.014243694953620434
20072.0,0.0,0.02624538727104664
20073.0,0.0,0.014743927866220474
20074.0,0.0,0.02632135897874832
20075.0,0.0,0.027424313127994537
20076.0,0.0,0.024717602878808975
20077.0,0.0,0.025771109387278557
20078.0,0.0,0.016777299344539642
20079.0,0.0,0.022685261443257332
20080.0,0.0,0.0013536671176552773
20081.0,0.0,0.025873281061649323
20082.0,0.0,0.0014566865283995867
20083.0,0.0,0.003839910728856921
20084.0,0.0,0.017478905618190765
20085.0,0.0,0.0013714581727981567
20086.0,0.0,0.01704694889485836
20087.0,0.0,0.02236247807741165
20088.0,0.0,0.014870388433337212
20089.0,0.0,0.019073618575930595
20090.0,0.0,0.0014202744932845235
20091.0,0.0,0.015903720632195473
20092.0,0.0,0.02663862146437168
20093.0,0.0,0.0015091396635398269
20094.0,0.0,0.01899777166545391
20095.0,0.0,0.36442863941192627
20096.0,0.0,0.027234036475419998
20097.0,0.0,0.060643456876277924
20098.0,0.0,0.023474901914596558
20099.0,0.0,0.058183833956718445
20100.0,0.0,0.02710825391113758
20101.0,0.0,0.05708349123597145
20102.0,0.0,0.023887183517217636
20103.0,0.0,0.024590618908405304
20104.0,0.0,0.025771109387278557
20105.0,0.0,0.02440434880554676
20106.0,0.0,0.025005033239722252
20107.0,0.0,0.04463241621851921
20108.0,0.0,0.024717602878808975
20109.0,0.0,0.04854589328169823
20110.0,0.0,0.017969094216823578
20111.0,0.0,0.022331207990646362
20112.0,0.0,0.0014202744932845235
20113.0,0.0,0.013825992122292519
20114.0,0.0,0.016661789268255234
20115.0,0.0,0.024717602878808975
20116.0,0.0,0.027001334354281425
20117.0,0.0,0.0032437474001199007
20118.0,0.0,0.016435613855719566
20119.0,1.0,0.05393500626087189
20120.0,0.0,0.02526475116610527
20121.0,0.0,0.025771109387278557
20122.0,0.0,0.024871468544006348
20123.0,0.0,0.025245940312743187
20124.0,0.0,0.025771109387278557
20125.0,0.0,0.0597548745572567
20126.0,0.0,0.016766361892223358
20127.0,0.0,0.024017333984375
20128.0,0.0,0.02314114384353161
20129.0,0.0,0.025005033239722252
20130.0,0.0,0.022331207990646362
20131.0,1.0,0.040762387216091156
20132.0,0.0,0.027777401730418205
20133.0,0.0,0.025771109387278557
20134.0,0.0,0.0246882326900959
20135.0,0.0,0.0262258630245924
20136.0,0.0,0.05530938133597374
20137.0,0.0,0.022451452910900116
20138.0,0.0,0.3513956665992737
20139.0,0.0,0.016994355246424675
20140.0,0.0,0.017969094216823578
20141.0,0.0,0.016435613855719566
20142.0,0.0,0.02618446946144104
20143.0,0.0,0.025771109387278557
20144.0,0.0,0.02314114384353161
20145.0,0.0,0.060583945363759995
20146.0,0.0,0.0013906233943998814
20147.0,0.0,0.030466215685009956
20148.0,0.0,0.06021404266357422
20149.0,0.0,0.037583593279123306
20150.0,0.0,0.06644915789365768
20151.0,0.0,0.01678997464478016
20152.0,0.0,0.015675872564315796
20153.0,0.0,0.025873281061649323
20154.0,0.0,0.02314114384353161
20155.0,0.0,0.02481570467352867
20156.0,0.0,0.02632135897874832
20157.0,0.0,0.02814936637878418
20158.0,0.0,0.05520085245370865
20159.0,0.0,0.04056795686483383
20160.0,0.0,0.01722889207303524
20161.0,0.0,0.016435613855719566
20162.0,0.0,0.015878908336162567
20163.0,0.0,0.038782041519880295
20164.0,1.0,0.47821998596191406
20165.0,0.0,0.017378058284521103
20166.0,0.0,0.02628469653427601
20167.0,0.0,0.04081787168979645
20168.0,0.0,0.010952994227409363
20169.0,0.0,0.03928789868950844
20170.0,0.0,0.06100006029009819
20171.0,1.0,0.42014530301094055
20172.0,0.0,0.02663862146437168
20173.0,0.0,0.022331207990646362
20174.0,0.0,0.024906201288104057
20175.0,0.0,0.01697045937180519
20176.0,1.0,0.015556056052446365
20177.0,0.0,0.025771109387278557
20178.0,0.0,0.024906201288104057
20179.0,0.0,0.024590618908405304
20180.0,0.0,0.015223466791212559
20181.0,0.0,0.022166267037391663
20182.0,0.0,0.058941278606653214
20183.0,0.0,0.024871468544006348
20184.0,0.0,0.02632135897874832
20185.0,0.0,0.018040908500552177
20186.0,0.0,0.019770890474319458
20187.0,0.0,0.4316074550151825
20188.0,0.0,0.05708349123597145
20189.0,0.0,0.0013121713418513536
20190.0,0.0,0.023636609315872192
20191.0,0.0,0.01899777166545391
20192.0,0.0,0.01704694889485836
20193.0,0.0,0.02314114384353161
20194.0,0.0,0.05929740518331528
20195.0,0.0,0.016777299344539642
20196.0,0.0,0.02632135897874832
20197.0,0.0,0.0015030310023576021
20198.0,0.0,0.037017326802015305
20199.0,0.0,0.025005033239722252
20200.0,0.0,0.0013141449308022857
20201.0,0.0,0.039073653519153595
20202.0,0.0,0.05910811945796013
20203.0,0.0,0.023853830993175507
20204.0,0.0,0.026744144037365913
20205.0,0.0,0.026405904442071915
20206.0,0.0,0.017378058284521103
20207.0,0.0,0.02323314920067787
20208.0,0.0,0.000908680958673358
20209.0,1.0,0.45195722579956055
20210.0,0.0,0.012654697522521019
20211.0,0.0,0.003027089638635516
20212.0,0.0,0.027341853827238083
20213.0,0.0,0.01678997464478016
20214.0,0.0,0.027021421119570732
20215.0,0.0,0.0015030310023576021
20216.0,0.0,0.022743655368685722
20217.0,0.0,0.003504489315673709
20218.0,0.0,0.06329625844955444
20219.0,0.0,0.02632135897874832
20220.0,0.0,0.025229530408978462
20221.0,0.0,0.02663862146437168
20222.0,1.0,0.4739935100078583
20223.0,0.0,0.023922305554151535
20224.0,0.0,0.061627063900232315
20225.0,0.0,0.02314114384353161
20226.0,0.0,0.0185039434581995
20227.0,0.0,0.027341853827238083
20228.0,0.0,0.0014202744932845235
20229.0,0.0,0.025771109387278557
20230.0,0.0,0.03636007010936737
20231.0,0.0,0.025771109387278557
20232.0,0.0,0.01899777166545391
20233.0,0.0,0.023887183517217636
20234.0,0.0,0.013825992122292519
20235.0,0.0,0.024906201288104057
20236.0,0.0,0.041240986436605453
20237.0,0.0,0.015916068106889725
20238.0,0.0,0.026425663381814957
20239.0,0.0,0.06417536735534668
20240.0,0.0,0.02632135897874832
20241.0,0.0,0.023887183517217636
20242.0,0.0,0.02854803204536438
20243.0,0.0,0.025545770302414894
20244.0,0.0,0.015041153877973557
20245.0,0.0,0.024590618908405304
20246.0,0.0,0.02348615787923336
20247.0,0.0,0.015616292133927345
20248.0,0.0,0.024970166385173798
20249.0,0.0,0.02544485405087471
20250.0,0.0,0.031205356121063232
20251.0,0.0,0.015916068106889725
20252.0,0.0,0.024906201288104057
20253.0,0.0,0.0263888631016016
20254.0,0.0,0.0014401210937649012
20255.0,0.0,0.014555196277797222
20256.0,0.0,0.0013714581727981567
20257.0,0.0,0.0013714581727981567
20258.0,0.0,0.03922644257545471
20259.0,0.0,0.024906201288104057
20260.0,0.0,0.022938264533877373
20261.0,0.0,0.41323480010032654
20262.0,0.0,0.015246058814227581
20263.0,0.0,0.037497278302907944
20264.0,0.0,0.0014202744932845235
20265.0,0.0,0.026301685720682144
20266.0,0.0,0.023730525746941566
20267.0,0.0,0.02632135897874832
20268.0,0.0,0.02532961592078209
20269.0,0.0,0.026425663381814957
20270.0,0.0,0.024871468544006348
20271.0,0.0,0.025771109387278557
20272.0,0.0,0.025545770302414894
20273.0,0.0,0.003504489315673709
20274.0,0.0,0.02544485405087471
20275.0,0.0,0.017115604132413864
20276.0,0.0,0.055439580231904984
20277.0,0.0,0.02358420193195343
20278.0,1.0,0.4476095139980316
20279.0,0.0,0.027725663036108017
20280.0,0.0,0.02236247807741165
20281.0,0.0,0.05552198737859726
20282.0,0.0,0.022451452910900116
20283.0,0.0,0.016435613855719566
20284.0,0.0,0.0015030310023576021
20285.0,0.0,0.05708349123597145
20286.0,0.0,0.016225576400756836
20287.0,0.0,0.016122156754136086
20288.0,0.0,0.02445853315293789
20289.0,0.0,0.024717602878808975
20290.0,0.0,0.013825992122292519
20291.0,1.0,0.06428132206201553
20292.0,0.0,0.027341853827238083
20293.0,0.0,0.02628469653427601
20294.0,1.0,0.33064690232276917
20295.0,0.0,0.02481570467352867
20296.0,0.0,0.055439580231904984
20297.0,0.0,0.022331207990646362
20298.0,0.0,0.025873281061649323
20299.0,0.0,0.05787777155637741
20300.0,1.0,0.4247133731842041
20301.0,0.0,0.014777462929487228
20302.0,0.0,0.0014693202683702111
20303.0,0.0,0.43061134219169617
20304.0,0.0,0.0015478249406442046
20305.0,0.0,0.027234036475419998
20306.0,0.0,0.025771109387278557
20307.0,1.0,0.9784245491027832
20308.0,0.0,0.0014513740316033363
20309.0,0.0,0.056640829890966415
20310.0,0.0,0.024871468544006348
20311.0,0.0,0.01521681435406208
20312.0,0.0,0.014743927866220474
20313.0,0.0,0.025873281061649323
20314.0,0.0,0.05607227236032486
20315.0,0.0,0.015856554731726646
20316.0,0.0,0.023474901914596558
20317.0,0.0,0.01574668474495411
20318.0,0.0,0.023887183517217636
20319.0,0.0,0.026706915348768234
20320.0,0.0,0.06549248099327087
20321.0,0.0,0.015438084490597248
20322.0,0.0,0.027234036475419998
20323.0,0.0,0.02814936637878418
20324.0,0.0,0.037081919610500336
20325.0,0.0,0.01899777166545391
20326.0,0.0,0.014777462929487228
20327.0,0.0,0.025245940312743187
20328.0,0.0,0.026425663381814957
20329.0,0.0,0.028057031333446503
20330.0,0.0,0.022047515958547592
20331.0,0.0,0.025771109387278557
20332.0,0.0,0.025771109387278557
20333.0,0.0,0.024906201288104057
20334.0,0.0,0.015116751194000244
20335.0,0.0,0.43061134219169617
20336.0,0.0,0.02440434880554676
20337.0,0.0,0.02236247807741165
20338.0,0.0,0.0013608243316411972
20339.0,0.0,0.029652222990989685
20340.0,0.0,0.013825992122292519
20341.0,0.0,0.04260427877306938
20342.0,0.0,0.05454898998141289
20343.0,0.0,0.06302212178707123
20344.0,0.0,0.024906201288104057
20345.0,0.0,0.01618671976029873
20346.0,0.0,0.027021421119570732
20347.0,0.0,0.027341853827238083
20348.0,0.0,0.025771109387278557
20349.0,1.0,0.02236247807741165
20350.0,0.0,0.025283005088567734
20351.0,0.0,0.02236247807741165
20352.0,0.0,0.02544485405087471
20353.0,0.0,0.024871468544006348
20354.0,0.0,0.023887183517217636
20355.0,0.0,0.025229530408978462
20356.0,0.0,0.0238907840102911
20357.0,0.0,0.023922305554151535
20358.0,0.0,0.022451452910900116
20359.0,0.0,0.015086700208485126
20360.0,0.0,0.0013629813911393285
20361.0,0.0,0.02360360138118267
20362.0,0.0,0.0012989522656425834
20363.0,0.0,0.024871468544006348
20364.0,0.0,0.02681986428797245
20365.0,0.0,0.025771109387278557
20366.0,0.0,0.017969094216823578
20367.0,0.0,0.024960659444332123
20368.0,0.0,0.03527308255434036
20369.0,0.0,0.025771109387278557
20370.0,0.0,0.0014909888850525022
20371.0,0.0,0.02361888997256756
20372.0,0.0,0.024871468544006348
20373.0,0.0,0.02440434880554676
20374.0,0.0,0.05952965468168259
20375.0,0.0,0.0013714581727981567
20376.0,0.0,0.022847406566143036
20377.0,0.0,0.026074662804603577
20378.0,0.0,0.029535578563809395
20379.0,0.0,0.014124889858067036
20380.0,0.0,0.03859657794237137
20381.0,0.0,0.023853830993175507
20382.0,0.0,0.023780781775712967
20383.0,0.0,0.06388740986585617
20384.0,0.0,0.4169633090496063
20385.0,0.0,0.025771109387278557
20386.0,0.0,0.022398246452212334
20387.0,0.0,0.022847406566143036
20388.0,1.0,0.42550188302993774
20389.0,0.0,0.02404242940247059
20390.0,0.0,0.016122156754136086
20391.0,0.0,0.02481570467352867
20392.0,0.0,0.0597548745572567
20393.0,0.0,0.025873281061649323
20394.0,0.0,0.46526992321014404
20395.0,0.0,0.02314114384353161
20396.0,0.0,0.017115140333771706
20397.0,0.0,0.0013886369997635484
20398.0,0.0,0.00146260648034513
20399.0,0.0,0.022653555497527122
20400.0,0.0,0.022847406566143036
20401.0,0.0,0.02236247807741165
20402.0,0.0,0.025771109387278557
20403.0,0.0,0.0013608243316411972
20404.0,0.0,0.01635638438165188
20405.0,0.0,0.0015030310023576021
20406.0,0.0,0.0385444350540638
20407.0,1.0,0.3513956665992737
20408.0,0.0,0.025545770302414894
20409.0,1.0,0.026744144037365913
20410.0,0.0,0.025771109387278557
20411.0,0.0,0.010713044553995132
20412.0,0.0,0.0014693202683702111
20413.0,0.0,0.023420259356498718
20414.0,0.0,0.03527308255434036
20415.0,0.0,0.01707693375647068
20416.0,1.0,0.4270581603050232
20417.0,0.0,0.02236247807741165
20418.0,0.0,0.024906201288104057
20419.0,0.0,0.02314114384353161
20420.0,0.0,0.025545770302414894
20421.0,0.0,0.0012772607151418924
20422.0,0.0,0.024906201288104057
20423.0,0.0,0.015223466791212559
20424.0,0.0,0.02663862146437168
20425.0,0.0,0.025873281061649323
20426.0,0.0,0.025283005088567734
20427.0,0.0,0.025873281061649323
20428.0,0.0,0.01521681435406208
20429.0,0.0,0.02814936637878418
20430.0,0.0,0.026122327893972397
20431.0,0.0,0.06175331398844719
20432.0,0.0,0.016435613855719566
20433.0,0.0,0.020260566845536232
20434.0,0.0,0.0014459739904850721
20435.0,0.0,0.015979811549186707
20436.0,0.0,0.02663862146437168
20437.0,0.0,0.05366476997733116
20438.0,0.0,0.024556316435337067
20439.0,0.0,0.02663862146437168
20440.0,0.0,0.025771109387278557
20441.0,0.0,0.02445853315293789
20442.0,1.0,0.02108915150165558
20443.0,0.0,0.0013770321384072304
20444.0,0.0,0.02314114384353161
20445.0,0.0,0.016409974545240402
20446.0,1.0,0.4270581603050232
20447.0,0.0,0.025873281061649323
20448.0,0.0,0.025245940312743187
20449.0,0.0,0.0013770321384072304
20450.0,0.0,0.02632135897874832
20451.0,0.0,0.02061801590025425
20452.0,0.0,0.017969094216823578
20453.0,0.0,0.016122156754136086
20454.0,0.0,0.025245940312743187
20455.0,0.0,0.023922305554151535
20456.0,0.0,0.04056795686483383
20457.0,0.0,0.03600543364882469
20458.0,0.0,0.009882061742246151
20459.0,0.0,0.024871468544006348
20460.0,0.0,0.02428608573973179
20461.0,0.0,0.4122503101825714
20462.0,0.0,0.03224973380565643
20463.0,0.0,0.024590618908405304
20464.0,0.0,0.02481570467352867
20465.0,0.0,0.0867568776011467
20466.0,0.0,0.02360360138118267
20467.0,0.0,0.061813537031412125
20468.0,0.0,0.02814936637878418
20469.0,0.0,0.025771109387278557
20470.0,1.0,0.0511234775185585
20471.0,0.0,0.0013770321384072304
20472.0,0.0,0.016293639317154884
20473.0,0.0,0.0013536671176552773
20474.0,0.0,0.015856554731726646
20475.0,0.0,0.02521074190735817
20476.0,1.0,0.4169633090496063
20477.0,1.0,0.6906155943870544
20478.0,0.0,0.05795514956116676
20479.0,0.0,0.04213554412126541
20480.0,0.0,0.0014202744932845235
20481.0,0.0,0.06465663015842438
20482.0,0.0,0.02544485405087471
20483.0,0.0,0.025005033239722252
20484.0,0.0,0.0014561552088707685
20485.0,0.0,0.023922305554151535
20486.0,0.0,0.4426445960998535
20487.0,0.0,0.024501239880919456
20488.0,0.0,0.039624374359846115
20489.0,0.0,0.029535578563809395
20490.0,0.0,0.024906201288104057
20491.0,0.0,0.062242891639471054
20492.0,0.0,0.06066964566707611
20493.0,0.0,0.016225576400756836
20494.0,0.0,0.022047515958547592
20495.0,1.0,0.9961143732070923
20496.0,0.0,0.05730250105261803
20497.0,0.0,0.02440434880554676
20498.0,0.0,0.0034139615017920732
20499.0,0.0,0.017969094216823578
20500.0,0.0,0.015246058814227581
20501.0,0.0,0.015856554731726646
20502.0,0.0,0.02663862146437168
20503.0,1.0,0.058941278606653214
20504.0,0.0,0.02521074190735817
20505.0,0.0,0.025771109387278557
20506.0,0.0,0.023721186444163322
20507.0,0.0,0.024555636569857597
20508.0,0.0,0.0015549295349046588
20509.0,1.0,0.7878488302230835
20510.0,0.0,0.0013033684808760881
20511.0,1.0,0.03749186545610428
20512.0,1.0,0.0034053996205329895
20513.0,0.0,0.016097549349069595
20514.0,0.0,0.025873281061649323
20515.0,0.0,0.02314114384353161
20516.0,0.0,0.023948587477207184
20517.0,0.0,0.02358420193195343
20518.0,0.0,0.023636609315872192
20519.0,0.0,0.05708349123597145
20520.0,0.0,0.011426706798374653
20521.0,0.0,0.015155063942074776
20522.0,0.0,0.01899777166545391
20523.0,0.0,0.02236247807741165
20524.0,0.0,0.03737375885248184
20525.0,0.0,0.02653190866112709
20526.0,0.0,0.037028223276138306
20527.0,0.0,0.02314114384353161
20528.0,1.0,0.017378058284521103
20529.0,0.0,0.003296883078292012
20530.0,0.0,0.015878908336162567
20531.0,0.0,0.015223466791212559
20532.0,0.0,0.016122156754136086
20533.0,0.0,0.013185258023440838
20534.0,0.0,0.02663862146437168
20535.0,0.0,0.014891373924911022
20536.0,0.0,0.025550583377480507
20537.0,0.0,0.016122156754136086
20538.0,0.0,0.06428132206201553
20539.0,0.0,0.024906201288104057
20540.0,0.0,0.025771109387278557
20541.0,0.0,0.024906201288104057
20542.0,0.0,0.017969094216823578
20543.0,0.0,0.035320766270160675
20544.0,0.0,0.02314114384353161
20545.0,0.0,0.0013694989029318094
20546.0,0.0,0.027234036475419998
20547.0,0.0,0.017969094216823578
20548.0,0.0,0.05708349123597145
20549.0,0.0,0.0014202744932845235
20550.0,0.0,0.025245940312743187
20551.0,0.0,0.02236247807741165
20552.0,0.0,0.03637295961380005
20553.0,0.0,0.024566126987338066
20554.0,0.0,0.0014202744932845235
20555.0,0.0,0.04139023274183273
20556.0,0.0,0.03276308998465538
20557.0,0.0,0.011426706798374653
20558.0,0.0,0.024906201288104057
20559.0,0.0,0.025005033239722252
20560.0,1.0,0.022938264533877373
20561.0,0.0,0.02544485405087471
20562.0,0.0,0.02314114384353161
20563.0,0.0,0.023420259356498718
20564.0,0.0,0.016936318948864937
20565.0,0.0,0.0014202744932845235
20566.0,0.0,0.01575755886733532
20567.0,0.0,0.017969094216823578
20568.0,0.0,0.0416160449385643
20569.0,0.0,0.02544485405087471
20570.0,0.0,0.023636609315872192
20571.0,0.0,0.015856554731726646
20572.0,0.0,0.025771109387278557
20573.0,0.0,0.027341853827238083
20574.0,0.0,0.035630401223897934
20575.0,0.0,0.001469230162911117
20576.0,0.0,0.0036478666588664055
20577.0,0.0,0.02515551447868347
20578.0,0.0,0.0013714581727981567
20579.0,0.0,0.02360360138118267
20580.0,0.0,0.016097549349069595
20581.0,0.0,0.02526475116610527
20582.0,0.0,0.027234036475419998
20583.0,0.0,0.4616709053516388
20584.0,0.0,0.024717602878808975
20585.0,0.0,0.025771109387278557
20586.0,0.0,0.0663568452000618
20587.0,0.0,0.0014202744932845235
20588.0,1.0,0.056211650371551514
20589.0,0.0,0.025771109387278557
20590.0,0.0,0.05522727221250534
20591.0,0.0,0.026141773909330368
20592.0,1.0,0.024590618908405304
20593.0,0.0,0.025005033239722252
20594.0,0.0,0.0014672224642708898
20595.0,0.0,0.027234036475419998
20596.0,0.0,0.024906201288104057
20597.0,0.0,0.001298092189244926
20598.0,0.0,0.025005033239722252
20599.0,0.0,0.0034331486094743013
20600.0,0.0,0.025550583377480507
20601.0,1.0,0.9776727557182312
20602.0,0.0,0.017244135960936546
20603.0,0.0,0.023636609315872192
20604.0,0.0,0.4316074550151825
20605.0,0.0,0.02624538727104664
20606.0,0.0,0.023887183517217636
20607.0,0.0,0.0015030310023576021
20608.0,0.0,0.3513956665992737
20609.0,0.0,0.0032922266982495785
20610.0,0.0,0.016994355246424675
20611.0,1.0,0.4445684850215912
20612.0,0.0,0.018225423991680145
20613.0,0.0,0.024590618908405304
20614.0,0.0,0.016109652817249298
20615.0,0.0,0.06428132206201553
20616.0,0.0,0.003244467545300722
20617.0,0.0,0.023616880178451538
20618.0,0.0,0.0789213478565216
20619.0,0.0,0.03683403134346008
20620.0,0.0,0.026265054941177368
20621.0,0.0,0.0352720282971859
20622.0,0.0,0.0597548745572567
20623.0,1.0,0.43026041984558105
20624.0,0.0,0.025771109387278557
20625.0,0.0,0.027234036475419998
20626.0,0.0,0.43061134219169617
20627.0,0.0,0.43061134219169617
20628.0,0.0,0.02632135897874832
20629.0,0.0,0.01722889207303524
20630.0,0.0,0.025771109387278557
20631.0,0.0,0.029422366991639137
20632.0,0.0,0.02445853315293789
20633.0,0.0,0.026301685720682144
20634.0,0.0,0.024871468544006348
20635.0,0.0,0.02314114384353161
20636.0,1.0,0.4360010325908661
20637.0,0.0,0.023677917197346687
20638.0,0.0,0.015856554731726646
20639.0,0.0,0.001295147929340601
20640.0,0.0,0.06113040819764137
20641.0,0.0,0.015223466791212559
20642.0,0.0,0.023853830993175507
20643.0,1.0,0.03627697005867958
20644.0,0.0,0.02314114384353161
20645.0,0.0,0.025005033239722252
20646.0,0.0,0.02314114384353161
20647.0,0.0,0.05795514956116676
20648.0,0.0,0.026744144037365913
20649.0,0.0,0.016994355246424675
20650.0,0.0,0.025245940312743187
20651.0,0.0,0.025771109387278557
20652.0,1.0,0.4476095139980316
20653.0,0.0,0.02608109824359417
20654.0,0.0,0.03859657794237137
20655.0,0.0,0.015675872564315796
20656.0,0.0,0.01704694889485836
20657.0,0.0,0.023853830993175507
20658.0,1.0,0.02814936637878418
20659.0,0.0,0.020057031884789467
20660.0,0.0,0.0014877234352752566
20661.0,1.0,0.4392189085483551
20662.0,0.0,0.0014260467141866684
20663.0,0.0,0.05522727221250534
20664.0,0.0,0.02358420193195343
20665.0,0.0,0.025545770302414894
20666.0,0.0,0.025771109387278557
20667.0,0.0,0.027234036475419998
20668.0,0.0,0.017209872603416443
20669.0,0.0,0.01618671976029873
20670.0,0.0,0.02544485405087471
20671.0,0.0,0.015553967095911503
20672.0,0.0,0.06431885063648224
20673.0,0.0,0.018622351810336113
20674.0,0.0,0.02437962405383587
20675.0,0.0,0.024944746866822243
20676.0,0.0,0.016435613855719566
20677.0,0.0,0.015413998626172543
20678.0,0.0,0.027234036475419998
20679.0,0.0,0.011426706798374653
20680.0,0.0,0.001297096605412662
20681.0,0.0,0.0012283599935472012
20682.0,0.0,0.017693044617772102
20683.0,0.0,0.4392189085483551
20684.0,0.0,0.015223466791212559
20685.0,0.0,0.027341853827238083
20686.0,0.0,0.023922305554151535
20687.0,0.0,0.014276108704507351
20688.0,0.0,0.024717602878808975
20689.0,0.0,0.015878908336162567
20690.0,0.0,0.039414212107658386
20691.0,0.0,0.0015571024268865585
20692.0,0.0,0.02381543442606926
20693.0,1.0,0.4476095139980316
20694.0,0.0,0.028221415355801582
20695.0,0.0,0.025873281061649323
20696.0,0.0,0.024906201288104057
20697.0,0.0,0.016225576400756836
20698.0,0.0,0.00364266918040812
20699.0,0.0,0.026744144037365913
20700.0,0.0,0.02663862146437168
20701.0,0.0,0.024871468544006348
20702.0,1.0,0.05826232582330704
20703.0,0.0,0.016225576400756836
20704.0,1.0,0.9774124622344971
20705.0,0.0,0.0014078195672482252
20706.0,0.0,0.024717602878808975
20707.0,0.0,0.06344211101531982
20708.0,0.0,0.022166267037391663
20709.0,0.0,0.02632135897874832
20710.0,0.0,0.027341853827238083
20711.0,0.0,0.0012266056146472692
20712.0,0.0,0.016122156754136086
20713.0,0.0,0.0287599079310894
20714.0,0.0,0.024871468544006348
20715.0,0.0,0.025873281061649323
20716.0,0.0,0.0033240800257772207
20717.0,0.0,0.05746499449014664
20718.0,1.0,0.4426445960998535
20719.0,0.0,0.05730250105261803
20720.0,0.0,0.4426445960998535
20721.0,0.0,0.04114246368408203
20722.0,0.0,0.01704694889485836
20723.0,1.0,0.015938570722937584
20724.0,0.0,0.025283005088567734
20725.0,0.0,0.016225576400756836
20726.0,0.0,0.055364664644002914
20727.0,0.0,0.016225576400756836
20728.0,0.0,0.025771109387278557
20729.0,0.0,0.025005033239722252
20730.0,0.0,0.06332774460315704
20731.0,0.0,0.0018020115094259381
20732.0,0.0,0.016435613855719566
20733.0,0.0,0.025005033239722252
20734.0,1.0,0.05708349123597145
20735.0,0.0,0.058941278606653214
20736.0,0.0,0.05795514956116676
20737.0,0.0,0.022822577506303787
20738.0,0.0,0.024717602878808975
20739.0,0.0,0.04480060189962387
20740.0,0.0,0.0012989522656425834
20741.0,0.0,0.0016337033594027162
20742.0,0.0,0.05826232582330704
20743.0,0.0,0.024906201288104057
20744.0,0.0,0.015413998626172543
20745.0,0.0,0.024717602878808975
20746.0,0.0,0.055471550673246384
20747.0,0.0,0.035611413419246674
20748.0,0.0,0.023924192413687706
20749.0,0.0,0.024231432005763054
20750.0,0.0,0.03061501495540142
20751.0,0.0,0.025771109387278557
20752.0,0.0,0.02062038704752922
20753.0,0.0,0.017336970195174217
20754.0,0.0,0.017381543293595314
20755.0,0.0,0.07140080630779266
20756.0,0.0,0.029652222990989685
20757.0,0.0,0.019746338948607445
20758.0,0.0,0.024906201288104057
20759.0,0.0,0.016435613855719566
20760.0,0.0,0.026122327893972397
20761.0,0.0,0.016435613855719566
20762.0,0.0,0.027234036475419998
20763.0,0.0,0.06469675898551941
20764.0,0.0,0.025873281061649323
20765.0,0.0,0.01575755886733532
20766.0,0.0,0.022331207990646362
20767.0,0.0,0.015413998626172543
20768.0,0.0,0.04097719117999077
20769.0,0.0,0.0246882326900959
20770.0,1.0,0.017969094216823578
20771.0,0.0,0.010159410536289215
20772.0,0.0,0.02663862146437168
20773.0,0.0,0.025771109387278557
20774.0,0.0,0.025873281061649323
20775.0,0.0,0.024871468544006348
20776.0,0.0,0.06349930912256241
20777.0,0.0,0.01521681435406208
20778.0,1.0,0.05697529390454292
20779.0,0.0,0.018225423991680145
20780.0,0.0,0.02323314920067787
20781.0,0.0,0.01575755886733532
20782.0,0.0,0.014124889858067036
20783.0,0.0,0.014700775034725666
20784.0,0.0,0.024590618908405304
20785.0,0.0,0.06220649182796478
20786.0,0.0,0.026425663381814957
20787.0,0.0,0.02653190866112709
20788.0,0.0,0.016097549349069595
20789.0,0.0,0.024906201288104057
20790.0,0.0,0.0015030310023576021
20791.0,0.0,0.02525683492422104
20792.0,0.0,0.016225576400756836
20793.0,0.0,0.039073653519153595
20794.0,0.0,0.024906201288104057
20795.0,0.0,0.016435613855719566
20796.0,0.0,0.02401922084391117
20797.0,0.0,0.016674311831593513
20798.0,0.0,0.018225423991680145
20799.0,0.0,0.003526357701048255
20800.0,0.0,0.05678153410553932
20801.0,0.0,0.017378058284521103
20802.0,0.0,0.015878908336162567
20803.0,0.0,0.02663862146437168
20804.0,0.0,0.01575755886733532
20805.0,0.0,0.01618671976029873
20806.0,1.0,0.42740845680236816
20807.0,0.0,0.050926804542541504
20808.0,0.0,0.022847406566143036
20809.0,0.0,0.023887183517217636
20810.0,0.0,0.02632135897874832
20811.0,0.0,0.02854803204536438
20812.0,0.0,0.024906201288104057
20813.0,0.0,0.003264355706050992
20814.0,0.0,0.01722889207303524
20815.0,0.0,0.0013663552235811949
20816.0,0.0,0.03806187957525253
20817.0,0.0,0.027021421119570732
20818.0,0.0,0.024906201288104057
20819.0,0.0,0.04120316356420517
20820.0,0.0,0.8353279232978821
20821.0,0.0,0.024906201288104057
20822.0,0.0,0.06344211101531982
20823.0,0.0,0.022685261443257332
20824.0,0.0,0.022847406566143036
20825.0,0.0,0.026141773909330368
20826.0,0.0,0.01722889207303524
20827.0,0.0,0.025743823498487473
20828.0,0.0,0.02398207224905491
20829.0,0.0,0.02522161789238453
20830.0,1.0,0.42605772614479065
20831.0,0.0,0.05554807558655739
20832.0,0.0,0.016994355246424675
20833.0,0.0,0.025593344122171402
20834.0,0.0,0.017739813774824142
20835.0,0.0,0.24268071353435516
20836.0,0.0,0.014175931923091412
20837.0,0.0,0.011426706798374653
20838.0,0.0,0.02525683492422104
20839.0,0.0,0.024590618908405304
20840.0,0.0,0.05812613666057587
20841.0,1.0,0.4197966754436493
20842.0,1.0,0.025233358144760132
20843.0,0.0,0.018040908500552177
20844.0,0.0,0.02514415606856346
20845.0,0.0,0.01133112795650959
20846.0,0.0,0.024970166385173798
20847.0,0.0,0.027234036475419998
20848.0,0.0,0.023721186444163322
20849.0,0.0,0.06839460879564285
20850.0,0.0,0.023636609315872192
20851.0,0.0,0.014297300949692726
20852.0,0.0,0.02314114384353161
20853.0,0.0,0.01707693375647068
20854.0,0.0,0.016435613855719566
20855.0,0.0,0.026744144037365913
20856.0,0.0,0.024906201288104057
20857.0,0.0,0.027234036475419998
20858.0,0.0,0.02632135897874832
20859.0,0.0,0.027001334354281425
20860.0,0.0,0.017378058284521103
20861.0,0.0,0.040226031094789505
20862.0,0.0,0.027234036475419998
20863.0,0.0,0.024970166385173798
20864.0,0.0,0.02658638171851635
20865.0,0.0,0.04596911370754242
20866.0,0.0,0.44021958112716675
20867.0,0.0,0.01629883050918579
20868.0,0.0,0.010333484970033169
20869.0,0.0,0.02314114384353161
20870.0,0.0,0.025383293628692627
20871.0,0.0,0.0013714581727981567
20872.0,0.0,0.0014502613339573145
20873.0,0.0,0.01757531799376011
20874.0,0.0,0.025346089154481888
20875.0,0.0,0.0014202744932845235
20876.0,0.0,0.025283005088567734
20877.0,0.0,0.061310164630413055
20878.0,0.0,0.03458906710147858
20879.0,0.0,0.027234036475419998
20880.0,0.0,0.03517397493124008
20881.0,0.0,0.024717602878808975
20882.0,0.0,0.025771109387278557
20883.0,0.0,0.011426706798374653
20884.0,0.0,0.0014080374967306852
20885.0,1.0,0.4532330334186554
20886.0,1.0,0.43061134219169617
20887.0,0.0,0.029535578563809395
20888.0,0.0,0.015590906143188477
20889.0,0.0,0.030163714662194252
20890.0,0.0,0.027341853827238083
20891.0,0.0,0.017739813774824142
20892.0,0.0,0.0033457183744758368
20893.0,0.0,0.023636609315872192
20894.0,0.0,0.038782041519880295
20895.0,0.0,0.017255766317248344
20896.0,0.0,0.0013591691385954618
20897.0,0.0,0.024906201288104057
20898.0,0.0,0.0013516949256882071
20899.0,0.0,0.016674311831593513
20900.0,0.0,0.02632135897874832
20901.0,0.0,0.027234036475419998
20902.0,0.0,0.0013663552235811949
20903.0,0.0,0.02314114384353161
20904.0,0.0,0.03611791133880615
20905.0,0.0,0.02061801590025425
20906.0,0.0,0.023853830993175507
20907.0,0.0,0.036484528332948685
20908.0,0.0,0.025651903823018074
20909.0,0.0,0.0036289540585130453
20910.0,0.0,0.02358420193195343
20911.0,0.0,0.05454898998141289
20912.0,0.0,0.025550583377480507
20913.0,0.0,0.024906201288104057
20914.0,0.0,0.05950922146439552
20915.0,0.0,0.02318969927728176
20916.0,0.0,0.017969094216823578
20917.0,0.0,0.06021404266357422
20918.0,0.0,0.025771109387278557
20919.0,0.0,0.01899777166545391
20920.0,0.0,0.017969094216823578
20921.0,1.0,0.027234036475419998
20922.0,0.0,0.0012720894301310182
20923.0,0.0,0.014891373924911022
20924.0,0.0,0.027234036475419998
20925.0,0.0,0.025873281061649323
20926.0,0.0,0.022847406566143036
20927.0,0.0,0.024871468544006348
20928.0,0.0,0.024590618908405304
20929.0,1.0,0.025245940312743187
20930.0,0.0,0.02207839861512184
20931.0,0.0,0.06745360046625137
20932.0,0.0,0.04385318607091904
20933.0,0.0,0.014255979098379612
20934.0,0.0,0.05599655583500862
20935.0,0.0,0.0012315916828811169
20936.0,0.0,0.02653190866112709
20937.0,0.0,0.024590618908405304
20938.0,0.0,0.05817730352282524
20939.0,0.0,0.024906201288104057
20940.0,0.0,0.06302212178707123
20941.0,0.0,0.058220189064741135
20942.0,0.0,0.030525844544172287
20943.0,0.0,0.025873281061649323
20944.0,0.0,0.01410497073084116
20945.0,0.0,0.016318025067448616
20946.0,0.0,0.0262258630245924
20947.0,0.0,0.025771109387278557
20948.0,0.0,0.023420259356498718
20949.0,0.0,0.05812613666057587
20950.0,0.0,0.12214849889278412
20951.0,0.0,0.03339214250445366
20952.0,0.0,0.042148660868406296
20953.0,0.0,0.015878908336162567
20954.0,0.0,0.025771109387278557
20955.0,0.0,0.025005033239722252
20956.0,0.0,0.02628469653427601
20957.0,0.0,0.024906201288104057
20958.0,0.0,0.024906201288104057
20959.0,0.0,0.011618665419518948
20960.0,0.0,0.039917442947626114
20961.0,0.0,0.026122327893972397
20962.0,0.0,0.016435613855719566
20963.0,0.0,0.06549248099327087
20964.0,0.0,0.05708349123597145
20965.0,0.0,0.016225576400756836
20966.0,1.0,0.06131014972925186
20967.0,0.0,0.024906201288104057
20968.0,0.0,0.024871468544006348
20969.0,0.0,0.0016125161200761795
20970.0,0.0,0.010565029457211494
20971.0,0.0,0.016435613855719566
20972.0,0.0,0.017739813774824142
20973.0,0.0,0.05983950197696686
20974.0,0.0,0.014891373924911022
20975.0,0.0,0.025771109387278557
20976.0,0.0,0.02355126105248928
20977.0,0.0,0.025005033239722252
20978.0,0.0,0.01899777166545391
20979.0,0.0,0.050298530608415604
20980.0,0.0,0.06021404266357422
20981.0,0.0,0.016435613855719566
20982.0,0.0,0.02481570467352867
20983.0,0.0,0.003202454885467887
20984.0,0.0,0.02358420193195343
20985.0,0.0,0.01629883050918579
20986.0,0.0,0.0597548745572567
20987.0,0.0,0.01722889207303524
20988.0,0.0,0.06452606618404388
20989.0,0.0,0.015938570722937584
20990.0,0.0,0.025771109387278557
20991.0,0.0,0.015223466791212559
20992.0,0.0,0.024717602878808975
20993.0,0.0,0.02314114384353161
20994.0,0.0,0.001295147929340601
20995.0,0.0,0.014870388433337212
20996.0,0.0,0.015413998626172543
20997.0,0.0,0.025771109387278557
20998.0,0.0,0.02440434880554676
20999.0,0.0,0.02481570467352867
21000.0,0.0,0.016435613855719566
21001.0,0.0,0.42014530301094055
21002.0,0.0,0.025283005088567734
21003.0,1.0,0.02663862146437168
21004.0,0.0,0.02663862146437168
21005.0,0.0,0.05582575500011444
21006.0,0.0,0.0014202744932845235
21007.0,0.0,0.0014202744932845235
21008.0,0.0,0.023887183517217636
21009.0,0.0,0.07383714616298676
21010.0,0.0,0.05515262857079506
21011.0,0.0,0.23806510865688324
21012.0,0.0,0.02916068397462368
21013.0,0.0,0.02632135897874832
21014.0,0.0,0.01507534645497799
21015.0,1.0,0.6040259003639221
21016.0,0.0,0.02521074190735817
21017.0,0.0,0.017070453613996506
21018.0,0.0,0.016225576400756836
21019.0,0.0,0.02314114384353161
21020.0,0.0,0.025005033239722252
21021.0,0.0,0.024871468544006348
21022.0,0.0,0.024717602878808975
21023.0,0.0,0.01574668474495411
21024.0,0.0,0.025771109387278557
21025.0,0.0,0.024902144446969032
21026.0,0.0,0.013825992122292519
21027.0,1.0,0.025771109387278557
21028.0,0.0,0.025245940312743187
21029.0,0.0,0.010159410536289215
21030.0,0.0,0.022331207990646362
21031.0,0.0,0.016661789268255234
21032.0,0.0,0.025771109387278557
21033.0,0.0,0.02632135897874832
21034.0,0.0,0.02314114384353161
21035.0,1.0,0.010952994227409363
21036.0,0.0,0.024590618908405304
21037.0,0.0,0.015223466791212559
21038.0,0.0,0.025073513388633728
21039.0,0.0,0.024906201288104057
21040.0,0.0,0.0182296484708786
21041.0,0.0,0.014891373924911022
21042.0,0.0,0.003296883078292012
21043.0,0.0,0.023887183517217636
21044.0,0.0,0.02641528844833374
21045.0,0.0,0.04041016474366188
21046.0,0.0,0.02398207224905491
21047.0,0.0,0.0015030310023576021
21048.0,0.0,0.06139259412884712
21049.0,0.0,0.017969094216823578
21050.0,0.0,0.058760810643434525
21051.0,0.0,0.025771109387278557
21052.0,0.0,0.05708349123597145
21053.0,0.0,0.023636609315872192
21054.0,0.0,0.014870388433337212
21055.0,0.0,0.0013663552235811949
21056.0,0.0,0.015878908336162567
21057.0,1.0,0.42014530301094055
21058.0,0.0,0.02749258652329445
21059.0,0.0,0.02544485405087471
21060.0,0.0,0.014588294550776482
21061.0,0.0,0.016777299344539642
21062.0,0.0,0.02358420193195343
21063.0,0.0,0.0012555853463709354
21064.0,0.0,0.0014018514193594456
21065.0,0.0,0.025873281061649323
21066.0,0.0,0.04692196473479271
21067.0,0.0,0.02663862146437168
21068.0,0.0,0.023922305554151535
21069.0,0.0,0.033961985260248184
21070.0,0.0,0.025873281061649323
21071.0,0.0,0.05708349123597145
21072.0,0.0,0.027234036475419998
21073.0,0.0,0.04536348581314087
21074.0,0.0,0.0012555853463709354
21075.0,0.0,0.023887183517217636
21076.0,0.0,0.4392189085483551
21077.0,0.0,0.025005033239722252
21078.0,1.0,0.4625804126262665
21079.0,0.0,0.0037912451662123203
21080.0,0.0,0.023853830993175507
21081.0,0.0,0.003244467545300722
21082.0,0.0,0.02314114384353161
21083.0,0.0,0.01685047335922718
21084.0,0.0,0.017969094216823578
21085.0,0.0,0.0246882326900959
21086.0,0.0,0.015856554731726646
21087.0,0.0,0.01574668474495411
21088.0,0.0,0.05607227236032486
21089.0,1.0,0.043715283274650574
21090.0,0.0,0.018215972930192947
21091.0,1.0,0.4205121099948883
21092.0,0.0,0.02398207224905491
21093.0,0.0,0.0036823537666350603
21094.0,0.0,0.02544485405087471
21095.0,0.0,0.024231432005763054
21096.0,0.0,0.027234036475419998
21097.0,0.0,0.025873281061649323
21098.0,0.0,0.02526475116610527
21099.0,0.0,0.0013388494262471795
21100.0,0.0,0.014243694953620434
21101.0,0.0,0.02814936637878418
21102.0,0.0,0.029163094237446785
21103.0,0.0,0.019894592463970184
21104.0,0.0,0.0015775627689436078
21105.0,0.0,0.02360360138118267
21106.0,0.0,0.025810956954956055
21107.0,0.0,0.04213229566812515
21108.0,0.0,0.0012555853463709354
21109.0,0.0,0.030346466228365898
21110.0,0.0,0.016225576400756836
21111.0,0.0,0.015225790441036224
21112.0,0.0,0.016595402732491493
21113.0,0.0,0.025771109387278557
21114.0,0.0,0.05623804032802582
21115.0,0.0,0.023730525746941566
21116.0,0.0,0.025873281061649323
21117.0,0.0,0.02663862146437168
21118.0,0.0,0.023679625242948532
21119.0,1.0,0.7220023274421692
21120.0,0.0,0.025771109387278557
21121.0,0.0,0.02236247807741165
21122.0,0.0,0.025771109387278557
21123.0,0.0,0.024906201288104057
21124.0,0.0,0.02314114384353161
21125.0,1.0,0.05812613666057587
21126.0,0.0,0.0013714581727981567
21127.0,0.0,0.017378058284521103
21128.0,0.0,0.014891373924911022
21129.0,1.0,0.02624538727104664
21130.0,0.0,0.025771109387278557
21131.0,0.0,0.05708349123597145
21132.0,0.0,0.02236247807741165
21133.0,0.0,0.4392189085483551
21134.0,0.0,0.02314114384353161
21135.0,0.0,0.027234036475419998
21136.0,0.0,0.02632135897874832
21137.0,0.0,0.025771109387278557
21138.0,0.0,0.014743927866220474
21139.0,0.0,0.02061801590025425
21140.0,0.0,0.015590906143188477
21141.0,0.0,0.022847406566143036
21142.0,0.0,0.015246058814227581
21143.0,0.0,0.017969094216823578
21144.0,0.0,0.025771109387278557
21145.0,0.0,0.02641528844833374
21146.0,0.0,0.0014693202683702111
21147.0,0.0,0.023887183517217636
21148.0,0.0,0.026913220062851906
21149.0,0.0,0.4122503101825714
21150.0,0.0,0.04023857042193413
21151.0,0.0,0.022847406566143036
21152.0,0.0,0.015202022157609463
21153.0,0.0,0.024871468544006348
21154.0,0.0,0.043483275920152664
21155.0,0.0,0.04681432992219925
21156.0,0.0,0.015223466791212559
21157.0,0.0,0.02628469653427601
21158.0,0.0,0.027234036475419998
21159.0,0.0,0.025771109387278557
21160.0,0.0,0.018215972930192947
21161.0,0.0,0.024717602878808975
21162.0,1.0,0.0663568452000618
21163.0,0.0,0.06131014972925186
21164.0,0.0,0.0013714581727981567
21165.0,0.0,0.0012283599935472012
21166.0,0.0,0.01899777166545391
21167.0,0.0,0.026141773909330368
21168.0,0.0,0.003296883078292012
21169.0,0.0,0.016435613855719566
21170.0,0.0,0.024871468544006348
21171.0,0.0,0.0014260467141866684
21172.0,0.0,0.042051516473293304
21173.0,0.0,0.027234036475419998
21174.0,0.0,0.0014260467141866684
21175.0,0.0,0.02654944732785225
21176.0,0.0,0.02628469653427601
21177.0,0.0,0.024906201288104057
21178.0,0.0,0.02481570467352867
21179.0,0.0,0.01704694889485836
21180.0,0.0,0.017115604132413864
21181.0,0.0,0.02236247807741165
21182.0,0.0,0.02323314920067787
21183.0,0.0,0.01608537882566452
21184.0,1.0,0.016225576400756836
21185.0,0.0,0.011426706798374653
21186.0,0.0,0.01740630343556404
21187.0,0.0,0.0013140484225004911
21188.0,0.0,0.0012106910580769181
21189.0,0.0,0.03683403134346008
21190.0,0.0,0.023721186444163322
21191.0,0.0,0.027234036475419998
21192.0,0.0,0.02632135897874832
21193.0,0.0,0.022847406566143036
21194.0,0.0,0.015413998626172543
21195.0,0.0,0.017969094216823578
21196.0,0.0,0.0013334295945242047
21197.0,0.0,0.028923334553837776
21198.0,0.0,0.06198906525969505
21199.0,0.0,0.02632135897874832
21200.0,0.0,0.02632135897874832
21201.0,1.0,0.027234036475419998
21202.0,0.0,0.02663862146437168
21203.0,0.0,0.014588294550776482
21204.0,0.0,0.002171142725273967
21205.0,0.0,0.015590906143188477
21206.0,0.0,0.04081787168979645
21207.0,0.0,0.0013140484225004911
21208.0,0.0,0.0014202744932845235
21209.0,1.0,0.023922305554151535
21210.0,0.0,0.025771109387278557
21211.0,0.0,0.02532961592078209
21212.0,0.0,0.07370375841856003
21213.0,0.0,0.020617974922060966
21214.0,0.0,0.026405904442071915
21215.0,0.0,0.05400810018181801
21216.0,0.0,0.014124889858067036
21217.0,0.0,0.051498688757419586
21218.0,0.0,0.023636609315872192
21219.0,0.0,0.02314114384353161
21220.0,0.0,0.025771109387278557
21221.0,0.0,0.025245940312743187
21222.0,0.0,0.016122156754136086
21223.0,0.0,0.024906201288104057
21224.0,0.0,0.023853830993175507
21225.0,0.0,0.02207839861512184
21226.0,0.0,0.02314114384353161
21227.0,0.0,0.06368388235569
21228.0,0.0,0.024906201288104057
21229.0,0.0,0.024717602878808975
21230.0,0.0,0.026122327893972397
21231.0,0.0,0.02314114384353161
21232.0,0.0,0.0015549295349046588
21233.0,0.0,0.0015973191475495696
21234.0,0.0,0.4392189085483551
21235.0,0.0,0.0517096146941185
21236.0,0.0,0.023887183517217636
21237.0,0.0,0.01899777166545391
21238.0,0.0,0.024906201288104057
21239.0,0.0,0.025771109387278557
21240.0,0.0,0.017008891329169273
21241.0,0.0,0.025771109387278557
21242.0,0.0,0.024906201288104057
21243.0,0.0,0.027234036475419998
21244.0,1.0,0.05708349123597145
21245.0,0.0,0.027234036475419998
21246.0,0.0,0.02663862146437168
21247.0,0.0,0.023887183517217636
21248.0,0.0,0.015223466791212559
21249.0,0.0,0.01506237406283617
21250.0,0.0,0.025873281061649323
21251.0,0.0,0.035536110401153564
21252.0,0.0,0.02440434880554676
21253.0,1.0,0.06175331398844719
21254.0,0.0,0.023887183517217636
21255.0,0.0,0.43061134219169617
21256.0,0.0,0.014743927866220474
21257.0,0.0,0.02854803204536438
21258.0,0.0,0.025771109387278557
21259.0,0.0,0.025545770302414894
21260.0,0.0,0.02824964001774788
21261.0,0.0,0.3513956665992737
21262.0,0.0,0.024717602878808975
21263.0,0.0,0.017739813774824142
21264.0,0.0,0.03490782901644707
21265.0,0.0,0.02589372918009758
21266.0,0.0,0.01555902324616909
21267.0,0.0,0.023887183517217636
21268.0,0.0,0.03478274866938591
21269.0,1.0,0.06113040819764137
21270.0,0.0,0.06839460879564285
21271.0,0.0,0.04099353402853012
21272.0,0.0,0.05730250105261803
21273.0,0.0,0.022331207990646362
21274.0,0.0,0.025771109387278557
21275.0,0.0,0.03637295961380005
21276.0,0.0,0.07489769905805588
21277.0,0.0,0.015413998626172543
21278.0,0.0,0.04260427877306938
21279.0,0.0,0.017336970195174217
21280.0,0.0,0.4360010325908661
21281.0,0.0,0.024255694821476936
21282.0,0.0,0.016435613855719566
21283.0,0.0,0.02854803204536438
21284.0,0.0,0.023922305554151535
21285.0,0.0,0.06289749592542648
21286.0,0.0,0.0014202744932845235
21287.0,0.0,0.4532330334186554
21288.0,0.0,0.025771109387278557
21289.0,0.0,0.025005033239722252
21290.0,0.0,0.02814936637878418
21291.0,0.0,0.02314114384353161
21292.0,0.0,0.0014078195672482252
21293.0,1.0,0.8454277515411377
21294.0,0.0,0.014777462929487228
21295.0,0.0,0.01766781136393547
21296.0,0.0,0.027913730591535568
21297.0,0.0,0.027234036475419998
21298.0,0.0,0.02314114384353161
21299.0,0.0,0.02678108587861061
21300.0,0.0,0.017969094216823578
21301.0,0.0,0.0356932207942009
21302.0,0.0,0.03912980109453201
21303.0,0.0,0.014555196277797222
21304.0,0.0,0.06021404266357422
21305.0,0.0,0.025771109387278557
21306.0,0.0,0.016122156754136086
21307.0,0.0,0.061627063900232315
21308.0,0.0,0.022397181019186974
21309.0,0.0,0.016435613855719566
21310.0,0.0,0.016710296273231506
21311.0,0.0,0.02854803204536438
21312.0,0.0,0.024717602878808975
21313.0,0.0,0.01899777166545391
21314.0,0.0,0.06175331398844719
21315.0,0.0,0.03641042858362198
21316.0,0.0,0.02544485405087471
21317.0,0.0,0.015675872564315796
21318.0,0.0,0.01575755886733532
21319.0,0.0,0.025005033239722252
21320.0,0.0,0.025873281061649323
21321.0,0.0,0.022938264533877373
21322.0,0.0,0.02314114384353161
21323.0,0.0,0.025245940312743187
21324.0,0.0,0.02591816894710064
21325.0,0.0,0.025545770302414894
21326.0,0.0,0.025005033239722252
21327.0,0.0,0.025771109387278557
21328.0,0.0,0.024906201288104057
21329.0,0.0,0.0263888631016016
21330.0,0.0,0.026744144037365913
21331.0,0.0,0.026706915348768234
21332.0,0.0,0.06175331398844719
21333.0,0.0,0.017969094216823578
21334.0,0.0,0.02700045518577099
21335.0,0.0,0.0014202744932845235
21336.0,0.0,0.0014693202683702111
21337.0,0.0,0.0597548745572567
21338.0,0.0,0.027234036475419998
21339.0,0.0,0.05522727221250534
21340.0,0.0,0.0182296484708786
21341.0,0.0,0.055122390389442444
21342.0,0.0,0.025245940312743187
21343.0,0.0,0.06195666268467903
21344.0,0.0,0.017969094216823578
21345.0,0.0,0.025771109387278557
21346.0,1.0,0.932064950466156
21347.0,0.0,0.05795514956116676
21348.0,0.0,0.014621013775467873
21349.0,0.0,0.023636609315872192
21350.0,0.0,0.05902445688843727
21351.0,0.0,0.05893402174115181
21352.0,0.0,0.03865246847271919
21353.0,0.0,0.01722889207303524
21354.0,0.0,0.024906201288104057
21355.0,0.0,0.015856554731726646
21356.0,0.0,0.038543496280908585
21357.0,0.0,0.026744144037365913
21358.0,0.0,0.026122327893972397
21359.0,0.0,0.001396275358274579
21360.0,0.0,0.4122503101825714
21361.0,0.0,0.025651903823018074
21362.0,0.0,0.025005033239722252
21363.0,0.0,0.014243694953620434
21364.0,0.0,0.02236247807741165
21365.0,0.0,0.0012999485479667783
21366.0,0.0,0.016777299344539642
21367.0,0.0,0.03859657794237137
21368.0,0.0,0.0246882326900959
21369.0,1.0,0.025771109387278557
21370.0,0.0,0.003656018292531371
21371.0,0.0,0.026744144037365913
21372.0,0.0,0.015590906143188477
21373.0,0.0,0.0014075487852096558
21374.0,0.0,0.024970166385173798
21375.0,0.0,0.03969156742095947
21376.0,0.0,0.026122327893972397
21377.0,0.0,0.03984907269477844
21378.0,0.0,0.03840058669447899
21379.0,0.0,0.06375277787446976
21380.0,0.0,0.025771109387278557
21381.0,0.0,0.02653190866112709
21382.0,0.0,0.027341853827238083
21383.0,0.0,0.014243694953620434
21384.0,0.0,0.02632135897874832
21385.0,0.0,0.06131014972925186
21386.0,0.0,0.0013160249218344688
21387.0,0.0,0.038782041519880295
21388.0,0.0,0.0012720894301310182
21389.0,0.0,0.026141773909330368
21390.0,0.0,0.017378058284521103
21391.0,0.0,0.027234036475419998
21392.0,0.0,0.014678625389933586
21393.0,0.0,0.028332654386758804
21394.0,0.0,0.02632135897874832
21395.0,0.0,0.016530299559235573
21396.0,0.0,0.0014693202683702111
21397.0,0.0,0.015856554731726646
21398.0,0.0,0.016122156754136086
21399.0,0.0,0.04475943744182587
21400.0,0.0,0.023730525746941566
21401.0,0.0,0.025771109387278557
21402.0,1.0,0.4090858995914459
21403.0,0.0,0.0012464794563129544
21404.0,0.0,0.49579718708992004
21405.0,0.0,0.02663862146437168
21406.0,0.0,0.011426706798374653
21407.0,0.0,0.02710825391113758
21408.0,0.0,0.0597548745572567
21409.0,0.0,0.029021726921200752
21410.0,0.0,0.016409974545240402
21411.0,0.0,0.06240420788526535
21412.0,0.0,0.060015689581632614
21413.0,0.0,0.025873281061649323
21414.0,0.0,0.025873281061649323
21415.0,0.0,0.018215972930192947
21416.0,0.0,0.02663862146437168
21417.0,0.0,0.03619825094938278
21418.0,0.0,0.027001334354281425
21419.0,0.0,0.017969094216823578
21420.0,0.0,0.0013608243316411972
21421.0,0.0,0.0014412200544029474
21422.0,0.0,0.01722889207303524
21423.0,0.0,0.0016615756321698427
21424.0,0.0,0.014061274006962776
21425.0,0.0,0.025550583377480507
21426.0,0.0,0.02526475116610527
21427.0,0.0,0.02544485405087471
21428.0,0.0,0.024906201288104057
21429.0,0.0,0.028981421142816544
21430.0,0.0,0.026122327893972397
21431.0,0.0,0.06113040819764137
21432.0,0.0,0.0033106503542512655
21433.0,0.0,0.04041016474366188
21434.0,0.0,0.026141773909330368
21435.0,0.0,0.02559009939432144
21436.0,0.0,0.018040908500552177
21437.0,0.0,0.03889988735318184
21438.0,0.0,0.015280703082680702
21439.0,0.0,0.0013121713418513536
21440.0,0.0,0.034694552421569824
21441.0,0.0,0.058350373059511185
21442.0,0.0,0.015413998626172543
21443.0,0.0,0.025771109387278557
21444.0,0.0,0.015878908336162567
21445.0,0.0,0.0013916846364736557
21446.0,0.0,0.022331207990646362
21447.0,0.0,0.0015091396635398269
21448.0,0.0,0.015878908336162567
21449.0,0.0,0.0014202744932845235
21450.0,0.0,0.024906201288104057
21451.0,0.0,0.037967368960380554
21452.0,0.0,0.018040908500552177
21453.0,0.0,0.025771109387278557
21454.0,0.0,0.01574668474495411
21455.0,0.0,0.029652222990989685
21456.0,0.0,0.023636609315872192
21457.0,0.0,0.040762387216091156
21458.0,0.0,0.017969094216823578
21459.0,0.0,0.0036540923174470663
21460.0,0.0,0.025771109387278557
21461.0,0.0,0.02440434880554676
21462.0,0.0,0.025771109387278557
21463.0,0.0,0.003643670119345188
21464.0,1.0,0.4452180862426758
21465.0,0.0,0.02663862146437168
21466.0,0.0,0.0014572733780369163
21467.0,0.0,0.02885267697274685
21468.0,0.0,0.024906201288104057
21469.0,1.0,0.06344211101531982
21470.0,0.0,0.02314114384353161
21471.0,0.0,0.06344211101531982
21472.0,0.0,0.0014513740316033363
21473.0,0.0,0.015878908336162567
21474.0,0.0,0.02632135897874832
21475.0,0.0,0.06344211101531982
21476.0,0.0,0.023922305554151535
21477.0,0.0,0.025771109387278557
21478.0,0.0,0.02544485405087471
21479.0,0.0,0.023887183517217636
21480.0,0.0,0.025771109387278557
21481.0,0.0,0.0038222859147936106
21482.0,0.0,0.059498436748981476
21483.0,0.0,0.025771109387278557
21484.0,0.0,0.016777299344539642
21485.0,0.0,0.04332609102129936
21486.0,0.0,0.3621395230293274
21487.0,0.0,0.01574668474495411
21488.0,0.0,0.02314114384353161
21489.0,0.0,0.024590618908405304
21490.0,0.0,0.0262258630245924
21491.0,1.0,0.4392189085483551
21492.0,0.0,0.0007958562928251922
21493.0,0.0,0.03922644257545471
21494.0,0.0,0.026744144037365913
21495.0,0.0,0.024717602878808975
21496.0,0.0,0.025771109387278557
21497.0,0.0,0.038782041519880295
21498.0,0.0,0.027341853827238083
21499.0,0.0,0.06639550626277924
21500.0,0.0,0.0013517334591597319
21501.0,0.0,0.02314114384353161
21502.0,0.0,0.025873281061649323
21503.0,0.0,0.015916068106889725
21504.0,0.0,0.02544485405087471
21505.0,0.0,0.025005033239722252
21506.0,1.0,0.024871468544006348
21507.0,0.0,0.03975355252623558
21508.0,0.0,0.027913730591535568
21509.0,1.0,0.8302517533302307
21510.0,0.0,0.024906201288104057
21511.0,0.0,0.025227047502994537
21512.0,0.0,0.02632135897874832
21513.0,0.0,0.023887183517217636
21514.0,0.0,0.017115604132413864
21515.0,0.0,0.0385444350540638
21516.0,0.0,0.02314114384353161
21517.0,0.0,0.02814936637878418
21518.0,0.0,0.023579120635986328
21519.0,0.0,0.016435613855719566
21520.0,0.0,0.04139940068125725
21521.0,0.0,0.024906201288104057
21522.0,0.0,0.01722889207303524
21523.0,0.0,0.02632135897874832
21524.0,0.0,0.05817730352282524
21525.0,0.0,0.022678134962916374
21526.0,0.0,0.016293639317154884
21527.0,0.0,0.015246058814227581
21528.0,0.0,0.05607227236032486
21529.0,0.0,0.025550583377480507
21530.0,0.0,0.44283321499824524
21531.0,0.0,0.024555636569857597
21532.0,0.0,0.025771109387278557
21533.0,0.0,0.06399565190076828
21534.0,0.0,0.014891373924911022
21535.0,0.0,0.01574668474495411
21536.0,0.0,0.017658833414316177
21537.0,0.0,0.0262258630245924
21538.0,0.0,0.015878908336162567
21539.0,0.0,0.001392714912071824
21540.0,0.0,0.019849760457873344
21541.0,0.0,0.02314114384353161
21542.0,0.0,0.02632135897874832
21543.0,0.0,0.0013714581727981567
21544.0,0.0,0.014958435669541359
21545.0,0.0,0.02314114384353161
21546.0,0.0,0.025005033239722252
21547.0,0.0,0.015028689987957478
21548.0,0.0,0.0014078195672482252
21549.0,0.0,0.016435613855719566
21550.0,0.0,0.04056795686483383
21551.0,0.0,0.4316074550151825
21552.0,1.0,0.9959084987640381
21553.0,0.0,0.35456952452659607
21554.0,0.0,0.05915085971355438
21555.0,0.0,0.06498962640762329
21556.0,0.0,0.05115196108818054
21557.0,0.0,0.0014401210937649012
21558.0,0.0,0.017115140333771706
21559.0,0.0,0.015856554731726646
21560.0,0.0,0.023853830993175507
21561.0,0.0,0.003708237549290061
21562.0,0.0,0.017336970195174217
21563.0,0.0,0.06021404266357422
21564.0,0.0,0.4264950752258301
21565.0,0.0,0.0013714581727981567
21566.0,0.0,0.017378058284521103
21567.0,0.0,0.017969094216823578
21568.0,0.0,0.0185039434581995
21569.0,0.0,0.013356479816138744
21570.0,0.0,0.05264653265476227
21571.0,0.0,0.05711143836379051
21572.0,0.0,0.027234036475419998
21573.0,0.0,0.028024164959788322
21574.0,0.0,0.027234036475419998
21575.0,0.0,0.01678997464478016
21576.0,0.0,0.06474325805902481
21577.0,0.0,0.0012772607151418924
21578.0,1.0,0.009799270890653133
21579.0,0.0,0.001317504676990211
21580.0,0.0,0.011426706798374653
21581.0,0.0,0.027341853827238083
21582.0,0.0,0.03634200617671013
21583.0,0.0,0.0013213740894570947
21584.0,0.0,0.05670229345560074
21585.0,0.0,0.0034053996205329895
21586.0,0.0,0.02331724390387535
21587.0,0.0,0.027234036475419998
21588.0,0.0,0.025771109387278557
21589.0,0.0,0.0029669080395251513
21590.0,0.0,0.0016632580664008856
21591.0,0.0,0.0690503939986229
21592.0,0.0,0.024717602878808975
21593.0,0.0,0.0013714581727981567
21594.0,0.0,0.014743927866220474
21595.0,0.0,0.018086470663547516
21596.0,0.0,0.02445853315293789
21597.0,0.0,0.02440434880554676
21598.0,0.0,0.058945007622241974
21599.0,0.0,0.023730525746941566
21600.0,0.0,0.023636609315872192
21601.0,0.0,0.02481570467352867
21602.0,0.0,0.41323480010032654
21603.0,0.0,0.025771109387278557
21604.0,0.0,0.02481570467352867
21605.0,0.0,0.025227047502994537
21606.0,0.0,0.016688881441950798
21607.0,0.0,0.024871468544006348
21608.0,0.0,0.025810956954956055
21609.0,0.0,0.023922305554151535
21610.0,0.0,0.025771109387278557
21611.0,0.0,0.023922305554151535
21612.0,0.0,0.023721186444163322
21613.0,0.0,0.03634200617671013
21614.0,0.0,0.024906201288104057
21615.0,0.0,0.023616880178451538
21616.0,0.0,0.06344211101531982
21617.0,0.0,0.01629883050918579
21618.0,0.0,0.0041946363635361195
21619.0,0.0,0.05582575500011444
21620.0,1.0,0.46572646498680115
21621.0,0.0,0.0013140484225004911
21622.0,0.0,0.0014202744932845235
21623.0,0.0,0.0262258630245924
21624.0,0.0,0.027234036475419998
21625.0,0.0,0.058765873312950134
21626.0,0.0,0.024590618908405304
21627.0,0.0,0.060643456876277924
21628.0,0.0,0.016225576400756836
21629.0,0.0,0.02314114384353161
21630.0,0.0,0.0185039434581995
21631.0,0.0,0.015856554731726646
21632.0,0.0,0.025771109387278557
21633.0,0.0,0.34169960021972656
21634.0,0.0,0.03935639187693596
21635.0,0.0,0.014891373924911022
21636.0,0.0,0.0013608243316411972
21637.0,0.0,0.011593515053391457
21638.0,0.0,0.001437600702047348
21639.0,0.0,0.014621013775467873
21640.0,0.0,0.024906201288104057
21641.0,1.0,0.4392189085483551
21642.0,0.0,0.014243694953620434
21643.0,0.0,0.0031331481877714396
21644.0,0.0,0.024906201288104057
21645.0,0.0,0.017969094216823578
21646.0,0.0,0.055439580231904984
21647.0,0.0,0.027234036475419998
21648.0,0.0,0.025771109387278557
21649.0,0.0,0.024717602878808975
21650.0,0.0,0.02358420193195343
21651.0,0.0,0.027234036475419998
21652.0,0.0,0.024906201288104057
21653.0,0.0,0.01448389608412981
21654.0,0.0,0.03296970948576927
21655.0,0.0,0.023721186444163322
21656.0,0.0,0.024717602878808975
21657.0,0.0,0.0013770321384072304
21658.0,0.0,0.02632135897874832
21659.0,0.0,0.016994355246424675
21660.0,0.0,0.017171300947666168
21661.0,0.0,0.02445853315293789
21662.0,0.0,0.02323314920067787
21663.0,0.0,0.027234036475419998
21664.0,0.0,0.024906201288104057
21665.0,0.0,0.02658638171851635
21666.0,0.0,0.0014693202683702111
21667.0,0.0,0.01575755886733532
21668.0,0.0,0.017969094216823578
21669.0,0.0,0.024906201288104057
21670.0,0.0,0.06290864944458008
21671.0,0.0,0.017968246713280678
21672.0,1.0,0.05522727221250534
21673.0,0.0,0.05554807558655739
21674.0,0.0,0.0014301348710432649
21675.0,0.0,0.017378058284521103
21676.0,0.0,0.03889988735318184
21677.0,0.0,0.04094049707055092
21678.0,0.0,0.024871468544006348
21679.0,0.0,0.023922305554151535
21680.0,0.0,0.016936318948864937
21681.0,0.0,0.016097549349069595
21682.0,0.0,0.43061134219169617
21683.0,0.0,0.04081787168979645
21684.0,0.0,0.026141773909330368
21685.0,0.0,0.02236247807741165
21686.0,0.0,0.004162823315709829
21687.0,0.0,0.024717602878808975
21688.0,0.0,0.025550583377480507
21689.0,0.0,0.0013608243316411972
21690.0,0.0,0.026141773909330368
21691.0,0.0,0.017378058284521103
21692.0,0.0,0.04052376374602318
21693.0,0.0,0.0016337033594027162
21694.0,0.0,0.017336970195174217
21695.0,0.0,0.025545770302414894
21696.0,0.0,0.024590618908405304
21697.0,0.0,0.02632135897874832
21698.0,0.0,0.02663862146437168
21699.0,0.0,0.014777462929487228
21700.0,0.0,0.024717602878808975
21701.0,0.0,0.0013694989029318094
21702.0,0.0,0.025550583377480507
21703.0,0.0,0.025771109387278557
21704.0,0.0,0.015423089265823364
21705.0,0.0,0.024906201288104057
21706.0,0.0,0.02317703142762184
21707.0,0.0,0.027234036475419998
21708.0,0.0,0.02314114384353161
21709.0,0.0,0.024717602878808975
21710.0,0.0,0.0597548745572567
21711.0,0.0,0.01678997464478016
21712.0,0.0,0.02660154178738594
21713.0,0.0,0.026141773909330368
21714.0,0.0,0.017378058284521103
21715.0,0.0,0.02314114384353161
21716.0,0.0,0.017094489187002182
21717.0,0.0,0.015028689987957478
21718.0,1.0,0.016853002831339836
21719.0,1.0,0.42014530301094055
21720.0,0.0,0.02236247807741165
21721.0,0.0,0.01635638438165188
21722.0,0.0,0.014743927866220474
21723.0,0.0,0.024231432005763054
21724.0,0.0,0.025771109387278557
21725.0,0.0,0.025514967739582062
21726.0,0.0,0.03829755261540413
21727.0,0.0,0.05085628107190132
21728.0,0.0,0.027341853827238083
21729.0,0.0,0.024231432005763054
21730.0,0.0,0.025642139837145805
21731.0,0.0,0.060015689581632614
21732.0,0.0,0.024590618908405304
21733.0,0.0,0.024906201288104057
21734.0,0.0,0.015856554731726646
21735.0,0.0,0.022331207990646362
21736.0,0.0,0.02070019766688347
21737.0,0.0,0.028916725888848305
21738.0,0.0,0.01607489213347435
21739.0,0.0,0.02323314920067787
21740.0,0.0,0.028508367016911507
21741.0,0.0,0.039906181395053864
21742.0,0.0,0.02314114384353161
21743.0,0.0,0.024906201288104057
21744.0,0.0,0.018495531752705574
21745.0,0.0,0.010880522429943085
21746.0,0.0,0.0014202744932845235
21747.0,0.0,0.018040908500552177
21748.0,0.0,0.018215972930192947
21749.0,0.0,0.01661013439297676
21750.0,0.0,0.027234036475419998
21751.0,0.0,0.023636609315872192
21752.0,0.0,0.016766361892223358
21753.0,0.0,0.015413998626172543
21754.0,0.0,0.016595402732491493
21755.0,0.0,0.02663862146437168
21756.0,0.0,0.014777462929487228
21757.0,0.0,0.016293639317154884
21758.0,0.0,0.022166267037391663
21759.0,0.0,0.0014401210937649012
21760.0,0.0,0.0392918735742569
21761.0,0.0,0.025283005088567734
21762.0,0.0,0.014743927866220474
21763.0,0.0,0.025771109387278557
21764.0,0.0,0.025245940312743187
21765.0,0.0,0.025383293628692627
21766.0,0.0,0.061310164630413055
21767.0,0.0,0.023568198084831238
21768.0,0.0,0.025771109387278557
21769.0,0.0,0.4392189085483551
21770.0,0.0,0.01947602443397045
21771.0,0.0,0.017969094216823578
21772.0,0.0,0.026301685720682144
21773.0,0.0,0.026744144037365913
21774.0,0.0,0.025207238271832466
21775.0,1.0,0.9935031533241272
21776.0,0.0,0.0031689931638538837
21777.0,0.0,0.02412227913737297
21778.0,0.0,0.4532330334186554
21779.0,0.0,0.024717602878808975
21780.0,0.0,0.0013714581727981567
21781.0,0.0,0.025771109387278557
21782.0,0.0,0.02814936637878418
21783.0,0.0,0.021340524777770042
21784.0,0.0,0.028148459270596504
21785.0,0.0,0.018040908500552177
21786.0,0.0,0.013356479816138744
21787.0,0.0,0.010952994227409363
21788.0,0.0,0.022331207990646362
21789.0,0.0,0.0014401210937649012
21790.0,0.0,0.024906201288104057
21791.0,0.0,0.05638376995921135
21792.0,0.0,0.02298109605908394
21793.0,0.0,0.016097549349069595
21794.0,0.0,0.02398207224905491
21795.0,0.0,0.017969094216823578
21796.0,0.0,0.039039310067892075
21797.0,0.0,0.024717602878808975
21798.0,1.0,0.44283321499824524
21799.0,0.0,0.026141773909330368
21800.0,0.0,0.026141773909330368
21801.0,0.0,0.02814936637878418
21802.0,0.0,0.024501239880919456
21803.0,0.0,0.014297300949692726
21804.0,0.0,0.017969094216823578
21805.0,0.0,0.02641528844833374
21806.0,0.0,0.025771109387278557
21807.0,0.0,0.05708349123597145
21808.0,0.0,0.02419760823249817
21809.0,0.0,0.01678997464478016
21810.0,0.0,0.014891373924911022
21811.0,0.0,0.05715741962194443
21812.0,0.0,0.025005033239722252
21813.0,0.0,0.02628469653427601
21814.0,0.0,0.04095249995589256
21815.0,0.0,0.03683403134346008
21816.0,1.0,0.41751599311828613
21817.0,0.0,0.02544485405087471
21818.0,0.0,0.02355126105248928
21819.0,0.0,0.05708349123597145
21820.0,0.0,0.019073618575930595
21821.0,0.0,0.016122156754136086
21822.0,0.0,0.05795514956116676
21823.0,0.0,0.0013516949256882071
21824.0,0.0,0.018461478874087334
21825.0,0.0,0.024501239880919456
21826.0,0.0,0.003753985045477748
21827.0,1.0,0.06689666211605072
21828.0,0.0,0.015280703082680702
21829.0,0.0,0.02544485405087471
21830.0,0.0,0.02814936637878418
21831.0,0.0,0.026744144037365913
21832.0,0.0,0.06302130222320557
21833.0,0.0,0.04773344472050667
21834.0,0.0,0.02207839861512184
21835.0,0.0,0.023887183517217636
21836.0,1.0,0.4360010325908661
21837.0,0.0,0.027234036475419998
21838.0,0.0,0.02632135897874832
21839.0,0.0,0.02660154178738594
21840.0,0.0,0.025771109387278557
21841.0,0.0,0.024717602878808975
21842.0,0.0,0.027341853827238083
21843.0,0.0,0.02663862146437168
21844.0,1.0,0.9960840940475464
21845.0,0.0,0.026122327893972397
21846.0,0.0,0.030260220170021057
21847.0,0.0,0.013185258023440838
21848.0,0.0,0.018421942368149757
21849.0,0.0,0.04046642780303955
21850.0,0.0,0.02544485405087471
21851.0,0.0,0.027234036475419998
21852.0,0.0,0.035130035132169724
21853.0,0.0,0.0511234775185585
21854.0,0.0,0.0013736317632719874
21855.0,0.0,0.025771109387278557
21856.0,0.0,0.01899777166545391
21857.0,0.0,0.06722301989793777
21858.0,0.0,0.027341853827238083
21859.0,0.0,0.02236247807741165
21860.0,0.0,0.4392189085483551
21861.0,0.0,0.43061134219169617
21862.0,0.0,0.022451452910900116
21863.0,0.0,0.016122156754136086
21864.0,0.0,0.003504489315673709
21865.0,0.0,0.016435613855719566
21866.0,0.0,0.026141773909330368
21867.0,1.0,0.43026041984558105
21868.0,0.0,0.024717602878808975
21869.0,0.0,0.05708349123597145
21870.0,0.0,0.05599725991487503
21871.0,0.0,0.026141773909330368
21872.0,0.0,0.017739813774824142
21873.0,0.0,0.02445853315293789
21874.0,0.0,0.02323314920067787
21875.0,0.0,0.02361888997256756
21876.0,0.0,0.0036289540585130453
21877.0,0.0,0.05826232582330704
21878.0,1.0,0.058941278606653214
21879.0,0.0,0.02445853315293789
21880.0,0.0,0.015046621672809124
21881.0,0.0,0.0031331481877714396
21882.0,0.0,0.01899777166545391
21883.0,0.0,0.01678997464478016
21884.0,0.0,0.014243694953620434
21885.0,0.0,0.0012173517607152462
21886.0,0.0,0.026301685720682144
21887.0,0.0,0.017378058284521103
21888.0,0.0,0.027234036475419998
21889.0,0.0,0.0029790604021400213
21890.0,0.0,0.02663862146437168
21891.0,0.0,0.4476095139980316
21892.0,0.0,0.01704694889485836
21893.0,0.0,0.06329625844955444
21894.0,0.0,0.05708349123597145
21895.0,0.0,0.024717602878808975
21896.0,0.0,0.01506237406283617
21897.0,0.0,0.025545770302414894
21898.0,0.0,0.016121400520205498
21899.0,0.0,0.01506237406283617
21900.0,0.0,0.025310751050710678
21901.0,0.0,0.06123312562704086
21902.0,0.0,0.02314114384353161
21903.0,0.0,0.02207839861512184
21904.0,0.0,0.12852497398853302
21905.0,1.0,0.9787936210632324
21906.0,0.0,0.0018354161875322461
21907.0,0.0,0.025545770302414894
21908.0,0.0,0.025771109387278557
21909.0,0.0,0.0159847903996706
21910.0,0.0,0.023922305554151535
21911.0,0.0,0.017969094216823578
21912.0,0.0,0.0014752917923033237
21913.0,0.0,0.015856554731726646
21914.0,0.0,0.4632141888141632
21915.0,0.0,0.022938264533877373
21916.0,0.0,0.02323314920067787
21917.0,0.0,0.01678997464478016
21918.0,0.0,0.02632135897874832
21919.0,0.0,0.017969094216823578
21920.0,0.0,0.023853830993175507
21921.0,0.0,0.016097549349069595
21922.0,0.0,0.053104232996702194
21923.0,0.0,0.027913730591535568
21924.0,0.0,0.02323314920067787
21925.0,0.0,0.025873281061649323
21926.0,0.0,0.01158476434648037
21927.0,1.0,0.024906201288104057
21928.0,0.0,0.02544485405087471
21929.0,0.0,0.028221415355801582
21930.0,0.0,0.024717602878808975
21931.0,0.0,0.0013140484225004911
21932.0,0.0,0.02628469653427601
21933.0,0.0,0.05607227236032486
21934.0,0.0,0.025005033239722252
21935.0,0.0,0.015107985585927963
21936.0,0.0,0.02663862146437168
21937.0,0.0,0.03749186545610428
21938.0,0.0,0.024717602878808975
21939.0,0.0,0.4445684850215912
21940.0,0.0,0.015413998626172543
21941.0,0.0,0.027234036475419998
21942.0,0.0,0.024871468544006348
21943.0,0.0,0.02663862146437168
21944.0,0.0,0.02314114384353161
21945.0,0.0,0.025771109387278557
21946.0,0.0,0.03957022726535797
21947.0,0.0,0.44021958112716675
21948.0,0.0,0.02536497637629509
21949.0,0.0,0.023922305554151535
21950.0,0.0,0.024231432005763054
21951.0,0.0,0.024556316435337067
21952.0,0.0,0.022397181019186974
21953.0,0.0,0.024906201288104057
21954.0,0.0,0.017378058284521103
21955.0,0.0,0.016994355246424675
21956.0,0.0,0.027234036475419998
21957.0,0.0,0.43061134219169617
21958.0,0.0,0.05787777155637741
21959.0,0.0,0.017739813774824142
21960.0,0.0,0.023568198084831238
21961.0,0.0,0.0012555853463709354
21962.0,0.0,0.023853830993175507
21963.0,0.0,0.05515262857079506
21964.0,0.0,0.02663862146437168
21965.0,0.0,0.7034232020378113
21966.0,0.0,0.031031303107738495
21967.0,0.0,0.013356479816138744
21968.0,0.0,0.03173147886991501
21969.0,0.0,0.024906201288104057
21970.0,0.0,0.022847406566143036
21971.0,0.0,0.018040908500552177
21972.0,0.0,0.0031689931638538837
21973.0,0.0,0.026141773909330368
21974.0,0.0,0.0013770321384072304
21975.0,0.0,0.015086700208485126
21976.0,0.0,0.0014566865283995867
21977.0,0.0,0.02314114384353161
21978.0,0.0,0.02207839861512184
21979.0,0.0,0.027234036475419998
21980.0,0.0,0.35419848561286926
21981.0,0.0,0.024906201288104057
21982.0,0.0,0.024717602878808975
21983.0,0.0,0.05708349123597145
21984.0,0.0,0.4185042083263397
21985.0,0.0,0.027234036475419998
21986.0,0.0,0.0262258630245924
21987.0,0.0,0.024717602878808975
21988.0,0.0,0.025771109387278557
21989.0,0.0,0.04266770929098129
21990.0,0.0,0.06100006029009819
21991.0,0.0,0.012085461057722569
21992.0,0.0,0.024906201288104057
21993.0,0.0,0.014891373924911022
21994.0,0.0,0.05554807558655739
21995.0,0.0,0.022685261443257332
21996.0,1.0,0.014891373924911022
21997.0,0.0,0.01899777166545391
21998.0,0.0,0.025651903823018074
21999.0,0.0,0.017094489187002182
22000.0,1.0,0.3513956665992737
22001.0,0.0,0.43199655413627625
22002.0,0.0,0.02323314920067787
22003.0,0.0,0.0013161314418539405
22004.0,0.0,0.025873281061649323
22005.0,0.0,0.0018661250360310078
22006.0,0.0,0.024906201288104057
22007.0,0.0,0.06689666211605072
22008.0,0.0,0.025810956954956055
22009.0,0.0,0.025771109387278557
22010.0,0.0,0.05886192247271538
22011.0,0.0,0.023887183517217636
22012.0,0.0,0.03653378039598465
22013.0,0.0,0.02314114384353161
22014.0,0.0,0.022331207990646362
22015.0,1.0,0.024906201288104057
22016.0,0.0,0.016225576400756836
22017.0,0.0,0.024590618908405304
22018.0,0.0,0.02632135897874832
22019.0,0.0,0.0014260467141866684
22020.0,0.0,0.057245396077632904
22021.0,0.0,0.055439580231904984
22022.0,0.0,0.025873281061649323
22023.0,0.0,0.027234036475419998
22024.0,0.0,0.010266873054206371
22025.0,0.0,0.030011236667633057
22026.0,0.0,0.024871468544006348
22027.0,0.0,0.001437790342606604
22028.0,1.0,0.3513956665992737
22029.0,0.0,0.025771109387278557
22030.0,0.0,0.0652059018611908
22031.0,0.0,0.024717602878808975
22032.0,0.0,0.023887183517217636
22033.0,0.0,0.02663862146437168
22034.0,0.0,0.022451452910900116
22035.0,0.0,0.022166267037391663
22036.0,0.0,0.016018515452742577
22037.0,0.0,0.05812613666057587
22038.0,0.0,0.055364664644002914
22039.0,0.0,0.025771109387278557
22040.0,1.0,0.4632141888141632
22041.0,0.0,0.025005033239722252
22042.0,0.0,0.024906201288104057
22043.0,0.0,0.022420059889554977
22044.0,0.0,0.05264653265476227
22045.0,0.0,0.02641528844833374
22046.0,0.0,0.025245940312743187
22047.0,0.0,0.02604168839752674
22048.0,0.0,0.025771109387278557
22049.0,0.0,0.43704754114151
22050.0,1.0,0.4445684850215912
22051.0,0.0,0.0032215716782957315
22052.0,0.0,0.0013235259102657437
22053.0,0.0,0.023922305554151535
22054.0,0.0,0.017658833414316177
22055.0,0.0,0.014297300949692726
22056.0,0.0,0.01729780063033104
22057.0,0.0,0.015856554731726646
22058.0,0.0,0.4392189085483551
22059.0,0.0,0.024556316435337067
22060.0,0.0,0.02663862146437168
22061.0,0.0,0.025771109387278557
22062.0,1.0,0.015556056052446365
22063.0,0.0,0.016122156754136086
22064.0,0.0,0.024501239880919456
22065.0,0.0,0.027913730591535568
22066.0,0.0,0.01722889207303524
22067.0,0.0,0.02323314920067787
22068.0,0.0,0.025227047502994537
22069.0,0.0,0.04041016474366188
22070.0,0.0,0.011940901167690754
22071.0,0.0,0.026122327893972397
22072.0,0.0,0.025771109387278557
22073.0,0.0,0.01635638438165188
22074.0,0.0,0.02236247807741165
22075.0,0.0,0.4486140012741089
22076.0,0.0,0.010952994227409363
22077.0,0.0,0.0013694989029318094
22078.0,0.0,0.0013663552235811949
22079.0,0.0,0.023922305554151535
22080.0,0.0,0.02641528844833374
22081.0,0.0,0.0319962278008461
22082.0,0.0,0.0012333538616076112
22083.0,0.0,0.029652222990989685
22084.0,0.0,0.0034105125814676285
22085.0,0.0,0.024717602878808975
22086.0,0.0,0.025771109387278557
22087.0,0.0,0.02628469653427601
22088.0,0.0,0.017378058284521103
22089.0,0.0,0.023887183517217636
22090.0,0.0,0.05815580114722252
22091.0,0.0,0.05708349123597145
22092.0,0.0,0.02641528844833374
22093.0,0.0,0.024871468544006348
22094.0,1.0,0.01629883050918579
22095.0,0.0,0.017969094216823578
22096.0,0.0,0.023697391152381897
22097.0,0.0,0.025771109387278557
22098.0,0.0,0.029163094237446785
22099.0,0.0,0.02336050570011139
22100.0,0.0,0.05983950197696686
22101.0,1.0,0.015050983056426048
22102.0,0.0,0.06212304159998894
22103.0,0.0,0.025545770302414894
22104.0,0.0,0.0014202744932845235
22105.0,0.0,0.02207839861512184
22106.0,0.0,0.003353303298354149
22107.0,0.0,0.04081787168979645
22108.0,0.0,0.06139259412884712
22109.0,0.0,0.025771109387278557
22110.0,0.0,0.018288765102624893
22111.0,0.0,0.0013608243316411972
22112.0,0.0,0.003244467545300722
22113.0,1.0,0.47073468565940857
22114.0,0.0,0.0262258630245924
22115.0,0.0,0.0597548745572567
22116.0,0.0,0.025005033239722252
22117.0,0.0,0.00331284012645483
22118.0,0.0,0.025873281061649323
22119.0,0.0,0.026405904442071915
22120.0,0.0,0.001310010440647602
22121.0,0.0,0.02663862146437168
22122.0,0.0,0.02314114384353161
22123.0,0.0,0.02628469653427601
22124.0,0.0,0.05638376995921135
22125.0,0.0,0.02663862146437168
22126.0,0.0,0.025005033239722252
22127.0,0.0,0.0013694989029318094
22128.0,1.0,0.423371821641922
22129.0,0.0,0.024906201288104057
22130.0,0.0,0.025873281061649323
22131.0,0.0,0.025771109387278557
22132.0,1.0,0.9775838851928711
22133.0,0.0,0.055364664644002914
22134.0,0.0,0.34169960021972656
22135.0,0.0,0.016122156754136086
22136.0,0.0,0.03278540074825287
22137.0,0.0,0.015173593536019325
22138.0,0.0,0.02314114384353161
22139.0,0.0,0.015878908336162567
22140.0,0.0,0.014621013775467873
22141.0,0.0,0.016994355246424675
22142.0,0.0,0.042473744601011276
22143.0,0.0,0.016435613855719566
22144.0,1.0,0.9940225481987
22145.0,0.0,0.025005033239722252
22146.0,0.0,0.024590618908405304
22147.0,0.0,0.0013462231727316976
22148.0,0.0,0.028332654386758804
22149.0,0.0,0.0229489766061306
22150.0,0.0,0.018040908500552177
22151.0,0.0,0.0016337033594027162
22152.0,0.0,0.02323314920067787
22153.0,0.0,0.01697045937180519
22154.0,0.0,0.029535578563809395
22155.0,0.0,0.015590906143188477
22156.0,0.0,0.035586390644311905
22157.0,0.0,0.014891373924911022
22158.0,0.0,0.06050252914428711
22159.0,0.0,0.0017132764915004373
22160.0,0.0,0.02236247807741165
22161.0,0.0,0.01751178875565529
22162.0,0.0,0.024871468544006348
22163.0,0.0,0.024970166385173798
22164.0,0.0,0.05085628107190132
22165.0,0.0,0.02323314920067787
22166.0,0.0,0.05817730352282524
22167.0,0.0,0.02314114384353161
22168.0,0.0,0.023636609315872192
22169.0,0.0,0.02361888997256756
22170.0,0.0,0.0012720894301310182
22171.0,0.0,0.05454898998141289
22172.0,0.0,0.03480932489037514
22173.0,0.0,0.014891373924911022
22174.0,0.0,0.0012720894301310182
22175.0,0.0,0.025873281061649323
22176.0,0.0,0.02481570467352867
22177.0,0.0,0.053104232996702194
22178.0,0.0,0.014114202931523323
22179.0,0.0,0.04041016474366188
22180.0,0.0,0.028432950377464294
22181.0,0.0,0.024906201288104057
22182.0,0.0,0.05915085971355438
22183.0,0.0,0.07209804654121399
22184.0,0.0,0.010245205834507942
22185.0,0.0,0.029535578563809395
22186.0,0.0,0.030525844544172287
22187.0,0.0,0.02526475116610527
22188.0,0.0,0.025771109387278557
22189.0,0.0,0.014891373924911022
22190.0,0.0,0.017115604132413864
22191.0,0.0,0.038809921592473984
22192.0,0.0,0.025545770302414894
22193.0,0.0,0.01678997464478016
22194.0,0.0,0.02314114384353161
22195.0,0.0,0.03901994973421097
22196.0,0.0,0.016529247164726257
22197.0,0.0,0.024906201288104057
22198.0,0.0,0.025771109387278557
22199.0,0.0,0.0012772607151418924
22200.0,0.0,0.022331207990646362
22201.0,0.0,0.037081919610500336
22202.0,0.0,0.016122156754136086
22203.0,0.0,0.026744144037365913
22204.0,0.0,0.02632135897874832
22205.0,0.0,0.027234036475419998
22206.0,0.0,0.05817730352282524
22207.0,0.0,0.017969094216823578
22208.0,0.0,0.003643670119345188
22209.0,0.0,0.023211408406496048
22210.0,0.0,0.02445853315293789
22211.0,1.0,0.44021958112716675
22212.0,1.0,0.8414415121078491
22213.0,0.0,0.024590618908405304
22214.0,0.0,0.0013047066750004888
22215.0,0.0,0.017969094216823578
22216.0,0.0,0.0013714581727981567
22217.0,0.0,0.04081787168979645
22218.0,0.0,0.015553967095911503
22219.0,0.0,0.016122156754136086
22220.0,0.0,0.0015753095503896475
22221.0,0.0,0.02628469653427601
22222.0,0.0,0.02525683492422104
22223.0,0.0,0.030525844544172287
22224.0,0.0,0.04614757001399994
22225.0,0.0,0.025245940312743187
22226.0,0.0,0.017739813774824142
22227.0,0.0,0.02544485405087471
22228.0,0.0,0.015938570722937584
22229.0,0.0,0.058765873312950134
22230.0,0.0,0.026913220062851906
22231.0,0.0,0.016122156754136086
22232.0,0.0,0.016122156754136086
22233.0,0.0,0.025771109387278557
22234.0,0.0,0.0012283599935472012
22235.0,0.0,0.022685261443257332
22236.0,0.0,0.024906201288104057
22237.0,0.0,0.017968246713280678
22238.0,0.0,0.02207839861512184
22239.0,0.0,0.015916068106889725
22240.0,0.0,0.06266964226961136
22241.0,0.0,0.02544485405087471
22242.0,0.0,0.02236247807741165
22243.0,0.0,0.025873281061649323
22244.0,0.0,0.014891373924911022
22245.0,0.0,0.05708349123597145
22246.0,0.0,0.014870388433337212
22247.0,0.0,0.025771109387278557
22248.0,0.0,0.01899777166545391
22249.0,0.0,0.023393183946609497
22250.0,0.0,0.05817730352282524
22251.0,1.0,0.8292537331581116
22252.0,0.0,0.060100309550762177
22253.0,0.0,0.025771109387278557
22254.0,0.0,0.023636609315872192
22255.0,1.0,0.4626805782318115
22256.0,1.0,0.05908733606338501
22257.0,0.0,0.014223608188331127
22258.0,0.0,0.025873281061649323
22259.0,0.0,0.015223466791212559
22260.0,0.0,0.01636665128171444
22261.0,0.0,0.015223466791212559
22262.0,0.0,0.02814936637878418
22263.0,0.0,0.014680053107440472
22264.0,0.0,0.024906201288104057
22265.0,0.0,0.05616211146116257
22266.0,0.0,0.02544485405087471
22267.0,0.0,0.0014202744932845235
22268.0,0.0,0.0012720894301310182
22269.0,0.0,0.0030272032599896193
22270.0,0.0,0.06131014972925186
22271.0,0.0,0.02314114384353161
22272.0,0.0,0.025771109387278557
22273.0,0.0,0.025771109387278557
22274.0,0.0,0.05607227236032486
22275.0,0.0,0.02314114384353161
22276.0,0.0,0.022331207990646362
22277.0,0.0,0.027234036475419998
22278.0,0.0,0.02803678810596466
22279.0,0.0,0.0012266056146472692
22280.0,0.0,0.06175331398844719
22281.0,0.0,0.003551457542926073
22282.0,0.0,0.0019235847285017371
22283.0,0.0,0.025771109387278557
22284.0,0.0,0.02544485405087471
22285.0,0.0,0.02632135897874832
22286.0,0.0,0.037497278302907944
22287.0,0.0,0.03774404153227806
22288.0,0.0,0.015246058814227581
22289.0,0.0,0.01678997464478016
22290.0,0.0,0.0013916846364736557
22291.0,0.0,0.024906201288104057
22292.0,0.0,0.02709067240357399
22293.0,0.0,0.019386546686291695
22294.0,0.0,0.024906201288104057
22295.0,0.0,0.01722889207303524
22296.0,0.0,0.02544485405087471
22297.0,0.0,0.029535578563809395
22298.0,1.0,0.08747369050979614
22299.0,0.0,0.02628469653427601
22300.0,0.0,0.015878908336162567
22301.0,0.0,0.01039495412260294
22302.0,0.0,0.01629883050918579
22303.0,0.0,0.022847406566143036
22304.0,0.0,0.025771109387278557
22305.0,0.0,0.02440434880554676
22306.0,1.0,0.05993499979376793
22307.0,0.0,0.027913730591535568
22308.0,0.0,0.038169533014297485
22309.0,0.0,0.016435613855719566
22310.0,0.0,0.015413998626172543
22311.0,0.0,0.056640829890966415
22312.0,0.0,0.016225576400756836
22313.0,0.0,0.06044430285692215
22314.0,0.0,0.016435613855719566
22315.0,0.0,0.017969094216823578
22316.0,0.0,0.02507074922323227
22317.0,0.0,0.02381543442606926
22318.0,0.0,0.02314114384353161
22319.0,0.0,0.014743927866220474
22320.0,0.0,0.02314114384353161
22321.0,0.0,0.023697391152381897
22322.0,0.0,0.03268357366323471
22323.0,0.0,0.02632135897874832
22324.0,0.0,0.01678997464478016
22325.0,1.0,0.031328391283750534
22326.0,0.0,0.02445853315293789
22327.0,1.0,0.4374698996543884
22328.0,0.0,0.02323314920067787
22329.0,0.0,0.02236247807741165
22330.0,0.0,0.025283005088567734
22331.0,0.0,0.0013431700645014644
22332.0,0.0,0.05708349123597145
22333.0,0.0,0.05795514956116676
22334.0,0.0,0.023636609315872192
22335.0,0.0,0.024871468544006348
22336.0,0.0,0.025771109387278557
22337.0,0.0,0.024906201288104057
22338.0,0.0,0.4041725695133209
22339.0,0.0,0.023721186444163322
22340.0,0.0,0.024906201288104057
22341.0,0.0,0.02207839861512184
22342.0,0.0,0.017810726538300514
22343.0,0.0,0.05817730352282524
22344.0,0.0,0.05522727221250534
22345.0,0.0,0.024871468544006348
22346.0,0.0,0.025873281061649323
22347.0,0.0,0.039906181395053864
22348.0,0.0,0.03053980879485607
22349.0,0.0,0.035586390644311905
22350.0,0.0,0.0013486293610185385
22351.0,0.0,0.02336050570011139
22352.0,0.0,0.025771109387278557
22353.0,0.0,0.015856554731726646
22354.0,0.0,0.024906201288104057
22355.0,0.0,0.015878908336162567
22356.0,0.0,0.024017333984375
22357.0,0.0,0.0008083566790446639
22358.0,0.0,0.014555196277797222
22359.0,0.0,0.02358420193195343
22360.0,0.0,0.01722889207303524
22361.0,0.0,0.01722889207303524
22362.0,0.0,0.015638090670108795
22363.0,0.0,0.059250447899103165
22364.0,0.0,0.023922305554151535
22365.0,0.0,0.024590618908405304
22366.0,0.0,0.016435613855719566
22367.0,0.0,0.02608109824359417
22368.0,0.0,0.0013714581727981567
22369.0,1.0,0.058941278606653214
22370.0,0.0,0.02445853315293789
22371.0,0.0,0.018040908500552177
22372.0,0.0,0.06073381006717682
22373.0,0.0,0.0262258630245924
22374.0,0.0,0.01840336248278618
22375.0,0.0,0.026425663381814957
22376.0,0.0,0.025642139837145805
22377.0,0.0,0.06148405745625496
22378.0,0.0,0.039669688791036606
22379.0,0.0,0.025771109387278557
22380.0,0.0,0.0263888631016016
22381.0,0.0,0.0016684638103470206
22382.0,0.0,0.3493441343307495
22383.0,0.0,0.030646273866295815
22384.0,0.0,0.017378058284521103
22385.0,0.0,0.02703808806836605
22386.0,0.0,0.015590906143188477
22387.0,0.0,0.01629883050918579
22388.0,0.0,0.037497278302907944
22389.0,0.0,0.43439170718193054
22390.0,0.0,0.010713044553995132
22391.0,0.0,0.02632135897874832
22392.0,0.0,0.025005033239722252
22393.0,0.0,0.07579322159290314
22394.0,0.0,0.027646450325846672
22395.0,0.0,0.0014202744932845235
22396.0,0.0,0.038782041519880295
22397.0,0.0,0.017378058284521103
22398.0,0.0,0.06399565190076828
22399.0,0.0,0.0012315916828811169
22400.0,0.0,0.0032782291527837515
22401.0,0.0,0.023636609315872192
22402.0,0.0,0.025771109387278557
22403.0,0.0,0.024717602878808975
22404.0,0.0,0.0597548745572567
22405.0,0.0,0.014243694953620434
22406.0,0.0,0.024871468544006348
22407.0,0.0,0.024231432005763054
22408.0,0.0,0.05607227236032486
22409.0,0.0,0.014276108704507351
22410.0,1.0,0.45423975586891174
22411.0,0.0,0.023636609315872192
22412.0,0.0,0.05515262857079506
22413.0,0.0,0.025346089154481888
22414.0,0.0,0.0014260467141866684
22415.0,0.0,0.042833440005779266
22416.0,0.0,0.024906201288104057
22417.0,0.0,0.01899777166545391
22418.0,0.0,0.025771109387278557
22419.0,0.0,0.02632135897874832
22420.0,0.0,0.025771109387278557
22421.0,0.0,0.058183833956718445
22422.0,0.0,0.017969094216823578
22423.0,0.0,0.038782041519880295
22424.0,0.0,0.027021421119570732
22425.0,0.0,0.023474901914596558
22426.0,0.0,0.8538004159927368
22427.0,0.0,0.05741441249847412
22428.0,0.0,0.01899777166545391
22429.0,0.0,0.01448389608412981
22430.0,0.0,0.016122156754136086
22431.0,0.0,0.03710399940609932
22432.0,0.0,0.023887183517217636
22433.0,0.0,0.023922305554151535
22434.0,0.0,0.023887183517217636
22435.0,0.0,0.02398207224905491
22436.0,0.0,0.025771109387278557
22437.0,0.0,0.0014202744932845235
22438.0,0.0,0.02317703142762184
22439.0,0.0,0.06293170899152756
22440.0,0.0,0.02660154178738594
22441.0,0.0,0.016446709632873535
22442.0,0.0,0.05708349123597145
22443.0,0.0,0.02663862146437168
22444.0,0.0,0.029535578563809395
22445.0,0.0,0.4348311126232147
22446.0,0.0,0.014555196277797222
22447.0,0.0,0.06175331398844719
22448.0,0.0,0.45423975586891174
22449.0,0.0,0.0015030310023576021
22450.0,0.0,0.062166977673769
22451.0,0.0,0.01587403006851673
22452.0,0.0,0.024906201288104057
22453.0,0.0,0.025771109387278557
22454.0,0.0,0.01575755886733532
22455.0,0.0,0.024231432005763054
22456.0,0.0,0.024906201288104057
22457.0,0.0,0.01899777166545391
22458.0,0.0,0.02814936637878418
22459.0,0.0,0.015616292133927345
22460.0,0.0,0.009882061742246151
22461.0,0.0,0.024909960106015205
22462.0,0.0,0.06163628399372101
22463.0,0.0,0.0219366904348135
22464.0,0.0,0.05623804032802582
22465.0,0.0,0.03740875422954559
22466.0,0.0,0.057245396077632904
22467.0,1.0,0.4532330334186554
22468.0,0.0,0.039654817432165146
22469.0,0.0,0.017521150410175323
22470.0,0.0,0.018393006175756454
22471.0,0.0,0.0014078195672482252
22472.0,0.0,0.01740630343556404
22473.0,1.0,0.025771109387278557
22474.0,1.0,0.9591266512870789
22475.0,1.0,0.9959450364112854
22476.0,0.0,0.024717602878808975
22477.0,0.0,0.024017333984375
22478.0,0.0,0.07230093330144882
22479.0,0.0,0.016516391187906265
22480.0,0.0,0.016435613855719566
22481.0,0.0,0.025550583377480507
22482.0,0.0,0.0012908532517030835
22483.0,0.0,0.025771109387278557
22484.0,0.0,0.0012093731202185154
22485.0,0.0,0.0014202744932845235
22486.0,0.0,0.017336970195174217
22487.0,0.0,0.025771109387278557
22488.0,0.0,0.02004220522940159
22489.0,0.0,0.0014202744932845235
22490.0,0.0,0.017336970195174217
22491.0,0.0,0.023853830993175507
22492.0,0.0,0.023636609315872192
22493.0,0.0,0.018993845209479332
22494.0,0.0,0.02632135897874832
22495.0,0.0,0.018327536061406136
22496.0,0.0,0.02608804777264595
22497.0,0.0,0.017336970195174217
22498.0,0.0,0.02440434880554676
22499.0,0.0,0.04332609102129936
22500.0,0.0,0.023612098768353462
22501.0,0.0,0.05708349123597145
22502.0,0.0,0.027341853827238083
22503.0,0.0,0.026122327893972397
22504.0,0.0,0.023636609315872192
22505.0,0.0,0.023948587477207184
22506.0,0.0,0.02207839861512184
22507.0,0.0,0.0008638596627861261
22508.0,0.0,0.028444690629839897
22509.0,0.0,0.061627063900232315
22510.0,0.0,0.010245205834507942
22511.0,0.0,0.02624538727104664
22512.0,0.0,0.023887183517217636
22513.0,0.0,0.025771109387278557
22514.0,0.0,0.025771109387278557
22515.0,0.0,0.030054710805416107
22516.0,0.0,0.027341853827238083
22517.0,0.0,0.03873663395643234
22518.0,0.0,0.041112322360277176
22519.0,0.0,0.016122156754136086
22520.0,1.0,0.4136412441730499
22521.0,0.0,0.019719593226909637
22522.0,0.0,0.02314114384353161
22523.0,0.0,0.016122156754136086
22524.0,0.0,0.019640684127807617
22525.0,0.0,0.02632135897874832
22526.0,0.0,0.016097549349069595
22527.0,0.0,0.049772925674915314
22528.0,0.0,0.023853830993175507
22529.0,0.0,0.027234036475419998
22530.0,0.0,0.036167774349451065
22531.0,0.0,0.024906201288104057
22532.0,0.0,0.014700775034725666
22533.0,0.0,0.02591816894710064
22534.0,0.0,0.023887183517217636
22535.0,0.0,0.016225576400756836
22536.0,0.0,0.05795514956116676
22537.0,0.0,0.027234036475419998
22538.0,0.0,0.016122156754136086
22539.0,0.0,0.05023019388318062
22540.0,0.0,0.016435613855719566
22541.0,0.0,0.016435613855719566
22542.0,0.0,0.027234036475419998
22543.0,0.0,0.027001334354281425
22544.0,0.0,0.4287012219429016
22545.0,0.0,0.016122156754136086
22546.0,0.0,0.02358420193195343
22547.0,1.0,0.06072394177317619
22548.0,0.0,0.02358420193195343
22549.0,0.0,0.024906201288104057
22550.0,0.0,0.016109652817249298
22551.0,0.0,0.025873281061649323
22552.0,0.0,0.04011305794119835
22553.0,0.0,0.025771109387278557
22554.0,0.0,0.02854803204536438
22555.0,0.0,0.023721186444163322
22556.0,0.0,0.02663862146437168
22557.0,1.0,0.417167991399765
22558.0,0.0,0.001396275358274579
22559.0,0.0,0.01692560501396656
22560.0,0.0,0.024590618908405304
22561.0,0.0,0.024871468544006348
22562.0,0.0,0.016661789268255234
22563.0,0.0,0.014243694953620434
22564.0,0.0,0.017520952969789505
22565.0,0.0,0.0597548745572567
22566.0,0.0,0.017478905618190765
22567.0,0.0,0.024717602878808975
22568.0,0.0,0.0597548745572567
22569.0,0.0,0.024970166385173798
22570.0,0.0,0.4169633090496063
22571.0,0.0,0.025771109387278557
22572.0,0.0,0.026744144037365913
22573.0,0.0,0.026425663381814957
22574.0,0.0,0.02663862146437168
22575.0,0.0,0.022331207990646362
22576.0,0.0,0.02314114384353161
22577.0,0.0,0.030163714662194252
22578.0,0.0,0.023887183517217636
22579.0,0.0,0.0673161968588829
22580.0,1.0,0.9933391213417053
22581.0,0.0,0.025771109387278557
22582.0,0.0,0.001302272197790444
22583.0,0.0,0.05066057667136192
22584.0,0.0,0.06175331398844719
22585.0,0.0,0.001392714912071824
22586.0,0.0,0.024871468544006348
22587.0,0.0,0.018032919615507126
22588.0,0.0,0.0012772607151418924
22589.0,0.0,0.027738777920603752
22590.0,0.0,0.025005033239722252
22591.0,0.0,0.010245205834507942
22592.0,0.0,0.023730525746941566
22593.0,0.0,0.017693044617772102
22594.0,0.0,0.02314114384353161
22595.0,0.0,0.025771109387278557
22596.0,1.0,0.44021958112716675
22597.0,0.0,0.0369383841753006
22598.0,0.0,0.015878908336162567
22599.0,0.0,0.02663862146437168
22600.0,0.0,0.01678997464478016
22601.0,0.0,0.025245940312743187
22602.0,0.0,0.02774784341454506
22603.0,0.0,0.016994355246424675
22604.0,0.0,0.030143672600388527
22605.0,0.0,0.02641528844833374
22606.0,0.0,0.025283005088567734
22607.0,0.0,0.018225423991680145
22608.0,0.0,0.05826232582330704
22609.0,0.0,0.024906201288104057
22610.0,0.0,0.02381543442606926
22611.0,1.0,0.596596896648407
22612.0,0.0,0.03838136047124863
22613.0,0.0,0.01704694889485836
22614.0,1.0,0.9236217737197876
22615.0,1.0,0.477917343378067
22616.0,0.0,0.0013160249218344688
22617.0,0.0,0.01886281929910183
22618.0,0.0,0.01899777166545391
22619.0,0.0,0.02481570467352867
22620.0,0.0,0.02624538727104664
22621.0,0.0,0.0012283599935472012
22622.0,0.0,0.024906201288104057
22623.0,0.0,0.015041153877973557
22624.0,0.0,0.025873281061649323
22625.0,0.0,0.016994355246424675
22626.0,0.0,0.025073513388633728
22627.0,1.0,0.42579787969589233
22628.0,0.0,0.02632135897874832
22629.0,0.0,0.0014513740316033363
22630.0,0.0,0.02314114384353161
22631.0,0.0,0.05708349123597145
22632.0,0.0,0.02264479734003544
22633.0,0.0,0.02663862146437168
22634.0,0.0,0.32667824625968933
22635.0,0.0,0.02628469653427601
22636.0,0.0,0.019178984686732292
22637.0,0.0,0.024871468544006348
22638.0,0.0,0.023730525746941566
22639.0,0.0,0.05345886945724487
22640.0,0.0,0.01685047335922718
22641.0,0.0,0.023636609315872192
22642.0,0.0,0.026744144037365913
22643.0,0.0,0.016853002831339836
22644.0,0.0,0.017097270116209984
22645.0,0.0,0.025771109387278557
22646.0,0.0,0.017378058284521103
22647.0,0.0,0.024906201288104057
22648.0,0.0,0.017969094216823578
22649.0,0.0,0.02360360138118267
22650.0,0.0,0.02440434880554676
22651.0,0.0,0.015878908336162567
22652.0,0.0,0.0014693202683702111
22653.0,0.0,0.00330717652104795
22654.0,0.0,0.06198906525969505
22655.0,0.0,0.042961038649082184
22656.0,0.0,0.03637295961380005
22657.0,0.0,0.014958435669541359
22658.0,0.0,0.029535578563809395
22659.0,0.0,0.025771109387278557
22660.0,0.0,0.024231432005763054
22661.0,0.0,0.02398207224905491
22662.0,0.0,0.02314114384353161
22663.0,0.0,0.05607227236032486
22664.0,0.0,0.024906201288104057
22665.0,0.0,0.022451452910900116
22666.0,0.0,0.02632135897874832
22667.0,0.0,0.0014909888850525022
22668.0,0.0,0.0012044768081977963
22669.0,0.0,0.025810956954956055
22670.0,0.0,0.05237181484699249
22671.0,1.0,0.42373934388160706
22672.0,0.0,0.024717602878808975
22673.0,0.0,0.024717602878808975
22674.0,0.0,0.023853830993175507
22675.0,0.0,0.015878908336162567
22676.0,0.0,0.02632135897874832
22677.0,0.0,0.026122327893972397
22678.0,0.0,0.02663862146437168
22679.0,0.0,0.015590906143188477
22680.0,0.0,0.014743927866220474
22681.0,1.0,0.02481570467352867
22682.0,0.0,0.0034192120656371117
22683.0,0.0,0.037497278302907944
22684.0,0.0,0.024906201288104057
22685.0,0.0,0.04095249995589256
22686.0,0.0,0.02236247807741165
22687.0,0.0,0.0013462231727316976
22688.0,0.0,0.016122156754136086
22689.0,0.0,0.04041016474366188
22690.0,0.0,0.025873281061649323
22691.0,1.0,0.4006469249725342
22692.0,0.0,0.0014752917923033237
22693.0,0.0,0.023922305554151535
22694.0,0.0,0.06689666211605072
22695.0,0.0,0.026265054941177368
22696.0,0.0,0.014870388433337212
22697.0,0.0,0.02314114384353161
22698.0,0.0,0.024717602878808975
22699.0,0.0,0.025771109387278557
22700.0,0.0,0.05795514956116676
22701.0,0.0,0.06154433637857437
22702.0,0.0,0.026301685720682144
22703.0,0.0,0.015413998626172543
22704.0,0.0,0.4392189085483551
22705.0,0.0,0.017336970195174217
22706.0,0.0,0.02628469653427601
22707.0,0.0,0.028110241517424583
22708.0,0.0,0.02236247807741165
22709.0,0.0,0.05373894050717354
22710.0,0.0,0.023887183517217636
22711.0,0.0,0.015202022157609463
22712.0,0.0,0.04006950929760933
22713.0,0.0,0.024017333984375
22714.0,0.0,0.0014078195672482252
22715.0,1.0,0.4392189085483551
22716.0,0.0,0.0013142514508217573
22717.0,0.0,0.003875177353620529
22718.0,0.0,0.022685261443257332
22719.0,0.0,0.025245940312743187
22720.0,0.0,0.024871468544006348
22721.0,0.0,0.01575755886733532
22722.0,0.0,0.3990669250488281
22723.0,0.0,0.02608109824359417
22724.0,0.0,0.031205356121063232
22725.0,0.0,0.016863718628883362
22726.0,0.0,0.023887183517217636
22727.0,0.0,0.025771109387278557
22728.0,0.0,0.023887183517217636
22729.0,0.0,0.015413998626172543
22730.0,0.0,0.0013608243316411972
22731.0,0.0,0.02826070226728916
22732.0,0.0,0.01678997464478016
22733.0,0.0,0.024871468544006348
22734.0,0.0,0.003526357701048255
22735.0,1.0,0.05607227236032486
22736.0,0.0,0.023474901914596558
22737.0,0.0,0.023887183517217636
22738.0,0.0,0.002040605992078781
22739.0,0.0,0.025771109387278557
22740.0,0.0,0.34019145369529724
22741.0,0.0,0.0013536671176552773
22742.0,0.0,0.0597548745572567
22743.0,0.0,0.02314114384353161
22744.0,0.0,0.02398207224905491
22745.0,0.0,0.023697391152381897
22746.0,0.0,0.022454844787716866
22747.0,0.0,0.025651903823018074
22748.0,0.0,0.01492331176996231
22749.0,0.0,0.05607227236032486
22750.0,0.0,0.02236247807741165
22751.0,0.0,0.015413998626172543
22752.0,0.0,0.017378058284521103
22753.0,0.0,0.04125974327325821
22754.0,0.0,0.04189734533429146
22755.0,0.0,0.05952965468168259
22756.0,0.0,0.024717602878808975
22757.0,0.0,0.02608109824359417
22758.0,0.0,0.030076995491981506
22759.0,0.0,0.025005033239722252
22760.0,0.0,0.0014898506924510002
22761.0,0.0,0.039824340492486954
22762.0,0.0,0.0012303078547120094
22763.0,0.0,0.023853830993175507
22764.0,0.0,0.0012283599935472012
22765.0,0.0,0.059325143694877625
22766.0,0.0,0.024970166385173798
22767.0,0.0,0.02632135897874832
22768.0,0.0,0.016674311831593513
22769.0,0.0,0.010268616490066051
22770.0,0.0,0.01404144149273634
22771.0,0.0,0.026122327893972397
22772.0,0.0,0.03858567029237747
22773.0,0.0,0.06021404266357422
22774.0,0.0,0.01729780063033104
22775.0,1.0,0.02323314920067787
22776.0,0.0,0.024906201288104057
22777.0,1.0,0.01947602443397045
22778.0,1.0,0.02632135897874832
22779.0,0.0,0.023697391152381897
22780.0,0.0,0.017734073102474213
22781.0,0.0,0.02569483406841755
22782.0,0.0,0.02544485405087471
22783.0,0.0,0.05708349123597145
22784.0,0.0,0.027341853827238083
22785.0,0.0,0.05708349123597145
22786.0,0.0,0.02236247807741165
22787.0,0.0,0.014700775034725666
22788.0,0.0,0.43026041984558105
22789.0,0.0,0.024906201288104057
22790.0,0.0,0.01722889207303524
22791.0,0.0,0.026301685720682144
22792.0,0.0,0.024717602878808975
22793.0,0.0,0.026122327893972397
22794.0,0.0,0.017969094216823578
22795.0,0.0,0.030141258612275124
22796.0,0.0,0.45423975586891174
22797.0,0.0,0.023636609315872192
22798.0,0.0,0.010713044553995132
22799.0,0.0,0.024501239880919456
22800.0,0.0,0.017968246713280678
22801.0,0.0,0.0014202744932845235
22802.0,0.0,0.06139259412884712
22803.0,0.0,0.015675872564315796
22804.0,0.0,0.4037907123565674
22805.0,0.0,0.027234036475419998
22806.0,0.0,0.019502442330121994
22807.0,0.0,0.024717602878808975
22808.0,0.0,0.05554807558655739
22809.0,0.0,0.06349930912256241
22810.0,0.0,0.025873281061649323
22811.0,1.0,0.025771109387278557
22812.0,0.0,0.0182296484708786
22813.0,0.0,0.016674311831593513
22814.0,0.0,0.06368388235569
22815.0,0.0,0.016766361892223358
22816.0,1.0,0.024906201288104057
22817.0,0.0,0.012085461057722569
22818.0,0.0,0.016435613855719566
22819.0,0.0,0.0013906233943998814
22820.0,0.0,0.025873281061649323
22821.0,0.0,0.0036289540585130453
22822.0,0.0,0.024717602878808975
22823.0,0.0,0.01506237406283617
22824.0,0.0,0.026122327893972397
22825.0,0.0,0.05812613666057587
22826.0,0.0,0.039917442947626114
22827.0,0.0,0.02544485405087471
22828.0,0.0,0.026196282356977463
22829.0,0.0,0.017968246713280678
22830.0,0.0,0.056600261479616165
22831.0,0.0,0.016766361892223358
22832.0,0.0,0.4476095139980316
22833.0,0.0,0.061310164630413055
22834.0,0.0,0.015916068106889725
22835.0,0.0,0.025873281061649323
22836.0,1.0,0.919700562953949
22837.0,0.0,0.03478271886706352
22838.0,0.0,0.025771109387278557
22839.0,0.0,0.024871468544006348
22840.0,0.0,0.041395772248506546
22841.0,0.0,0.022653555497527122
22842.0,0.0,0.0008554881205782294
22843.0,0.0,0.0246882326900959
22844.0,0.0,0.026122327893972397
22845.0,0.0,0.06100006029009819
22846.0,0.0,0.022822577506303787
22847.0,0.0,0.024906201288104057
22848.0,0.0,0.025771109387278557
22849.0,0.0,0.02314114384353161
22850.0,0.0,0.02825978770852089
22851.0,1.0,0.4532330334186554
22852.0,0.0,0.027234036475419998
22853.0,0.0,0.022454844787716866
22854.0,0.0,0.02314114384353161
22855.0,0.0,0.024555636569857597
22856.0,0.0,0.02360360138118267
22857.0,0.0,0.04041016474366188
22858.0,1.0,0.43061134219169617
22859.0,0.0,0.024717602878808975
22860.0,0.0,0.026744144037365913
22861.0,0.0,0.01562632992863655
22862.0,0.0,0.02814936637878418
22863.0,0.0,0.026963751763105392
22864.0,0.0,0.02544485405087471
22865.0,1.0,0.015223466791212559
22866.0,0.0,0.038059405982494354
22867.0,0.0,0.02544485405087471
22868.0,0.0,0.01886281929910183
22869.0,0.0,0.001298092189244926
22870.0,0.0,0.015856554731726646
22871.0,0.0,0.044017989188432693
22872.0,0.0,0.01575755886733532
22873.0,0.0,0.014743927866220474
22874.0,0.0,0.05975974351167679
22875.0,0.0,0.061746884137392044
22876.0,0.0,0.03513512387871742
22877.0,0.0,0.039073653519153595
22878.0,0.0,0.012085461057722569
22879.0,0.0,0.016777299344539642
22880.0,0.0,0.022047515958547592
22881.0,0.0,0.023636609315872192
22882.0,0.0,0.017810726538300514
22883.0,0.0,0.024906201288104057
22884.0,0.0,0.001310010440647602
22885.0,0.0,0.016994355246424675
22886.0,0.0,0.03896172344684601
22887.0,0.0,0.028361354023218155
22888.0,0.0,0.02632135897874832
22889.0,0.0,0.015856554731726646
22890.0,0.0,0.010245205834507942
22891.0,0.0,0.016674311831593513
22892.0,0.0,0.025005033239722252
22893.0,0.0,0.023616880178451538
22894.0,0.0,0.023887183517217636
22895.0,0.0,0.014870388433337212
22896.0,0.0,0.05454898998141289
22897.0,0.0,0.02207839861512184
22898.0,0.0,0.05817730352282524
22899.0,0.0,0.06511613726615906
22900.0,0.0,0.023887183517217636
22901.0,0.0,0.023887183517217636
22902.0,0.0,0.04260427877306938
22903.0,0.0,0.027234036475419998
22904.0,0.0,0.0015091396635398269
22905.0,0.0,0.06765059381723404
22906.0,0.0,0.0023176264949142933
22907.0,0.0,0.02663862146437168
22908.0,0.0,0.0013608243316411972
22909.0,0.0,0.02314114384353161
22910.0,0.0,0.025005033239722252
22911.0,0.0,0.025245940312743187
22912.0,0.0,0.017969094216823578
22913.0,0.0,0.014124889858067036
22914.0,0.0,0.003731371136382222
22915.0,0.0,0.015878908336162567
22916.0,0.0,0.016435613855719566
22917.0,0.0,0.026122327893972397
22918.0,0.0,0.022397181019186974
22919.0,0.0,0.024724546819925308
22920.0,0.0,0.01575755886733532
22921.0,0.0,0.01830248348414898
22922.0,0.0,0.024871468544006348
22923.0,0.0,0.0013663552235811949
22924.0,0.0,0.01678997464478016
22925.0,0.0,0.03759479895234108
22926.0,0.0,0.024906201288104057
22927.0,0.0,0.028660891577601433
22928.0,1.0,0.024906201288104057
22929.0,0.0,0.03873663395643234
22930.0,0.0,0.027341853827238083
22931.0,0.0,0.003708237549290061
22932.0,0.0,0.0013517334591597319
22933.0,0.0,0.027341853827238083
22934.0,0.0,0.019268490374088287
22935.0,0.0,0.02826070226728916
22936.0,0.0,0.43805035948753357
22937.0,0.0,0.025771109387278557
22938.0,0.0,0.38397806882858276
22939.0,0.0,0.024871468544006348
22940.0,0.0,0.02902810275554657
22941.0,0.0,0.012135960161685944
22942.0,0.0,0.028660891577601433
22943.0,0.0,0.025550583377480507
22944.0,0.0,0.0012720894301310182
22945.0,0.0,0.03683403134346008
22946.0,0.0,0.019562629982829094
22947.0,0.0,0.02314114384353161
22948.0,0.0,0.003705400275066495
22949.0,0.0,0.0032541954424232244
22950.0,0.0,0.019073618575930595
22951.0,0.0,0.026122327893972397
22952.0,0.0,0.014680053107440472
22953.0,0.0,0.05541306734085083
22954.0,0.0,0.026706915348768234
22955.0,0.0,0.0013517334591597319
22956.0,0.0,0.023853830993175507
22957.0,1.0,0.43061134219169617
22958.0,0.0,0.0008371466537937522
22959.0,0.0,0.02314114384353161
22960.0,0.0,0.02314114384353161
22961.0,0.0,0.014870388433337212
22962.0,0.0,0.01521681435406208
22963.0,0.0,0.023721186444163322
22964.0,0.0,0.02532712183892727
22965.0,0.0,0.0014058093074709177
22966.0,0.0,0.0244136955589056
22967.0,0.0,0.01899777166545391
22968.0,0.0,0.024871468544006348
22969.0,0.0,0.0182296484708786
22970.0,0.0,0.03829755261540413
22971.0,0.0,0.023887183517217636
22972.0,0.0,0.026141773909330368
22973.0,0.0,0.44764772057533264
22974.0,0.0,0.024906201288104057
22975.0,0.0,0.023721186444163322
22976.0,0.0,0.057245396077632904
22977.0,0.0,0.015734784305095673
22978.0,0.0,0.003202454885467887
22979.0,0.0,0.061310164630413055
22980.0,0.0,0.05163946375250816
22981.0,0.0,0.01575755886733532
22982.0,0.0,0.031281061470508575
22983.0,0.0,0.025771109387278557
22984.0,0.0,0.0014260467141866684
22985.0,0.0,0.42705121636390686
22986.0,0.0,0.027234036475419998
22987.0,0.0,0.02236247807741165
22988.0,0.0,0.06496512144804001
22989.0,0.0,0.02544485405087471
22990.0,0.0,0.023677917197346687
22991.0,0.0,0.0597548745572567
22992.0,0.0,0.01632116362452507
22993.0,0.0,0.0013140484225004911
22994.0,0.0,0.04250483587384224
22995.0,0.0,0.024906201288104057
22996.0,0.0,0.034103356301784515
22997.0,0.0,0.016435613855719566
22998.0,0.0,0.0012333538616076112
22999.0,0.0,0.03627697005867958
23000.0,0.0,0.0013431700645014644
23001.0,0.0,0.011426706798374653
23002.0,0.0,0.02236247807741165
23003.0,0.0,0.015724515542387962
23004.0,0.0,0.02358420193195343
23005.0,0.0,0.017378058284521103
23006.0,0.0,0.058945007622241974
23007.0,0.0,0.023853830993175507
23008.0,0.0,0.017739813774824142
23009.0,0.0,0.015246058814227581
23010.0,0.0,0.4122503101825714
23011.0,0.0,0.0012970002135261893
23012.0,0.0,0.01133112795650959
23013.0,0.0,0.014743927866220474
23014.0,0.0,0.015856554731726646
23015.0,0.0,0.018040908500552177
23016.0,0.0,0.03811432048678398
23017.0,0.0,0.025346089154481888
23018.0,0.0,0.026301685720682144
23019.0,0.0,0.015675313770771027
23020.0,0.0,0.0013160249218344688
23021.0,0.0,0.02445853315293789
23022.0,1.0,0.4374377727508545
23023.0,0.0,0.014243694953620434
23024.0,0.0,0.025771109387278557
23025.0,0.0,0.061009276658296585
23026.0,0.0,0.017969094216823578
23027.0,0.0,0.018330127000808716
23028.0,0.0,0.023922305554151535
23029.0,0.0,0.02632135897874832
23030.0,0.0,0.024556316435337067
23031.0,0.0,0.0420885905623436
23032.0,0.0,0.4739935100078583
23033.0,0.0,0.024717602878808975
23034.0,0.0,0.013014479540288448
23035.0,0.0,0.0013431700645014644
23036.0,0.0,0.027234036475419998
23037.0,0.0,0.01702914573252201
23038.0,0.0,0.024501239880919456
23039.0,0.0,0.015413998626172543
23040.0,0.0,0.06240420788526535
23041.0,0.0,0.025771109387278557
23042.0,0.0,0.022938264533877373
23043.0,0.0,0.0043165916576981544
23044.0,0.0,0.024556316435337067
23045.0,0.0,0.02628469653427601
23046.0,0.0,0.02440434880554676
23047.0,0.0,0.025245940312743187
23048.0,0.0,0.023887183517217636
23049.0,0.0,0.01678997464478016
23050.0,0.0,0.028660891577601433
23051.0,0.0,0.02632135897874832
23052.0,1.0,0.02826070226728916
23053.0,0.0,0.017115140333771706
23054.0,0.0,0.3431324362754822
23055.0,0.0,0.02358420193195343
23056.0,0.0,0.05795514956116676
23057.0,0.0,0.015223466791212559
23058.0,0.0,0.033961985260248184
23059.0,0.0,0.026706915348768234
23060.0,0.0,0.024906201288104057
23061.0,1.0,0.025550583377480507
23062.0,0.0,0.017739813774824142
23063.0,0.0,0.06131014972925186
23064.0,0.0,0.01639237254858017
23065.0,1.0,0.024906201288104057
23066.0,0.0,0.03984667360782623
23067.0,0.0,0.024906201288104057
23068.0,0.0,0.01629883050918579
23069.0,0.0,0.05454898998141289
23070.0,0.0,0.025771109387278557
23071.0,0.0,0.01574668474495411
23072.0,0.0,0.5032658576965332
23073.0,0.0,0.027341853827238083
23074.0,0.0,0.01575755886733532
23075.0,0.0,0.02628469653427601
23076.0,0.0,0.017969094216823578
23077.0,0.0,0.023721186444163322
23078.0,0.0,0.025346089154481888
23079.0,0.0,0.022331207990646362
23080.0,0.0,0.026425663381814957
23081.0,0.0,0.024906201288104057
23082.0,0.0,0.0012283599935472012
23083.0,0.0,0.016122156754136086
23084.0,0.0,0.025873281061649323
23085.0,0.0,0.06021404266357422
23086.0,0.0,0.02536497637629509
23087.0,0.0,0.02361888997256756
23088.0,0.0,0.02663121372461319
23089.0,0.0,0.3275723159313202
23090.0,0.0,0.014243694953620434
23091.0,0.0,0.017969094216823578
23092.0,0.0,0.02534790337085724
23093.0,1.0,0.4445684850215912
23094.0,0.0,0.025245940312743187
23095.0,0.0,0.02314114384353161
23096.0,0.0,0.03582260385155678
23097.0,0.0,0.05848557502031326
23098.0,0.0,0.04407685622572899
23099.0,0.0,0.023887183517217636
23100.0,0.0,0.0161045603454113
23101.0,0.0,0.02544485405087471
23102.0,0.0,0.003972181119024754
23103.0,0.0,0.023887183517217636
23104.0,0.0,0.2532558739185333
23105.0,1.0,0.06175331398844719
23106.0,1.0,0.023730525746941566
23107.0,0.0,0.023922305554151535
23108.0,0.0,0.016122156754136086
23109.0,0.0,0.015856554731726646
23110.0,0.0,0.0014502613339573145
23111.0,0.0,0.022420059889554977
23112.0,0.0,0.024906201288104057
23113.0,0.0,0.015856554731726646
23114.0,0.0,0.024871468544006348
23115.0,0.0,0.0013462231727316976
23116.0,0.0,0.022847406566143036
23117.0,0.0,0.05607227236032486
23118.0,0.0,0.06939762830734253
23119.0,0.0,0.023853830993175507
23120.0,0.0,0.015413998626172543
23121.0,0.0,0.025771109387278557
23122.0,0.0,0.023616880178451538
23123.0,0.0,0.025005033239722252
23124.0,1.0,0.37084540724754333
23125.0,0.0,0.025873281061649323
23126.0,0.0,0.03012186661362648
23127.0,0.0,0.025771109387278557
23128.0,0.0,0.05638376995921135
23129.0,0.0,0.025005033239722252
23130.0,0.0,0.02358420193195343
23131.0,0.0,0.025743823498487473
23132.0,0.0,0.016435613855719566
23133.0,0.0,0.024590618908405304
23134.0,0.0,0.015553967095911503
23135.0,0.0,0.025913292542099953
23136.0,0.0,0.024906201288104057
23137.0,0.0,0.0014202744932845235
23138.0,0.0,0.0014202744932845235
23139.0,0.0,0.017540395259857178
23140.0,0.0,0.015938570722937584
23141.0,0.0,0.02814936637878418
23142.0,0.0,0.026122327893972397
23143.0,0.0,0.024231432005763054
23144.0,0.0,0.02544485405087471
23145.0,0.0,0.025550583377480507
23146.0,0.0,0.01629883050918579
23147.0,1.0,0.43026041984558105
23148.0,0.0,0.025245940312743187
23149.0,1.0,0.02606891840696335
23150.0,0.0,0.023579120635986328
23151.0,0.0,0.025771109387278557
23152.0,0.0,0.02783913165330887
23153.0,0.0,0.030896903946995735
23154.0,0.0,0.02207839861512184
23155.0,0.0,0.015280703082680702
23156.0,0.0,0.003296883078292012
23157.0,0.0,0.018040908500552177
23158.0,0.0,0.001449301722459495
23159.0,0.0,0.04260427877306938
23160.0,0.0,0.02663862146437168
23161.0,0.0,0.0014018514193594456
23162.0,0.0,0.025771109387278557
23163.0,0.0,0.015556056052446365
23164.0,0.0,0.027234036475419998
23165.0,0.0,0.04156623035669327
23166.0,0.0,0.024906201288104057
23167.0,0.0,0.43439170718193054
23168.0,0.0,0.019073618575930595
23169.0,0.0,0.011426706798374653
23170.0,1.0,0.4532330334186554
23171.0,0.0,0.05522727221250534
23172.0,0.0,0.0014752917923033237
23173.0,0.0,0.029163094237446785
23174.0,0.0,0.022047515958547592
23175.0,0.0,0.025771109387278557
23176.0,0.0,0.018040908500552177
23177.0,0.0,0.02826070226728916
23178.0,0.0,0.024906201288104057
23179.0,0.0,0.014124889858067036
23180.0,0.0,0.02814936637878418
23181.0,0.0,0.026301685720682144
23182.0,1.0,0.05522727221250534
23183.0,0.0,0.026425663381814957
23184.0,0.0,0.015041153877973557
23185.0,0.0,0.024717602878808975
23186.0,0.0,0.024717602878808975
23187.0,0.0,0.02314114384353161
23188.0,0.0,0.02314114384353161
23189.0,0.0,0.026425663381814957
23190.0,0.0,0.0014202744932845235
23191.0,0.0,0.02628469653427601
23192.0,0.0,0.017739813774824142
23193.0,0.0,0.024970166385173798
23194.0,0.0,0.04493342712521553
23195.0,0.0,0.0012720894301310182
23196.0,1.0,0.42014530301094055
23197.0,0.0,0.02314114384353161
23198.0,0.0,0.025771109387278557
23199.0,0.0,0.034155093133449554
23200.0,0.0,0.024871468544006348
23201.0,0.0,0.0013047066750004888
23202.0,0.0,0.030025148764252663
23203.0,0.0,0.026122327893972397
23204.0,0.0,0.01899777166545391
23205.0,1.0,0.4326379895210266
23206.0,0.0,0.07230093330144882
23207.0,0.0,0.0625651627779007
23208.0,0.0,0.433670312166214
23209.0,0.0,0.024906201288104057
23210.0,0.0,0.061845265328884125
23211.0,1.0,0.9931517839431763
23212.0,0.0,0.027234036475419998
23213.0,0.0,0.025550583377480507
23214.0,0.0,0.015096615068614483
23215.0,0.0,0.016122156754136086
23216.0,0.0,0.0015115386340767145
23217.0,0.0,0.02481570467352867
23218.0,0.0,0.0012930149678140879
23219.0,0.0,0.025873281061649323
23220.0,0.0,0.018215972930192947
23221.0,0.0,0.05554807558655739
23222.0,0.0,0.027234036475419998
23223.0,0.0,0.05522727221250534
23224.0,0.0,0.0033562947064638138
23225.0,0.0,0.024556316435337067
23226.0,0.0,0.024717602878808975
23227.0,0.0,0.012085461057722569
23228.0,0.0,0.025233358144760132
23229.0,0.0,0.025651903823018074
23230.0,0.0,0.46526992321014404
23231.0,0.0,0.02749258652329445
23232.0,0.0,0.02854803204536438
23233.0,0.0,0.06198906525969505
23234.0,0.0,0.025873281061649323
23235.0,0.0,0.024555636569857597
23236.0,0.0,0.023922305554151535
23237.0,0.0,0.010836593806743622
23238.0,0.0,0.0014502613339573145
23239.0,0.0,0.0031891600228846073
23240.0,0.0,0.025771109387278557
23241.0,0.0,0.02314114384353161
23242.0,0.0,0.06136394292116165
23243.0,0.0,0.022847406566143036
23244.0,0.0,0.32667824625968933
23245.0,0.0,0.024717602878808975
23246.0,0.0,0.02445853315293789
23247.0,0.0,0.022451452910900116
23248.0,0.0,0.026122327893972397
23249.0,0.0,0.003769206115975976
23250.0,0.0,0.01886281929910183
23251.0,0.0,0.0014693202683702111
23252.0,0.0,0.01678997464478016
23253.0,0.0,0.0013447955716401339
23254.0,0.0,0.017969094216823578
23255.0,0.0,0.02236247807741165
23256.0,0.0,0.01722889207303524
23257.0,0.0,0.023922305554151535
23258.0,0.0,0.0014075487852096558
23259.0,0.0,0.05522727221250534
23260.0,0.0,0.0013714581727981567
23261.0,0.0,0.02544485405087471
23262.0,0.0,0.016766361892223358
23263.0,0.0,0.014891373924911022
23264.0,0.0,0.0014285823563113809
23265.0,0.0,0.02641528844833374
23266.0,0.0,0.025771109387278557
23267.0,0.0,0.027234036475419998
23268.0,0.0,0.028057031333446503
23269.0,0.0,0.015856554731726646
23270.0,0.0,0.016293639317154884
23271.0,0.0,0.017969094216823578
23272.0,0.0,0.024717602878808975
23273.0,0.0,0.0014551917556673288
23274.0,0.0,0.0375516377389431
23275.0,0.0,0.01574668474495411
23276.0,0.0,0.0014513740316033363
23277.0,0.0,0.014777462929487228
23278.0,0.0,0.026122327893972397
23279.0,0.0,0.025771109387278557
23280.0,0.0,0.011426706798374653
23281.0,0.0,0.025771109387278557
23282.0,0.0,0.015938570722937584
23283.0,0.0,0.014743927866220474
23284.0,0.0,0.001396275358274579
23285.0,0.0,0.016994355246424675
23286.0,0.0,0.0014260467141866684
23287.0,0.0,0.025873281061649323
23288.0,0.0,0.01899777166545391
23289.0,0.0,0.016435613855719566
23290.0,0.0,0.025593344122171402
23291.0,0.0,0.024724546819925308
23292.0,0.0,0.06942334771156311
23293.0,0.0,0.06368388235569
23294.0,1.0,0.9524774551391602
23295.0,0.0,0.05889163166284561
23296.0,0.0,0.06021404266357422
23297.0,0.0,0.025771109387278557
23298.0,0.0,0.026425663381814957
23299.0,0.0,0.03989630565047264
23300.0,0.0,0.06074809283018112
23301.0,0.0,0.4287012219429016
23302.0,0.0,0.01722889207303524
23303.0,0.0,0.0367288738489151
23304.0,0.0,0.05623804032802582
23305.0,0.0,0.025873281061649323
23306.0,0.0,0.02826070226728916
23307.0,0.0,0.044249724596738815
23308.0,0.0,0.025873281061649323
23309.0,0.0,0.024871468544006348
23310.0,0.0,0.022743655368685722
23311.0,0.0,0.02663702517747879
23312.0,0.0,0.03975355252623558
23313.0,0.0,0.018040908500552177
23314.0,0.0,0.014870388433337212
23315.0,1.0,0.040309011936187744
23316.0,0.0,0.02481570467352867
23317.0,0.0,0.06136394292116165
23318.0,0.0,0.014248342253267765
23319.0,0.0,0.014175931923091412
23320.0,0.0,0.05638376995921135
23321.0,0.0,0.01506237406283617
23322.0,0.0,0.027234341949224472
23323.0,0.0,0.8210725784301758
23324.0,0.0,0.0014129901537671685
23325.0,0.0,0.05522727221250534
23326.0,0.0,0.02632135897874832
23327.0,0.0,0.027234036475419998
23328.0,0.0,0.022135263308882713
23329.0,0.0,0.014223608188331127
23330.0,0.0,0.025771109387278557
23331.0,0.0,0.028024164959788322
23332.0,0.0,0.0013714581727981567
23333.0,0.0,0.02361888997256756
23334.0,0.0,0.017968246713280678
23335.0,0.0,0.017969094216823578
23336.0,0.0,0.017378058284521103
23337.0,0.0,0.04977066069841385
23338.0,0.0,0.015041153877973557
23339.0,0.0,0.023730525746941566
23340.0,0.0,0.025771109387278557
23341.0,0.0,0.022847406566143036
23342.0,0.0,0.021784787997603416
23343.0,0.0,0.02651994675397873
23344.0,0.0,0.015223466791212559
23345.0,0.0,0.013825992122292519
23346.0,0.0,0.02663862146437168
23347.0,1.0,0.016097549349069595
23348.0,0.0,0.024717602878808975
23349.0,0.0,0.017969094216823578
23350.0,0.0,0.014777462929487228
23351.0,0.0,0.02236247807741165
23352.0,0.0,0.02526475116610527
23353.0,0.0,0.03683403134346008
23354.0,1.0,0.05522727221250534
23355.0,0.0,0.025873281061649323
23356.0,0.0,0.011426706798374653
23357.0,0.0,0.027234036475419998
23358.0,0.0,0.022331207990646362
23359.0,0.0,0.014621013775467873
23360.0,0.0,0.02703808806836605
23361.0,0.0,0.02544485405087471
23362.0,0.0,0.05708349123597145
23363.0,0.0,0.0031037204898893833
23364.0,0.0,0.0015549295349046588
23365.0,0.0,0.022047515958547592
23366.0,0.0,0.025005033239722252
23367.0,0.0,0.01575755886733532
23368.0,0.0,0.024906201288104057
23369.0,0.0,0.010713044553995132
23370.0,0.0,0.015194912441074848
23371.0,0.0,0.016122156754136086
23372.0,0.0,0.016994355246424675
23373.0,0.0,0.025771109387278557
23374.0,0.0,0.027341853827238083
23375.0,0.0,0.0013334295945242047
23376.0,0.0,0.05257376283407211
23377.0,0.0,0.014276108704507351
23378.0,0.0,0.49836182594299316
23379.0,0.0,0.059325143694877625
23380.0,0.0,0.01722889207303524
23381.0,0.0,0.05708349123597145
23382.0,0.0,0.025771109387278557
23383.0,0.0,0.018558911979198456
23384.0,0.0,0.02207839861512184
23385.0,0.0,0.00331284012645483
23386.0,0.0,0.026301685720682144
23387.0,0.0,0.026425663381814957
23388.0,0.0,0.02323314920067787
23389.0,0.0,0.055122390389442444
23390.0,0.0,0.016424834728240967
23391.0,0.0,0.015413998626172543
23392.0,0.0,0.0014693202683702111
23393.0,0.0,0.015878908336162567
23394.0,0.0,0.025583310052752495
23395.0,0.0,0.01722889207303524
23396.0,0.0,0.01899777166545391
23397.0,0.0,0.01133112795650959
23398.0,0.0,0.02236247807741165
23399.0,1.0,0.016122156754136086
23400.0,0.0,0.014621013775467873
23401.0,0.0,0.0014202744932845235
23402.0,0.0,0.0013517334591597319
23403.0,0.0,0.024017333984375
23404.0,0.0,0.03480932489037514
23405.0,0.0,0.0015091396635398269
23406.0,0.0,0.0014693202683702111
23407.0,0.0,0.025873281061649323
23408.0,0.0,0.02663862146437168
23409.0,0.0,0.010952994227409363
23410.0,0.0,0.014223608188331127
23411.0,0.0,0.026141773909330368
23412.0,0.0,0.022166267037391663
23413.0,0.0,0.014479309320449829
23414.0,0.0,0.05623804032802582
23415.0,0.0,0.016435613855719566
23416.0,1.0,0.4532330334186554
23417.0,0.0,0.05812613666057587
23418.0,0.0,0.011279945261776447
23419.0,0.0,0.0014572733780369163
23420.0,0.0,0.015280703082680702
23421.0,0.0,0.0014693202683702111
23422.0,1.0,0.02236247807741165
23423.0,0.0,0.02632135897874832
23424.0,0.0,0.015223466791212559
23425.0,0.0,0.025771109387278557
23426.0,0.0,0.025227047502994537
23427.0,0.0,0.06344211101531982
23428.0,0.0,0.0013714581727981567
23429.0,0.0,0.026141773909330368
23430.0,1.0,0.059325143694877625
23431.0,0.0,0.023948587477207184
23432.0,0.0,0.022847406566143036
23433.0,0.0,0.023636609315872192
23434.0,0.0,0.026122327893972397
23435.0,0.0,0.025514967739582062
23436.0,0.0,0.0013714581727981567
23437.0,0.0,0.02481570467352867
23438.0,0.0,0.02544485405087471
23439.0,0.0,0.022913336753845215
23440.0,0.0,0.05795514956116676
23441.0,0.0,0.02544485405087471
23442.0,0.0,0.024906201288104057
23443.0,0.0,0.0014202744932845235
23444.0,0.0,0.0012283599935472012
23445.0,0.0,0.0012772607151418924
23446.0,0.0,0.025873281061649323
23447.0,1.0,0.9963226318359375
23448.0,0.0,0.025771109387278557
23449.0,0.0,0.0013694989029318094
23450.0,0.0,0.015856554731726646
23451.0,0.0,0.029163094237446785
23452.0,0.0,0.025771109387278557
23453.0,0.0,0.024717602878808975
23454.0,0.0,0.0037232735194265842
23455.0,0.0,0.014297300949692726
23456.0,0.0,0.025514967739582062
23457.0,0.0,0.01575755886733532
23458.0,0.0,0.025771109387278557
23459.0,0.0,0.025172991678118706
23460.0,1.0,0.02632135897874832
23461.0,0.0,0.024906201288104057
23462.0,0.0,0.05812613666057587
23463.0,0.0,0.02641528844833374
23464.0,0.0,0.010159410536289215
23465.0,0.0,0.0013572274474427104
23466.0,1.0,0.4243214428424835
23467.0,0.0,0.025771109387278557
23468.0,0.0,0.030270930379629135
23469.0,0.0,0.04369410499930382
23470.0,0.0,0.028110241517424583
23471.0,0.0,0.024590618908405304
23472.0,0.0,0.013356479816138744
23473.0,0.0,0.023853830993175507
23474.0,0.0,0.07488395273685455
23475.0,0.0,0.028981421142816544
23476.0,0.0,0.0014202744932845235
23477.0,0.0,0.0407310388982296
23478.0,0.0,0.0012720894301310182
23479.0,0.0,0.017969094216823578
23480.0,0.0,0.023887183517217636
23481.0,0.0,0.015878908336162567
23482.0,0.0,0.026141773909330368
23483.0,0.0,0.04019296169281006
23484.0,1.0,0.9783385992050171
23485.0,1.0,0.4942064881324768
23486.0,0.0,0.026744144037365913
23487.0,0.0,0.015675872564315796
23488.0,0.0,0.025771109387278557
23489.0,0.0,0.015223466791212559
23490.0,0.0,0.024717602878808975
23491.0,0.0,0.017969094216823578
23492.0,0.0,0.017969094216823578
23493.0,1.0,0.02606891840696335
23494.0,0.0,0.05447521060705185
23495.0,0.0,0.03458906710147858
23496.0,0.0,0.04041016474366188
23497.0,0.0,0.016994355246424675
23498.0,0.0,0.027234036475419998
23499.0,0.0,0.014891373924911022
23500.0,0.0,0.025229530408978462
23501.0,0.0,0.0597548745572567
23502.0,0.0,0.02398207224905491
23503.0,0.0,0.01707693375647068
23504.0,0.0,0.016225576400756836
23505.0,0.0,0.05607227236032486
23506.0,0.0,0.023853830993175507
23507.0,0.0,0.06512225419282913
23508.0,0.0,0.025771109387278557
23509.0,0.0,0.02651994675397873
23510.0,0.0,0.022331207990646362
23511.0,0.0,0.02445853315293789
23512.0,0.0,0.02632135897874832
23513.0,0.0,0.01575755886733532
23514.0,0.0,0.014621013775467873
23515.0,0.0,0.015938570722937584
23516.0,0.0,0.02697308547794819
23517.0,0.0,0.023568198084831238
23518.0,0.0,0.003947862423956394
23519.0,0.0,0.02641528844833374
23520.0,0.0,0.024906201288104057
23521.0,0.0,0.03889988735318184
23522.0,0.0,0.017008891329169273
23523.0,0.0,0.010242770425975323
23524.0,0.0,0.0014513740316033363
23525.0,1.0,0.4392189085483551
23526.0,0.0,0.010245205834507942
23527.0,0.0,0.01899777166545391
23528.0,0.0,0.0013536671176552773
23529.0,0.0,0.06175331398844719
23530.0,0.0,0.024871468544006348
23531.0,0.0,0.024254748597741127
23532.0,0.0,0.0015549295349046588
23533.0,0.0,0.0013462231727316976
23534.0,1.0,0.02207839861512184
23535.0,0.0,0.0013714581727981567
23536.0,0.0,0.060015689581632614
23537.0,0.0,0.02632135897874832
23538.0,0.0,0.06198906525969505
23539.0,0.0,0.02608324959874153
23540.0,0.0,0.0014018514193594456
23541.0,0.0,0.012085461057722569
23542.0,0.0,0.016435613855719566
23543.0,0.0,0.06777822971343994
23544.0,0.0,0.0012772607151418924
23545.0,0.0,0.023853830993175507
23546.0,0.0,0.024906201288104057
23547.0,1.0,0.03490782901644707
23548.0,0.0,0.025771109387278557
23549.0,0.0,0.02663862146437168
23550.0,0.0,0.02323314920067787
23551.0,0.0,0.025771109387278557
23552.0,0.0,0.02651994675397873
23553.0,0.0,0.014700775034725666
23554.0,1.0,0.06208358332514763
23555.0,0.0,0.01158476434648037
23556.0,0.0,0.0032610218040645123
23557.0,0.0,0.030525844544172287
23558.0,0.0,0.02445853315293789
23559.0,0.0,0.026481470093131065
23560.0,0.0,0.022451452910900116
23561.0,0.0,0.024501239880919456
23562.0,0.0,0.027001334354281425
23563.0,0.0,0.025771109387278557
23564.0,0.0,0.024906201288104057
23565.0,0.0,0.025771109387278557
23566.0,0.0,0.0013808943331241608
23567.0,0.0,0.011279945261776447
23568.0,1.0,0.0246882326900959
23569.0,0.0,0.024906201288104057
23570.0,0.0,0.06555137038230896
23571.0,0.0,0.02544485405087471
23572.0,0.0,0.017115604132413864
23573.0,0.0,0.025771109387278557
23574.0,0.0,0.017969094216823578
23575.0,0.0,0.44021958112716675
23576.0,1.0,0.7740375995635986
23577.0,0.0,0.024590618908405304
23578.0,0.0,0.02314114384353161
23579.0,0.0,0.06139259412884712
23580.0,0.0,0.024556316435337067
23581.0,1.0,0.02814936637878418
23582.0,0.0,0.02300260402262211
23583.0,0.0,0.02236247807741165
23584.0,0.0,0.024906201288104057
23585.0,0.0,0.0032495991326868534
23586.0,0.0,0.06131014972925186
23587.0,0.0,0.4445684850215912
23588.0,0.0,0.027234036475419998
23589.0,0.0,0.0012720894301310182
23590.0,0.0,0.01729780063033104
23591.0,0.0,0.026481470093131065
23592.0,0.0,0.025873281061649323
23593.0,1.0,0.01901376247406006
23594.0,0.0,0.009754943661391735
23595.0,1.0,0.06212304159998894
23596.0,0.0,0.024970166385173798
23597.0,0.0,0.022775495424866676
23598.0,0.0,0.023887183517217636
23599.0,0.0,0.018112242221832275
23600.0,0.0,0.02358420193195343
23601.0,0.0,0.0018889937782660127
23602.0,0.0,0.024906201288104057
23603.0,0.0,0.024906201288104057
23604.0,0.0,0.0182296484708786
23605.0,0.0,0.023636609315872192
23606.0,1.0,0.05795514956116676
23607.0,0.0,0.02632135897874832
23608.0,0.0,0.02653190866112709
23609.0,0.0,0.05400810018181801
23610.0,0.0,0.025873281061649323
23611.0,0.0,0.010713044553995132
23612.0,0.0,0.024717602878808975
23613.0,0.0,0.026141773909330368
23614.0,0.0,0.025073513388633728
23615.0,0.0,0.028332654386758804
23616.0,0.0,0.024970166385173798
23617.0,0.0,0.05708349123597145
23618.0,0.0,0.014243694953620434
23619.0,0.0,0.028187638148665428
23620.0,0.0,0.015041153877973557
23621.0,0.0,0.02360360138118267
23622.0,0.0,0.02314114384353161
23623.0,0.0,0.06175331398844719
23624.0,0.0,0.0014202744932845235
23625.0,0.0,0.02236247807741165
23626.0,0.0,0.027234036475419998
23627.0,0.0,0.025346089154481888
23628.0,0.0,0.017969094216823578
23629.0,0.0,0.02355126105248928
23630.0,0.0,0.014124889858067036
23631.0,0.0,0.05237181484699249
23632.0,0.0,0.02632135897874832
23633.0,0.0,0.015878908336162567
23634.0,0.0,0.03958925977349281
23635.0,0.0,0.026744144037365913
23636.0,0.0,0.4426445960998535
23637.0,0.0,0.024906201288104057
23638.0,0.0,0.023887183517217636
23639.0,0.0,0.025771109387278557
23640.0,0.0,0.01618671976029873
23641.0,0.0,0.05582575500011444
23642.0,0.0,0.024906201288104057
23643.0,1.0,0.02641528844833374
23644.0,0.0,0.0009827220346778631
23645.0,0.0,0.0013714581727981567
23646.0,0.0,0.01678997464478016
23647.0,0.0,0.0015030310023576021
23648.0,0.0,0.0015403785509988666
23649.0,0.0,0.01574668474495411
23650.0,0.0,0.026265054941177368
23651.0,0.0,0.022847406566143036
23652.0,0.0,0.0012464794563129544
23653.0,0.0,0.02381543442606926
23654.0,0.0,0.01704694889485836
23655.0,0.0,0.016811653971672058
23656.0,0.0,0.024906201288104057
23657.0,0.0,0.02445853315293789
23658.0,0.0,0.02481570467352867
23659.0,0.0,0.0014202744932845235
23660.0,0.0,0.055122390389442444
23661.0,0.0,0.02314114384353161
23662.0,1.0,0.8444064259529114
23663.0,0.0,0.015553967095911503
23664.0,0.0,0.027234036475419998
23665.0,0.0,0.01740630343556404
23666.0,0.0,0.015246058814227581
23667.0,0.0,0.0246882326900959
23668.0,0.0,0.019073618575930595
23669.0,0.0,0.03740875422954559
23670.0,1.0,0.019640684127807617
23671.0,0.0,0.03634200617671013
23672.0,0.0,0.035611413419246674
23673.0,0.0,0.042148660868406296
23674.0,0.0,0.015916068106889725
23675.0,0.0,0.04596468061208725
23676.0,0.0,0.017969094216823578
23677.0,0.0,0.03740875422954559
23678.0,0.0,0.02663862146437168
23679.0,0.0,0.017969094216823578
23680.0,0.0,0.027001334354281425
23681.0,0.0,0.023887183517217636
23682.0,0.0,0.0013462231727316976
23683.0,0.0,0.027234036475419998
23684.0,0.0,0.02314114384353161
23685.0,1.0,0.02445853315293789
23686.0,0.0,0.01575755886733532
23687.0,0.0,0.034155093133449554
23688.0,0.0,0.24774743616580963
23689.0,0.0,0.025873281061649323
23690.0,0.0,0.025005033239722252
23691.0,0.0,0.027341853827238083
23692.0,0.0,0.024906201288104057
23693.0,0.0,0.02314114384353161
23694.0,0.0,0.022847406566143036
23695.0,0.0,0.02314114384353161
23696.0,0.0,0.0031331481877714396
23697.0,0.0,0.003355857450515032
23698.0,0.0,0.026141773909330368
23699.0,0.0,0.0013770321384072304
23700.0,0.0,0.03611791133880615
23701.0,0.0,0.029535578563809395
23702.0,0.0,0.022451452910900116
23703.0,0.0,0.02360360138118267
23704.0,0.0,0.0012720894301310182
23705.0,0.0,0.02628469653427601
23706.0,1.0,0.023672817274928093
23707.0,0.0,0.025801602751016617
23708.0,0.0,0.017969094216823578
23709.0,0.0,0.016109652817249298
23710.0,0.0,0.06175331398844719
23711.0,0.0,0.025771109387278557
23712.0,0.0,0.0015351338079199195
23713.0,0.0,0.016293639317154884
23714.0,0.0,0.025873281061649323
23715.0,0.0,0.024717602878808975
23716.0,0.0,0.01629883050918579
23717.0,0.0,0.025651903823018074
23718.0,0.0,0.02482563816010952
23719.0,0.0,0.029037639498710632
23720.0,0.0,0.0014075487852096558
23721.0,0.0,0.0028990183491259813
23722.0,0.0,0.025771109387278557
23723.0,0.0,0.01678997464478016
23724.0,0.0,0.06715065240859985
23725.0,0.0,0.024871468544006348
23726.0,0.0,0.01635638438165188
23727.0,0.0,0.022331207990646362
23728.0,0.0,0.01629883050918579
23729.0,0.0,0.024871468544006348
23730.0,0.0,0.02544485405087471
23731.0,0.0,0.024255694821476936
23732.0,0.0,0.05538422241806984
23733.0,1.0,0.02314114384353161
23734.0,0.0,0.022451452910900116
23735.0,0.0,0.06636042892932892
23736.0,0.0,0.023721186444163322
23737.0,0.0,0.05812613666057587
23738.0,0.0,0.02336050570011139
23739.0,1.0,0.06496512144804001
23740.0,0.0,0.024104200303554535
23741.0,0.0,0.040938615798950195
23742.0,0.0,0.024909960106015205
23743.0,0.0,0.025283005088567734
23744.0,0.0,0.017810726538300514
23745.0,0.0,0.017969094216823578
23746.0,0.0,0.02314114384353161
23747.0,0.0,0.03683403134346008
23748.0,1.0,0.9908831715583801
23749.0,0.0,0.0013714581727981567
23750.0,0.0,0.025771109387278557
23751.0,0.0,0.016435613855719566
23752.0,0.0,0.025873281061649323
23753.0,0.0,0.024871468544006348
23754.0,1.0,0.43061134219169617
23755.0,0.0,0.025073513388633728
23756.0,0.0,0.06574150919914246
23757.0,0.0,0.016216475516557693
23758.0,0.0,0.0012266056146472692
23759.0,0.0,0.05615627393126488
23760.0,0.0,0.025771109387278557
23761.0,0.0,0.014175931923091412
23762.0,0.0,0.02440434880554676
23763.0,0.0,0.026744144037365913
23764.0,0.0,0.02314114384353161
23765.0,0.0,0.0014513740316033363
23766.0,0.0,0.024906201288104057
23767.0,0.0,0.01575755886733532
23768.0,0.0,0.0013714581727981567
23769.0,0.0,0.028978295624256134
23770.0,0.0,0.3493441343307495
23771.0,0.0,0.0014260467141866684
23772.0,0.0,0.024906201288104057
23773.0,0.0,0.019073618575930595
23774.0,0.0,0.024906201288104057
23775.0,0.0,0.0262258630245924
23776.0,0.0,0.030163714662194252
23777.0,1.0,0.024590618908405304
23778.0,0.0,0.026122327893972397
23779.0,0.0,0.02628469653427601
23780.0,0.0,0.023853830993175507
23781.0,0.0,0.027234036475419998
23782.0,0.0,0.01635638438165188
23783.0,0.0,0.015878908336162567
23784.0,0.0,0.02632135897874832
23785.0,0.0,0.022451452910900116
23786.0,0.0,0.014743927866220474
23787.0,0.0,0.025227047502994537
23788.0,0.0,0.05826232582330704
23789.0,0.0,0.024906201288104057
23790.0,0.0,0.024433191865682602
23791.0,1.0,0.44021958112716675
23792.0,0.0,0.024590618908405304
23793.0,0.0,0.06512225419282913
23794.0,0.0,0.018040908500552177
23795.0,0.0,0.024906201288104057
23796.0,0.0,0.026301685720682144
23797.0,0.0,0.0013714581727981567
23798.0,0.0,0.017378058284521103
23799.0,0.0,0.025771109387278557
23800.0,0.0,0.016661789268255234
23801.0,0.0,0.025771109387278557
23802.0,0.0,0.02236247807741165
23803.0,0.0,0.024906201288104057
23804.0,0.0,0.022331207990646362
23805.0,0.0,0.0013431700645014644
23806.0,0.0,0.026141773909330368
23807.0,0.0,0.01506237406283617
23808.0,0.0,0.026744144037365913
23809.0,0.0,0.03624822944402695
23810.0,0.0,0.02814936637878418
23811.0,0.0,0.016435613855719566
23812.0,0.0,0.0014115831581875682
23813.0,0.0,0.0014202744932845235
23814.0,0.0,0.5986177921295166
23815.0,0.0,0.026301685720682144
23816.0,0.0,0.014124889858067036
23817.0,0.0,0.02660154178738594
23818.0,0.0,0.023474901914596558
23819.0,0.0,0.02663862146437168
23820.0,0.0,0.025245940312743187
23821.0,0.0,0.0012772607151418924
23822.0,0.0,0.023922305554151535
23823.0,0.0,0.023922305554151535
23824.0,0.0,0.025771109387278557
23825.0,0.0,0.0014202744932845235
23826.0,0.0,0.025005033239722252
23827.0,1.0,0.4392189085483551
23828.0,1.0,0.9932289123535156
23829.0,0.0,0.0013462231727316976
23830.0,0.0,0.001449301722459495
23831.0,0.0,0.016122156754136086
23832.0,0.0,0.05656439810991287
23833.0,0.0,0.039073653519153595
23834.0,0.0,0.02663862146437168
23835.0,1.0,0.4392189085483551
23836.0,0.0,0.0014992556534707546
23837.0,0.0,0.02440434880554676
23838.0,0.0,0.0012720894301310182
23839.0,0.0,0.02658638171851635
23840.0,0.0,0.025873281061649323
23841.0,0.0,0.037028223276138306
23842.0,0.0,0.018040908500552177
23843.0,0.0,0.0013431700645014644
23844.0,0.0,0.01722889207303524
23845.0,0.0,0.0031331481877714396
23846.0,1.0,0.4205121099948883
23847.0,0.0,0.02814936637878418
23848.0,0.0,0.03655404597520828
23849.0,0.0,0.025771109387278557
23850.0,0.0,0.025771109387278557
23851.0,0.0,0.025005033239722252
23852.0,0.0,0.0693524181842804
23853.0,0.0,0.03893374651670456
23854.0,0.0,0.03683403134346008
23855.0,1.0,0.8382900953292847
23856.0,0.0,0.015223466791212559
23857.0,0.0,0.016435613855719566
23858.0,0.0,0.015375401824712753
23859.0,0.0,0.025771109387278557
23860.0,0.0,0.02803678810596466
23861.0,1.0,0.4370000660419464
23862.0,0.0,0.002974727191030979
23863.0,0.0,0.016225576400756836
23864.0,0.0,0.014777462929487228
23865.0,0.0,0.029358668252825737
23866.0,0.0,0.0013517334591597319
23867.0,0.0,0.029535578563809395
23868.0,0.0,0.024717602878808975
23869.0,0.0,0.015590906143188477
23870.0,0.0,0.027234036475419998
23871.0,1.0,0.016225576400756836
23872.0,0.0,0.026744144037365913
23873.0,0.0,0.0012720894301310182
23874.0,0.0,0.038531553000211716
23875.0,1.0,0.4512373208999634
23876.0,0.0,0.02440434880554676
23877.0,0.0,0.0013486293610185385
23878.0,0.0,0.02653190866112709
23879.0,0.0,0.016097549349069595
23880.0,0.0,0.0014693202683702111
23881.0,0.0,0.02507074922323227
23882.0,0.0,0.01707693375647068
23883.0,0.0,0.037357721477746964
23884.0,1.0,0.03876886144280434
23885.0,1.0,0.4392189085483551
23886.0,0.0,0.0012333538616076112
23887.0,0.0,0.011426706798374653
23888.0,0.0,0.02521074190735817
23889.0,0.0,0.05708349123597145
23890.0,0.0,0.05515262857079506
23891.0,0.0,0.05522727221250534
23892.0,0.0,0.02236247807741165
23893.0,0.0,0.031205356121063232
23894.0,0.0,0.024717602878808975
23895.0,0.0,0.025346089154481888
23896.0,0.0,0.024556316435337067
23897.0,0.0,0.023636609315872192
23898.0,0.0,0.03918365389108658
23899.0,0.0,0.01707693375647068
23900.0,0.0,0.024717602878808975
23901.0,0.0,0.01629883050918579
23902.0,0.0,0.0014202744932845235
23903.0,0.0,0.02314114384353161
23904.0,0.0,0.05554807558655739
23905.0,0.0,0.025771109387278557
23906.0,0.0,0.026301685720682144
23907.0,0.0,0.014223608188331127
23908.0,0.0,0.0013714581727981567
23909.0,0.0,0.025913292542099953
23910.0,0.0,0.026122327893972397
23911.0,0.0,0.06175331398844719
23912.0,0.0,0.05421041324734688
23913.0,0.0,0.0629376545548439
23914.0,0.0,0.037497278302907944
23915.0,0.0,0.03749186545610428
23916.0,0.0,0.0014202744932845235
23917.0,0.0,0.025771109387278557
23918.0,0.0,0.023887183517217636
23919.0,0.0,0.014743927866220474
23920.0,0.0,0.05730250105261803
23921.0,0.0,0.0013431700645014644
23922.0,0.0,0.02355126105248928
23923.0,0.0,0.015223466791212559
23924.0,0.0,0.05393500626087189
23925.0,0.0,0.017336970195174217
23926.0,0.0,0.02854803204536438
23927.0,0.0,0.02531747706234455
23928.0,1.0,0.43061134219169617
23929.0,0.0,0.022331207990646362
23930.0,0.0,0.016170164570212364
23931.0,0.0,0.02660154178738594
23932.0,0.0,0.015878908336162567
23933.0,0.0,0.02814936637878418
23934.0,0.0,0.02641528844833374
23935.0,0.0,0.042148660868406296
23936.0,0.0,0.01574668474495411
23937.0,0.0,0.041395772248506546
23938.0,0.0,0.02236247807741165
23939.0,0.0,0.014223608188331127
23940.0,0.0,0.0246882326900959
23941.0,0.0,0.024717602878808975
23942.0,0.0,0.016435613855719566
23943.0,0.0,0.016994355246424675
23944.0,0.0,0.02532961592078209
23945.0,0.0,0.02544485405087471
23946.0,0.0,0.06368388235569
23947.0,0.0,0.016661789268255234
23948.0,0.0,0.025771109387278557
23949.0,0.0,0.026141773909330368
23950.0,0.0,0.029136408120393753
23951.0,1.0,0.9938541650772095
23952.0,0.0,0.022822577506303787
23953.0,0.0,0.02314114384353161
23954.0,0.0,0.038059405982494354
23955.0,0.0,0.026122327893972397
23956.0,0.0,0.0015840266132727265
23957.0,0.0,0.02440434880554676
23958.0,0.0,0.025771109387278557
23959.0,0.0,0.025873281061649323
23960.0,0.0,0.015856554731726646
23961.0,0.0,0.014276108704507351
23962.0,0.0,0.023887183517217636
23963.0,0.0,0.025005033239722252
23964.0,0.0,0.029278311878442764
23965.0,0.0,0.002020885469391942
23966.0,0.0,0.04168199747800827
23967.0,0.0,0.0238907840102911
23968.0,0.0,0.01506237406283617
23969.0,0.0,0.030007455497980118
23970.0,0.0,0.0013807386858388782
23971.0,0.0,0.025005033239722252
23972.0,0.0,0.01574668474495411
23973.0,0.0,0.04582434892654419
23974.0,0.0,0.02445853315293789
23975.0,0.0,0.04041016474366188
23976.0,0.0,0.015246058814227581
23977.0,0.0,0.05730250105261803
23978.0,0.0,0.023887183517217636
23979.0,0.0,0.0013536671176552773
23980.0,0.0,0.02526475116610527
23981.0,0.0,0.010333484970033169
23982.0,0.0,0.0015030310023576021
23983.0,0.0,0.02361888997256756
23984.0,0.0,0.06139259412884712
23985.0,0.0,0.01635638438165188
23986.0,0.0,0.024871468544006348
23987.0,0.0,0.0014401210937649012
23988.0,0.0,0.013825992122292519
23989.0,0.0,0.05826232582330704
23990.0,0.0,0.025172991678118706
23991.0,0.0,0.34842145442962646
23992.0,0.0,0.05746499449014664
23993.0,0.0,0.027234036475419998
23994.0,0.0,0.0013714581727981567
23995.0,0.0,0.024906201288104057
23996.0,0.0,0.031158214434981346
23997.0,0.0,0.02445853315293789
23998.0,0.0,0.025743823498487473
23999.0,0.0,0.014891373924911022
24000.0,0.0,0.036484528332948685
24001.0,0.0,0.025771109387278557
24002.0,0.0,0.4470437467098236
24003.0,0.0,0.015878908336162567
24004.0,0.0,0.02814936637878418
24005.0,0.0,0.0626082718372345
24006.0,1.0,0.0014129901537671685
24007.0,0.0,0.021197669208049774
24008.0,0.0,0.024555636569857597
24009.0,0.0,0.011426706798374653
24010.0,0.0,0.027234036475419998
24011.0,1.0,0.4392189085483551
24012.0,0.0,0.015590906143188477
24013.0,0.0,0.0273841954767704
24014.0,0.0,0.0031689931638538837
24015.0,0.0,0.02632135897874832
24016.0,0.0,0.026983819901943207
24017.0,0.0,0.024944746866822243
24018.0,0.0,0.025771109387278557
24019.0,0.0,0.026744144037365913
24020.0,0.0,0.02632135897874832
24021.0,0.0,0.0013714581727981567
24022.0,0.0,0.02236247807741165
24023.0,0.0,0.024906201288104057
24024.0,0.0,0.0031331481877714396
24025.0,0.0,0.0385444350540638
24026.0,0.0,0.025005033239722252
24027.0,0.0,0.025771109387278557
24028.0,0.0,0.01575755886733532
24029.0,0.0,0.017277296632528305
24030.0,0.0,0.02628469653427601
24031.0,0.0,0.025771109387278557
24032.0,0.0,0.013185258023440838
24033.0,0.0,0.01562632992863655
24034.0,0.0,0.025771109387278557
24035.0,0.0,0.05607227236032486
24036.0,0.0,0.02323314920067787
24037.0,0.0,0.018040908500552177
24038.0,0.0,0.026122327893972397
24039.0,0.0,0.01692560501396656
24040.0,0.0,0.020928069949150085
24041.0,0.0,0.02314114384353161
24042.0,0.0,0.024906201288104057
24043.0,0.0,0.029652222990989685
24044.0,0.0,0.0014202744932845235
24045.0,0.0,0.06113040819764137
24046.0,0.0,0.023887183517217636
24047.0,0.0,0.05730250105261803
24048.0,0.0,0.016435613855719566
24049.0,0.0,0.024906201288104057
24050.0,1.0,0.42969629168510437
24051.0,0.0,0.015574609860777855
24052.0,0.0,0.025771109387278557
24053.0,0.0,0.02544485405087471
24054.0,0.0,0.023853830993175507
24055.0,0.0,0.0013912387657910585
24056.0,0.0,0.04354483634233475
24057.0,0.0,0.3513956665992737
24058.0,0.0,0.024590618908405304
24059.0,0.0,0.03794029727578163
24060.0,0.0,0.017378058284521103
24061.0,0.0,0.010836593806743622
24062.0,0.0,0.025873281061649323
24063.0,0.0,0.025873281061649323
24064.0,0.0,0.024906201288104057
24065.0,0.0,0.4426445960998535
24066.0,0.0,0.028444690629839897
24067.0,1.0,0.42579787969589233
24068.0,0.0,0.017008891329169273
24069.0,0.0,0.0032576294615864754
24070.0,0.0,0.014700775034725666
24071.0,0.0,0.015107985585927963
24072.0,0.0,0.0376441553235054
24073.0,0.0,0.023636609315872192
24074.0,0.0,0.02536497637629509
24075.0,0.0,0.017336970195174217
24076.0,0.0,0.023887183517217636
24077.0,0.0,0.028748469427227974
24078.0,0.0,0.014777462929487228
24079.0,0.0,0.061009276658296585
24080.0,0.0,0.024717602878808975
24081.0,0.0,0.037497278302907944
24082.0,0.0,0.02544485405087471
24083.0,0.0,0.0013770321384072304
24084.0,0.0,0.028332654386758804
24085.0,0.0,0.01575755886733532
24086.0,0.0,0.024556316435337067
24087.0,0.0,0.03556228429079056
24088.0,0.0,0.026744144037365913
24089.0,0.0,0.03942525386810303
24090.0,0.0,0.025771109387278557
24091.0,0.0,0.05812613666057587
24092.0,0.0,0.027234036475419998
24093.0,0.0,0.017969094216823578
24094.0,0.0,0.018225423991680145
24095.0,0.0,0.030525844544172287
24096.0,0.0,0.015590906143188477
24097.0,0.0,0.058945007622241974
24098.0,0.0,0.06567646563053131
24099.0,0.0,0.015280703082680702
24100.0,0.0,0.44283321499824524
24101.0,0.0,0.015878908336162567
24102.0,0.0,0.010713044553995132
24103.0,0.0,0.02481570467352867
24104.0,0.0,0.0013462231727316976
24105.0,0.0,0.017969094216823578
24106.0,0.0,0.03513512387871742
24107.0,0.0,0.023636609315872192
24108.0,0.0,0.0016020088223740458
24109.0,0.0,0.0033562947064638138
24110.0,0.0,0.0013140484225004911
24111.0,0.0,0.02445853315293789
24112.0,0.0,0.023474901914596558
24113.0,0.0,0.03889988735318184
24114.0,0.0,0.0013916846364736557
24115.0,0.0,0.0263888631016016
24116.0,0.0,0.025005033239722252
24117.0,0.0,0.024970166385173798
24118.0,0.0,0.04266770929098129
24119.0,0.0,0.03224973380565643
24120.0,0.0,0.034646641463041306
24121.0,0.0,0.0014202744932845235
24122.0,0.0,0.0014898506924510002
24123.0,0.0,0.06175331398844719
24124.0,0.0,0.0013516949256882071
24125.0,0.0,0.06349930912256241
24126.0,0.0,0.025073513388633728
24127.0,0.0,0.027234036475419998
24128.0,1.0,0.9821414947509766
24129.0,0.0,0.026141773909330368
24130.0,0.0,0.025245940312743187
24131.0,0.0,0.02399485558271408
24132.0,0.0,0.015856554731726646
24133.0,0.0,0.0246882326900959
24134.0,0.0,0.02236247807741165
24135.0,0.0,0.061627063900232315
24136.0,0.0,0.022047515958547592
24137.0,0.0,0.016225576400756836
24138.0,0.0,0.010861334390938282
24139.0,0.0,0.03610819950699806
24140.0,0.0,0.014243694953620434
24141.0,0.0,0.0014260467141866684
24142.0,0.0,0.01492331176996231
24143.0,0.0,0.025873281061649323
24144.0,0.0,0.01133112795650959
24145.0,0.0,0.043226346373558044
24146.0,0.0,0.02632135897874832
24147.0,0.0,0.011426706798374653
24148.0,1.0,0.024717602878808975
24149.0,0.0,0.024590618908405304
24150.0,0.0,0.025771109387278557
24151.0,0.0,0.02544485405087471
24152.0,0.0,0.02632135897874832
24153.0,0.0,0.024906201288104057
24154.0,1.0,0.996327817440033
24155.0,0.0,0.41323480010032654
24156.0,0.0,0.015675872564315796
24157.0,0.0,0.0013608243316411972
24158.0,0.0,0.015413998626172543
24159.0,1.0,0.0597548745572567
24160.0,0.0,0.027341853827238083
24161.0,0.0,0.024906201288104057
24162.0,1.0,0.0014202744932845235
24163.0,0.0,0.025771109387278557
24164.0,0.0,0.02814936637878418
24165.0,0.0,0.016225576400756836
24166.0,0.0,0.017969094216823578
24167.0,0.0,0.029163094237446785
24168.0,0.0,0.02307247556746006
24169.0,0.0,0.014870388433337212
24170.0,0.0,0.027234036475419998
24171.0,0.0,0.03634200617671013
24172.0,0.0,0.024906201288104057
24173.0,0.0,0.05708349123597145
24174.0,0.0,0.014958435669541359
24175.0,0.0,0.026074662804603577
24176.0,0.0,0.018040908500552177
24177.0,0.0,0.024555636569857597
24178.0,1.0,0.4287012219429016
24179.0,0.0,0.01629883050918579
24180.0,0.0,0.024871468544006348
24181.0,0.0,0.027234036475419998
24182.0,0.0,0.039917442947626114
24183.0,1.0,0.4426445960998535
24184.0,0.0,0.02307247556746006
24185.0,0.0,0.025873281061649323
24186.0,1.0,0.8304533958435059
24187.0,0.0,0.024906201288104057
24188.0,0.0,0.024906201288104057
24189.0,0.0,0.02526475116610527
24190.0,0.0,0.026122327893972397
24191.0,0.0,0.015413998626172543
24192.0,0.0,0.019073618575930595
24193.0,0.0,0.029936516657471657
24194.0,0.0,0.026744144037365913
24195.0,0.0,0.4338580071926117
24196.0,0.0,0.0031837711576372385
24197.0,0.0,0.017969094216823578
24198.0,0.0,0.025245940312743187
24199.0,0.0,0.015096615068614483
24200.0,0.0,0.01886281929910183
24201.0,0.0,0.023433061316609383
24202.0,0.0,0.023922305554151535
24203.0,0.0,0.017378058284521103
24204.0,0.0,0.02663862146437168
24205.0,0.0,0.024871468544006348
24206.0,0.0,0.017969094216823578
24207.0,0.0,0.02323314920067787
24208.0,0.0,0.022451452910900116
24209.0,0.0,0.06319379061460495
24210.0,0.0,0.02314114384353161
24211.0,0.0,0.02445853315293789
24212.0,0.0,0.0159847903996706
24213.0,0.0,0.025771109387278557
24214.0,0.0,0.022847406566143036
24215.0,0.0,0.015246058814227581
24216.0,0.0,0.4392189085483551
24217.0,0.0,0.010713044553995132
24218.0,0.0,0.06050252914428711
24219.0,0.0,0.025771109387278557
24220.0,0.0,0.054085057228803635
24221.0,0.0,0.026369133964180946
24222.0,0.0,0.017115140333771706
24223.0,0.0,0.027887307107448578
24224.0,0.0,0.025771109387278557
24225.0,0.0,0.026301685720682144
24226.0,0.0,0.02481570467352867
24227.0,0.0,0.02314114384353161
24228.0,0.0,0.014743927866220474
24229.0,1.0,0.0013886369997635484
24230.0,0.0,0.015916068106889725
24231.0,0.0,0.02398207224905491
24232.0,0.0,0.022847406566143036
24233.0,0.0,0.026122327893972397
24234.0,0.0,0.024717602878808975
24235.0,0.0,0.02323314920067787
24236.0,0.0,0.05730250105261803
24237.0,0.0,0.011716638691723347
24238.0,0.0,0.056377820670604706
24239.0,0.0,0.016435613855719566
24240.0,1.0,0.06474325805902481
24241.0,0.0,0.023948587477207184
24242.0,0.0,0.039917442947626114
24243.0,0.0,0.0013912387657910585
24244.0,0.0,0.42550188302993774
24245.0,0.0,0.02544485405087471
24246.0,0.0,0.017969094216823578
24247.0,0.0,0.023636609315872192
24248.0,0.0,0.060583945363759995
24249.0,0.0,0.024717602878808975
24250.0,0.0,0.02854803204536438
24251.0,0.0,0.026301685720682144
24252.0,0.0,0.0012283599935472012
24253.0,0.0,0.026122327893972397
24254.0,0.0,0.027234341949224472
24255.0,0.0,0.01638970524072647
24256.0,0.0,0.022678134962916374
24257.0,0.0,0.029535578563809395
24258.0,0.0,0.016225576400756836
24259.0,0.0,0.018330127000808716
24260.0,0.0,0.03889988735318184
24261.0,0.0,0.024906201288104057
24262.0,0.0,0.027234036475419998
24263.0,0.0,0.024906201288104057
24264.0,0.0,0.02236247807741165
24265.0,0.0,0.01722889207303524
24266.0,0.0,0.025771109387278557
24267.0,0.0,0.018040908500552177
24268.0,1.0,0.43125638365745544
24269.0,0.0,0.014743927866220474
24270.0,0.0,0.022847406566143036
24271.0,0.0,0.0031837711576372385
24272.0,0.0,0.015856554731726646
24273.0,0.0,0.02826070226728916
24274.0,1.0,0.42605772614479065
24275.0,0.0,0.02314114384353161
24276.0,0.0,0.025771109387278557
24277.0,0.0,0.024433191865682602
24278.0,0.0,0.05983950197696686
24279.0,0.0,0.05834890156984329
24280.0,0.0,0.01722889207303524
24281.0,0.0,0.027021421119570732
24282.0,0.0,0.025771109387278557
24283.0,0.0,0.01922311633825302
24284.0,0.0,0.015280703082680702
24285.0,0.0,0.030647629871964455
24286.0,0.0,0.02445853315293789
24287.0,0.0,0.4486140012741089
24288.0,0.0,0.017336970195174217
24289.0,0.0,0.015878908336162567
24290.0,0.0,0.02663862146437168
24291.0,0.0,0.028508367016911507
24292.0,0.0,0.026122327893972397
24293.0,0.0,0.025771109387278557
24294.0,0.0,0.02314114384353161
24295.0,0.0,0.015553967095911503
24296.0,0.0,0.016179537400603294
24297.0,0.0,0.02398207224905491
24298.0,0.0,0.0013536671176552773
24299.0,0.0,0.035886865109205246
24300.0,0.0,0.025005033239722252
24301.0,0.0,0.017969094216823578
24302.0,0.0,0.0237070694565773
24303.0,0.0,0.01678997464478016
24304.0,0.0,0.01404144149273634
24305.0,0.0,0.025873281061649323
24306.0,0.0,0.060015689581632614
24307.0,0.0,0.024017333984375
24308.0,0.0,0.017969094216823578
24309.0,0.0,0.06559844315052032
24310.0,0.0,0.024717602878808975
24311.0,0.0,0.017739813774824142
24312.0,0.0,0.02445853315293789
24313.0,0.0,0.024906201288104057
24314.0,0.0,0.025550583377480507
24315.0,1.0,0.41323480010032654
24316.0,0.0,0.02814936637878418
24317.0,0.0,0.04250483587384224
24318.0,0.0,0.024906201288104057
24319.0,0.0,0.024717602878808975
24320.0,0.0,0.024717602878808975
24321.0,0.0,0.047458305954933167
24322.0,0.0,0.05983950197696686
24323.0,0.0,0.03865246847271919
24324.0,0.0,0.025642139837145805
24325.0,1.0,0.015878908336162567
24326.0,0.0,0.016747333109378815
24327.0,0.0,0.024717602878808975
24328.0,0.0,0.023853830993175507
24329.0,0.0,0.0012720894301310182
24330.0,0.0,0.02632135897874832
24331.0,0.0,0.039906181395053864
24332.0,0.0,0.022822577506303787
24333.0,0.0,0.013014479540288448
24334.0,0.0,0.01562632992863655
24335.0,0.0,0.015856554731726646
24336.0,0.0,0.016435613855719566
24337.0,0.0,0.04428699612617493
24338.0,0.0,0.0013608243316411972
24339.0,1.0,0.44218194484710693
24340.0,0.0,0.02544485405087471
24341.0,1.0,0.024970166385173798
24342.0,1.0,0.3523220121860504
24343.0,0.0,0.016674311831593513
24344.0,0.0,0.014621013775467873
24345.0,0.0,0.015856554731726646
24346.0,0.0,0.0015091396635398269
24347.0,0.0,0.060015689581632614
24348.0,0.0,0.0013536671176552773
24349.0,0.0,0.015193900093436241
24350.0,0.0,0.041333481669425964
24351.0,0.0,0.03859657794237137
24352.0,0.0,0.014891373924911022
24353.0,0.0,0.009604624472558498
24354.0,0.0,0.03611837327480316
24355.0,0.0,0.025771109387278557
24356.0,0.0,0.025771109387278557
24357.0,0.0,0.02336050570011139
24358.0,0.0,0.05907125025987625
24359.0,0.0,0.0014202744932845235
24360.0,0.0,0.022024011239409447
24361.0,0.0,0.027879901230335236
24362.0,0.0,0.024717602878808975
24363.0,0.0,0.024231432005763054
24364.0,0.0,0.030076995491981506
24365.0,0.0,0.03683403134346008
24366.0,0.0,0.015594031661748886
24367.0,0.0,0.027234036475419998
24368.0,0.0,0.024231432005763054
24369.0,0.0,0.06139259412884712
24370.0,0.0,0.025771109387278557
24371.0,0.0,0.026141773909330368
24372.0,0.0,0.018421942368149757
24373.0,0.0,0.02544485405087471
24374.0,0.0,0.025771109387278557
24375.0,0.0,0.01704694889485836
24376.0,0.0,0.03923683613538742
24377.0,0.0,0.015675872564315796
24378.0,0.0,0.057245396077632904
24379.0,0.0,0.015413998626172543
24380.0,0.0,0.026122327893972397
24381.0,0.0,0.04094049707055092
24382.0,0.0,0.02421925775706768
24383.0,0.0,0.016270712018013
24384.0,0.0,0.0014202744932845235
24385.0,0.0,0.02814936637878418
24386.0,0.0,0.030282769352197647
24387.0,0.0,0.02314114384353161
24388.0,0.0,0.05582575500011444
24389.0,0.0,0.02526475116610527
24390.0,0.0,0.017969094216823578
24391.0,0.0,0.023853830993175507
24392.0,0.0,0.025245940312743187
24393.0,0.0,0.02236247807741165
24394.0,0.0,0.0013462231727316976
24395.0,0.0,0.014777462929487228
24396.0,0.0,0.057245396077632904
24397.0,0.0,0.0511234775185585
24398.0,0.0,0.01635638438165188
24399.0,0.0,0.024556316435337067
24400.0,0.0,0.024906201288104057
24401.0,0.0,0.025873281061649323
24402.0,0.0,0.05708349123597145
24403.0,0.0,0.03740875422954559
24404.0,0.0,0.016994355246424675
24405.0,0.0,0.0012720894301310182
24406.0,0.0,0.015413998626172543
24407.0,0.0,0.03889988735318184
24408.0,0.0,0.027341853827238083
24409.0,1.0,0.4532330334186554
24410.0,0.0,0.06689666211605072
24411.0,0.0,0.025771109387278557
24412.0,0.0,0.015856554731726646
24413.0,0.0,0.017969094216823578
24414.0,0.0,0.023636609315872192
24415.0,0.0,0.015553967095911503
24416.0,0.0,0.02445853315293789
24417.0,0.0,0.0033153772819787264
24418.0,0.0,0.016994355246424675
24419.0,0.0,0.0014260467141866684
24420.0,0.0,0.025743823498487473
24421.0,0.0,0.4316074550151825
24422.0,0.0,0.0246882326900959
24423.0,0.0,0.015878908336162567
24424.0,0.0,0.024871468544006348
24425.0,0.0,0.025771109387278557
24426.0,0.0,0.02663862146437168
24427.0,0.0,0.027234036475419998
24428.0,0.0,0.0012720894301310182
24429.0,0.0,0.023887183517217636
24430.0,0.0,0.010245205834507942
24431.0,0.0,0.061627063900232315
24432.0,0.0,0.003379453904926777
24433.0,0.0,0.01899777166545391
24434.0,0.0,0.0014202744932845235
24435.0,0.0,0.0014202744932845235
24436.0,0.0,0.0015549295349046588
24437.0,0.0,0.4616709053516388
24438.0,0.0,0.03611791133880615
24439.0,0.0,0.023721186444163322
24440.0,0.0,0.016853002831339836
24441.0,0.0,0.0013714581727981567
24442.0,0.0,0.025005033239722252
24443.0,0.0,0.02547396719455719
24444.0,0.0,0.029163094237446785
24445.0,0.0,0.0013714581727981567
24446.0,0.0,0.02355126105248928
24447.0,0.0,0.017228078097105026
24448.0,0.0,0.0015775627689436078
24449.0,0.0,0.02519186958670616
24450.0,0.0,0.0014202744932845235
24451.0,0.0,0.022451452910900116
24452.0,0.0,0.02663862146437168
24453.0,0.0,0.025771109387278557
24454.0,0.0,0.02323314920067787
24455.0,0.0,0.015223466791212559
24456.0,0.0,0.40344616770744324
24457.0,0.0,0.05599655583500862
24458.0,0.0,0.016122156754136086
24459.0,0.0,0.017739813774824142
24460.0,0.0,0.027234036475419998
24461.0,0.0,0.3493441343307495
24462.0,0.0,0.056776631623506546
24463.0,0.0,0.24709251523017883
24464.0,0.0,0.025771109387278557
24465.0,0.0,0.02653190866112709
24466.0,0.0,0.025545770302414894
24467.0,1.0,0.9941909909248352
24468.0,0.0,0.02829911559820175
24469.0,0.0,0.025346089154481888
24470.0,0.0,0.031112121418118477
24471.0,0.0,0.0014412200544029474
24472.0,0.0,0.024555636569857597
24473.0,0.0,0.003296883078292012
24474.0,0.0,0.019178984686732292
24475.0,0.0,0.4426445960998535
24476.0,0.0,0.05708349123597145
24477.0,0.0,0.026122327893972397
24478.0,0.0,0.05817730352282524
24479.0,0.0,0.02481570467352867
24480.0,0.0,0.01678997464478016
24481.0,0.0,0.024906201288104057
24482.0,0.0,0.02909594401717186
24483.0,0.0,0.024906201288104057
24484.0,0.0,0.024906201288104057
24485.0,0.0,0.003128680167719722
24486.0,0.0,0.017969094216823578
24487.0,0.0,0.0263888631016016
24488.0,1.0,0.6055259108543396
24489.0,0.0,0.32380878925323486
24490.0,0.0,0.013337628915905952
24491.0,0.0,0.02641528844833374
24492.0,0.0,0.03304668888449669
24493.0,0.0,0.015553967095911503
24494.0,0.0,0.024906201288104057
24495.0,0.0,0.025771109387278557
24496.0,0.0,0.024906201288104057
24497.0,0.0,0.026405904442071915
24498.0,0.0,0.0012772607151418924
24499.0,0.0,0.027234036475419998
24500.0,0.0,0.027234036475419998
24501.0,0.0,0.024556316435337067
24502.0,0.0,0.05834890156984329
24503.0,0.0,0.015590906143188477
24504.0,0.0,0.022685261443257332
24505.0,0.0,0.015675872564315796
24506.0,0.0,0.0014693202683702111
24507.0,0.0,0.023922305554151535
24508.0,0.0,0.013648834079504013
24509.0,0.0,0.017378058284521103
24510.0,0.0,0.01697045937180519
24511.0,0.0,0.022420059889554977
24512.0,0.0,0.025771109387278557
24513.0,0.0,0.025771109387278557
24514.0,0.0,0.02826070226728916
24515.0,0.0,0.024944746866822243
24516.0,0.0,0.024871468544006348
24517.0,0.0,0.05028222128748894
24518.0,0.0,0.003379453904926777
24519.0,0.0,0.017336970195174217
24520.0,0.0,0.0013536671176552773
24521.0,0.0,0.010713044553995132
24522.0,0.0,0.02445853315293789
24523.0,0.0,0.035611413419246674
24524.0,0.0,0.037795647978782654
24525.0,0.0,0.02207839861512184
24526.0,0.0,0.026301685720682144
24527.0,0.0,0.023393183946609497
24528.0,0.0,0.018215972930192947
24529.0,0.0,0.01908775418996811
24530.0,0.0,0.015223466791212559
24531.0,0.0,0.02207839861512184
24532.0,0.0,0.024944746866822243
24533.0,0.0,0.0013694989029318094
24534.0,0.0,0.025550583377480507
24535.0,0.0,0.031328391283750534
24536.0,0.0,0.0033153772819787264
24537.0,0.0,0.037497278302907944
24538.0,0.0,0.025383293628692627
24539.0,0.0,0.01574668474495411
24540.0,0.0,0.0014202744932845235
24541.0,0.0,0.0014202744932845235
24542.0,0.0,0.016595402732491493
24543.0,0.0,0.0012720894301310182
24544.0,0.0,0.023887183517217636
24545.0,0.0,0.025550583377480507
24546.0,0.0,0.025771109387278557
24547.0,0.0,0.023636609315872192
24548.0,0.0,0.02663862146437168
24549.0,1.0,0.9959084987640381
24550.0,0.0,0.016122156754136086
24551.0,0.0,0.024906201288104057
24552.0,0.0,0.0017288743983954191
24553.0,0.0,0.024970166385173798
24554.0,0.0,0.025283005088567734
24555.0,0.0,0.025873281061649323
24556.0,0.0,0.022331207990646362
24557.0,0.0,0.014243694953620434
24558.0,0.0,0.037497278302907944
24559.0,0.0,0.010952994227409363
24560.0,1.0,0.039073653519153595
24561.0,0.0,0.4445684850215912
24562.0,0.0,0.43402186036109924
24563.0,0.0,0.02814936637878418
24564.0,0.0,0.017336970195174217
24565.0,0.0,0.02536497637629509
24566.0,1.0,0.43704754114151
24567.0,0.0,0.01575755886733532
24568.0,0.0,0.027234036475419998
24569.0,0.0,0.02236247807741165
24570.0,1.0,0.4136412441730499
24571.0,0.0,0.02628469653427601
24572.0,0.0,0.0015030310023576021
24573.0,0.0,0.016766361892223358
24574.0,0.0,0.015556056052446365
24575.0,0.0,0.07086120545864105
24576.0,0.0,0.017115140333771706
24577.0,0.0,0.022166267037391663
24578.0,0.0,0.0014401210937649012
24579.0,0.0,0.026196282356977463
24580.0,0.0,0.025771109387278557
24581.0,0.0,0.025357024744153023
24582.0,0.0,0.027234036475419998
24583.0,0.0,0.02663862146437168
24584.0,0.0,0.024906201288104057
24585.0,0.0,0.016293639317154884
24586.0,0.0,0.017969094216823578
24587.0,0.0,0.016122156754136086
24588.0,0.0,0.025771109387278557
24589.0,0.0,0.03935639187693596
24590.0,0.0,0.02445853315293789
24591.0,0.0,0.0014075487852096558
24592.0,1.0,0.4532330334186554
24593.0,0.0,0.024717602878808975
24594.0,0.0,0.025771109387278557
24595.0,0.0,0.023853830993175507
24596.0,0.0,0.4380471110343933
24597.0,0.0,0.42550188302993774
24598.0,0.0,0.025245940312743187
24599.0,0.0,0.02481570467352867
24600.0,0.0,0.0014572733780369163
24601.0,0.0,0.016435613855719566
24602.0,0.0,0.024871468544006348
24603.0,0.0,0.03634200617671013
24604.0,0.0,0.024556316435337067
24605.0,0.0,0.02663862146437168
24606.0,0.0,0.016435613855719566
24607.0,0.0,0.05730250105261803
24608.0,0.0,0.02236247807741165
24609.0,0.0,0.01899777166545391
24610.0,1.0,0.42550188302993774
24611.0,0.0,0.025771109387278557
24612.0,0.0,0.01685047335922718
24613.0,0.0,0.02526475116610527
24614.0,0.0,0.014743927866220474
24615.0,0.0,0.06136394292116165
24616.0,0.0,0.01055257860571146
24617.0,0.0,0.025005033239722252
24618.0,0.0,0.0014202744932845235
24619.0,0.0,0.027001334354281425
24620.0,0.0,0.0016582512762397528
24621.0,0.0,0.016122156754136086
24622.0,0.0,0.023887183517217636
24623.0,0.0,0.015202022157609463
24624.0,0.0,0.0262258630245924
24625.0,0.0,0.024906201288104057
24626.0,0.0,0.028621075674891472
24627.0,0.0,0.0013714581727981567
24628.0,1.0,0.4316074550151825
24629.0,0.0,0.04296783357858658
24630.0,0.0,0.01899777166545391
24631.0,0.0,0.025771109387278557
24632.0,1.0,0.4507816731929779
24633.0,0.0,0.017378058284521103
24634.0,0.0,0.02314114384353161
24635.0,0.0,0.024590618908405304
24636.0,1.0,0.9958117008209229
24637.0,0.0,0.025771109387278557
24638.0,0.0,0.02314114384353161
24639.0,0.0,0.05795514956116676
24640.0,0.0,0.05522727221250534
24641.0,0.0,0.01039495412260294
24642.0,0.0,0.024906201288104057
24643.0,0.0,0.0013462231727316976
24644.0,0.0,0.025771109387278557
24645.0,0.0,0.027234036475419998
24646.0,0.0,0.05105408653616905
24647.0,1.0,0.32991132140159607
24648.0,0.0,0.0014202744932845235
24649.0,0.0,0.02323314920067787
24650.0,0.0,0.015638090670108795
24651.0,0.0,0.06021404266357422
24652.0,0.0,0.01704694889485836
24653.0,0.0,0.01840336248278618
24654.0,0.0,0.03202870115637779
24655.0,0.0,0.023730525746941566
24656.0,0.0,0.01404144149273634
24657.0,0.0,0.027234036475419998
24658.0,0.0,0.46952298283576965
24659.0,0.0,0.016122156754136086
24660.0,0.0,0.024906201288104057
24661.0,0.0,0.04174934700131416
24662.0,0.0,0.06329625844955444
24663.0,0.0,0.02314114384353161
24664.0,0.0,0.02544485405087471
24665.0,1.0,0.4942064881324768
24666.0,0.0,0.02314114384353161
24667.0,0.0,0.03513512387871742
24668.0,0.0,0.023585906252264977
24669.0,0.0,0.01722889207303524
24670.0,0.0,0.0014187335036695004
24671.0,0.0,0.016435613855719566
24672.0,0.0,0.014175931923091412
24673.0,0.0,0.023887183517217636
24674.0,0.0,0.05910811945796013
24675.0,0.0,0.06823190301656723
24676.0,0.0,0.027234036475419998
24677.0,0.0,0.02236247807741165
24678.0,0.0,0.003581981873139739
24679.0,0.0,0.027234036475419998
24680.0,0.0,0.025771109387278557
24681.0,0.0,0.015556056052446365
24682.0,0.0,0.03582260385155678
24683.0,0.0,0.025771109387278557
24684.0,0.0,0.03893374651670456
24685.0,0.0,0.029652222990989685
24686.0,0.0,0.0014401210937649012
24687.0,0.0,0.028361354023218155
24688.0,0.0,0.058941278606653214
24689.0,0.0,0.016435613855719566
24690.0,0.0,0.01607489213347435
24691.0,1.0,0.0663568452000618
24692.0,0.0,0.016435613855719566
24693.0,1.0,0.4316074550151825
24694.0,0.0,0.02604168839752674
24695.0,0.0,0.003296883078292012
24696.0,0.0,0.024717602878808975
24697.0,0.0,0.001389697310514748
24698.0,0.0,0.056276835501194
24699.0,0.0,0.05607227236032486
24700.0,0.0,0.04041016474366188
24701.0,0.0,0.02663862146437168
24702.0,0.0,0.025873281061649323
24703.0,0.0,0.06220649182796478
24704.0,0.0,0.025873281061649323
24705.0,0.0,0.001469230162911117
24706.0,0.0,0.003060255665332079
24707.0,0.0,0.027234036475419998
24708.0,0.0,0.025383293628692627
24709.0,1.0,0.07083132863044739
24710.0,0.0,0.035130035132169724
24711.0,1.0,0.9936758875846863
24712.0,0.0,0.028024164959788322
24713.0,0.0,0.024590618908405304
24714.0,0.0,0.027234036475419998
24715.0,0.0,0.05983950197696686
24716.0,0.0,0.010245205834507942
24717.0,0.0,0.001449301722459495
24718.0,0.0,0.024906201288104057
24719.0,0.0,0.015878908336162567
24720.0,0.0,0.06124592944979668
24721.0,0.0,0.019770890474319458
24722.0,0.0,0.03458906710147858
24723.0,0.0,0.015856554731726646
24724.0,0.0,0.0015030310023576021
24725.0,0.0,0.04148964211344719
24726.0,0.0,0.016122156754136086
24727.0,0.0,0.01411010418087244
24728.0,0.0,0.024906201288104057
24729.0,0.0,0.02632135897874832
24730.0,0.0,0.026301685720682144
24731.0,0.0,0.014555196277797222
24732.0,0.0,0.0690503939986229
24733.0,0.0,0.061627063900232315
24734.0,0.0,0.02814936637878418
24735.0,0.0,0.026301685720682144
24736.0,1.0,0.02544485405087471
24737.0,0.0,0.02481570467352867
24738.0,0.0,0.055364664644002914
24739.0,0.0,0.0014018514193594456
24740.0,0.0,0.03805461898446083
24741.0,0.0,0.02710825391113758
24742.0,0.0,0.02995872125029564
24743.0,0.0,0.4445684850215912
24744.0,0.0,0.02544485405087471
24745.0,0.0,0.025283005088567734
24746.0,0.0,0.027153557166457176
24747.0,0.0,0.015878908336162567
24748.0,0.0,0.015878908336162567
24749.0,0.0,0.4392189085483551
24750.0,0.0,0.05826232582330704
24751.0,0.0,0.016435613855719566
24752.0,0.0,0.025873281061649323
24753.0,0.0,0.027341853827238083
24754.0,0.0,0.43229568004608154
24755.0,0.0,0.06175331398844719
24756.0,0.0,0.023922305554151535
24757.0,0.0,0.0014260467141866684
24758.0,0.0,0.011769154109060764
24759.0,0.0,0.024555636569857597
24760.0,0.0,0.01574668474495411
24761.0,0.0,0.02525683492422104
24762.0,0.0,0.023730525746941566
24763.0,0.0,0.05682087689638138
24764.0,0.0,0.023636609315872192
24765.0,0.0,0.024906201288104057
24766.0,1.0,0.3431324362754822
24767.0,0.0,0.023887183517217636
24768.0,0.0,0.025545770302414894
24769.0,0.0,0.0013750650687143207
24770.0,0.0,0.029163094237446785
24771.0,0.0,0.02632135897874832
24772.0,0.0,0.022847406566143036
24773.0,0.0,0.04531830549240112
24774.0,0.0,0.039073653519153595
24775.0,0.0,0.016122156754136086
24776.0,0.0,0.025771109387278557
24777.0,0.0,0.03893374651670456
24778.0,0.0,0.025247754529118538
24779.0,0.0,0.01947602443397045
24780.0,0.0,0.034389086067676544
24781.0,0.0,0.024590618908405304
24782.0,0.0,0.05915085971355438
24783.0,0.0,0.023922305554151535
24784.0,0.0,0.02314114384353161
24785.0,1.0,0.02314114384353161
24786.0,0.0,0.014891373924911022
24787.0,0.0,0.01899777166545391
24788.0,0.0,0.017378058284521103
24789.0,0.0,0.024906201288104057
24790.0,1.0,0.4360010325908661
24791.0,0.0,0.01749676652252674
24792.0,0.0,0.02314114384353161
24793.0,0.0,0.024906201288104057
24794.0,0.0,0.02544485405087471
24795.0,1.0,0.024555636569857597
24796.0,0.0,0.02632135897874832
24797.0,0.0,0.02358420193195343
24798.0,0.0,0.44021958112716675
24799.0,0.0,0.026141773909330368
24800.0,0.0,0.02544485405087471
24801.0,0.0,0.016435613855719566
24802.0,0.0,0.05645400658249855
24803.0,0.0,0.0012266056146472692
24804.0,0.0,0.06469675898551941
24805.0,0.0,0.024970166385173798
24806.0,0.0,0.014743927866220474
24807.0,0.0,0.024555636569857597
24808.0,0.0,0.016661789268255234
24809.0,1.0,0.016293639317154884
24810.0,0.0,0.02569483406841755
24811.0,0.0,0.017378058284521103
24812.0,0.0,0.014297300949692726
24813.0,1.0,0.7783935070037842
24814.0,0.0,0.025771109387278557
24815.0,0.0,0.05865982547402382
24816.0,0.0,0.02236247807741165
24817.0,0.0,0.035611413419246674
24818.0,0.0,0.015675872564315796
24819.0,0.0,0.04371431842446327
24820.0,0.0,0.025005033239722252
24821.0,0.0,0.01575755886733532
24822.0,0.0,0.023636609315872192
24823.0,0.0,0.025771109387278557
24824.0,0.0,0.026425663381814957
24825.0,0.0,0.016435613855719566
24826.0,0.0,0.02445853315293789
24827.0,0.0,0.01562632992863655
24828.0,0.0,0.029358668252825737
24829.0,0.0,0.0013121713418513536
24830.0,0.0,0.025245940312743187
24831.0,0.0,0.023887183517217636
24832.0,0.0,0.059325143694877625
24833.0,0.0,0.020184483379125595
24834.0,0.0,0.011426706798374653
24835.0,0.0,0.02481570467352867
24836.0,0.0,0.024590618908405304
24837.0,0.0,0.014243694953620434
24838.0,0.0,0.024717602878808975
24839.0,0.0,0.024871468544006348
24840.0,0.0,0.016435613855719566
24841.0,0.0,0.04189734533429146
24842.0,0.0,0.06344211101531982
24843.0,0.0,0.027234036475419998
24844.0,0.0,0.4626805782318115
24845.0,0.0,0.015878908336162567
24846.0,0.0,0.0014401210937649012
24847.0,0.0,0.02481570467352867
24848.0,0.0,0.014261459931731224
24849.0,0.0,0.05515262857079506
24850.0,0.0,0.03444520756602287
24851.0,0.0,0.02544485405087471
24852.0,0.0,0.025771109387278557
24853.0,1.0,0.4379509687423706
24854.0,0.0,0.02521074190735817
24855.0,0.0,0.0037465007044374943
24856.0,0.0,0.04332609102129936
24857.0,0.0,0.023636609315872192
24858.0,0.0,0.026744144037365913
24859.0,0.0,0.3523220121860504
24860.0,1.0,0.4532330334186554
24861.0,0.0,0.013356479816138744
24862.0,0.0,0.025873281061649323
24863.0,0.0,0.017969094216823578
24864.0,0.0,0.02663862146437168
24865.0,0.0,0.02632135897874832
24866.0,0.0,0.037795647978782654
24867.0,0.0,0.02236247807741165
24868.0,0.0,0.01574668474495411
24869.0,0.0,0.024906201288104057
24870.0,0.0,0.02641528844833374
24871.0,0.0,0.022331207990646362
24872.0,0.0,0.013879301957786083
24873.0,0.0,0.02398207224905491
24874.0,1.0,0.4476095139980316
24875.0,0.0,0.026122327893972397
24876.0,0.0,0.02663702517747879
24877.0,0.0,0.05515262857079506
24878.0,0.0,0.027234036475419998
24879.0,0.0,0.023710720241069794
24880.0,0.0,0.024970166385173798
24881.0,0.0,0.05616211146116257
24882.0,0.0,0.017968246713280678
24883.0,1.0,0.03749186545610428
24884.0,0.0,0.0014412200544029474
24885.0,0.0,0.02663862146437168
24886.0,0.0,0.02481570467352867
24887.0,1.0,0.4392189085483551
24888.0,0.0,0.05795514956116676
24889.0,0.0,0.0663568452000618
24890.0,0.0,0.03859248012304306
24891.0,0.0,0.014743927866220474
24892.0,0.0,0.014958435669541359
24893.0,0.0,0.02314114384353161
24894.0,0.0,0.00159203982912004
24895.0,0.0,0.016435613855719566
24896.0,0.0,0.0014572733780369163
24897.0,0.0,0.06131014972925186
24898.0,0.0,0.024717602878808975
24899.0,0.0,0.025771109387278557
24900.0,0.0,0.015878908336162567
24901.0,0.0,0.025005033239722252
24902.0,0.0,0.06344211101531982
24903.0,0.0,0.024906201288104057
24904.0,1.0,0.6092022061347961
24905.0,0.0,0.025873281061649323
24906.0,0.0,0.014891373924911022
24907.0,1.0,0.025005033239722252
24908.0,0.0,0.0013714581727981567
24909.0,0.0,0.023853830993175507
24910.0,0.0,0.014958435669541359
24911.0,0.0,0.024906201288104057
24912.0,0.0,0.4287012219429016
24913.0,0.0,0.025229530408978462
24914.0,0.0,0.05522727221250534
24915.0,0.0,0.016777299344539642
24916.0,0.0,0.02814936637878418
24917.0,0.0,0.02628469653427601
24918.0,0.0,0.014446447603404522
24919.0,0.0,0.0012283599935472012
24920.0,1.0,0.3513956665992737
24921.0,0.0,0.05621235817670822
24922.0,0.0,0.025873281061649323
24923.0,0.0,0.023887183517217636
24924.0,0.0,0.022678134962916374
24925.0,0.0,0.025873281061649323
24926.0,0.0,0.02314114384353161
24927.0,0.0,0.0012333538616076112
24928.0,0.0,0.043004170060157776
24929.0,0.0,0.01678997464478016
24930.0,0.0,0.029535578563809395
24931.0,0.0,0.02440434880554676
24932.0,0.0,0.022938264533877373
24933.0,0.0,0.03950551897287369
24934.0,0.0,0.02331724390387535
24935.0,0.0,0.05708349123597145
24936.0,0.0,0.023957328870892525
24937.0,0.0,0.02358420193195343
24938.0,0.0,0.025771109387278557
24939.0,0.0,0.028444690629839897
24940.0,0.0,0.027913730591535568
24941.0,0.0,0.05264653265476227
24942.0,0.0,0.023887183517217636
24943.0,0.0,0.054215990006923676
24944.0,0.0,0.016435613855719566
24945.0,0.0,0.014891373924911022
24946.0,0.0,0.016170164570212364
24947.0,0.0,0.046211566776037216
24948.0,0.0,0.023887183517217636
24949.0,0.0,0.05915085971355438
24950.0,0.0,0.058183833956718445
24951.0,0.0,0.016435613855719566
24952.0,1.0,0.6852018237113953
24953.0,1.0,0.014297300949692726
24954.0,0.0,0.024906201288104057
24955.0,0.0,0.024906201288104057
24956.0,0.0,0.023887183517217636
24957.0,0.0,0.026122327893972397
24958.0,0.0,0.01678481325507164
24959.0,0.0,0.41751599311828613
24960.0,0.0,0.06474325805902481
24961.0,0.0,0.0013572274474427104
24962.0,0.0,0.02314114384353161
24963.0,0.0,0.018199829384684563
24964.0,0.0,0.037497278302907944
24965.0,0.0,0.025229530408978462
24966.0,0.0,0.034372683614492416
24967.0,0.0,0.014654906466603279
24968.0,0.0,0.025771109387278557
24969.0,0.0,0.024717602878808975
24970.0,0.0,0.017115140333771706
24971.0,0.0,0.003424345515668392
24972.0,0.0,0.02632135897874832
24973.0,0.0,0.017969094216823578
24974.0,0.0,0.02632135897874832
24975.0,0.0,0.019073618575930595
24976.0,0.0,0.016688881441950798
24977.0,0.0,0.01574668474495411
24978.0,0.0,0.05708349123597145
24979.0,0.0,0.02544485405087471
24980.0,0.0,0.001552709611132741
24981.0,0.0,0.015938570722937584
24982.0,0.0,0.02445853315293789
24983.0,0.0,0.0012720894301310182
24984.0,0.0,0.024970166385173798
24985.0,1.0,0.024906201288104057
24986.0,0.0,0.023636609315872192
24987.0,0.0,0.025771109387278557
24988.0,0.0,0.024906201288104057
24989.0,0.0,0.056853342801332474
24990.0,0.0,0.030163714662194252
24991.0,0.0,0.024717602878808975
24992.0,0.0,0.024906201288104057
24993.0,0.0,0.02660154178738594
24994.0,0.0,0.05774777755141258
24995.0,0.0,0.01899777166545391
24996.0,0.0,0.01678997464478016
24997.0,1.0,0.024717602878808975
24998.0,0.0,0.03838136047124863
24999.0,0.0,0.016994355246424675
25000.0,0.0,0.025514967739582062
25001.0,0.0,0.06175331398844719
25002.0,0.0,0.4532330334186554
25003.0,0.0,0.024871468544006348
25004.0,0.0,0.01830248348414898
25005.0,0.0,0.024906201288104057
25006.0,0.0,0.03263141214847565
25007.0,0.0,0.025771109387278557
25008.0,0.0,0.017336970195174217
25009.0,0.0,0.003244467545300722
25010.0,0.0,0.035611413419246674
25011.0,0.0,0.02544485405087471
25012.0,0.0,0.024717602878808975
25013.0,0.0,0.014743927866220474
25014.0,0.0,0.024871468544006348
25015.0,0.0,0.0033153772819787264
25016.0,0.0,0.025514967739582062
25017.0,0.0,0.026301685720682144
25018.0,0.0,0.017739813774824142
25019.0,0.0,0.023612098768353462
25020.0,0.0,0.059282299131155014
25021.0,1.0,0.4532330334186554
25022.0,0.0,0.00146260648034513
25023.0,0.0,0.025005033239722252
25024.0,0.0,0.014891373924911022
25025.0,0.0,0.003142543137073517
25026.0,0.0,0.4426445960998535
25027.0,0.0,0.044017989188432693
25028.0,1.0,0.027001334354281425
25029.0,0.0,0.015246058814227581
25030.0,0.0,0.025043737143278122
25031.0,0.0,0.004532709252089262
25032.0,1.0,0.02663862146437168
25033.0,0.0,0.024970166385173798
25034.0,0.0,0.4392189085483551
25035.0,0.0,0.02663862146437168
25036.0,0.0,0.02236247807741165
25037.0,0.0,0.043715283274650574
25038.0,0.0,0.025771109387278557
25039.0,0.0,0.03736434131860733
25040.0,1.0,0.4243214428424835
25041.0,0.0,0.024906201288104057
25042.0,0.0,0.0014202744932845235
25043.0,0.0,0.02070019766688347
25044.0,0.0,0.015224582515656948
25045.0,0.0,0.06044430285692215
25046.0,0.0,0.017969094216823578
25047.0,0.0,0.027234036475419998
25048.0,0.0,0.015878908336162567
25049.0,0.0,0.035611413419246674
25050.0,0.0,0.02632135897874832
25051.0,0.0,0.015413998626172543
25052.0,0.0,0.015856554731726646
25053.0,0.0,0.024556316435337067
25054.0,0.0,0.017378058284521103
25055.0,0.0,0.02314114384353161
25056.0,0.0,0.023616880178451538
25057.0,0.0,0.02536497637629509
25058.0,0.0,0.02814936637878418
25059.0,0.0,0.015556056052446365
25060.0,0.0,0.027021421119570732
25061.0,0.0,0.023853830993175507
25062.0,0.0,0.017810726538300514
25063.0,0.0,0.06326238811016083
25064.0,0.0,0.025073513388633728
25065.0,0.0,0.017645586282014847
25066.0,0.0,0.016435613855719566
25067.0,0.0,0.027234036475419998
25068.0,0.0,0.017739813774824142
25069.0,0.0,0.02236247807741165
25070.0,0.0,0.0012999485479667783
25071.0,0.0,0.022047515958547592
25072.0,0.0,0.02632135897874832
25073.0,0.0,0.026744144037365913
25074.0,0.0,0.01587403006851673
25075.0,0.0,0.016293639317154884
25076.0,0.0,0.017336970195174217
25077.0,0.0,0.0012720894301310182
25078.0,0.0,0.02207839861512184
25079.0,0.0,0.022938264533877373
25080.0,0.0,0.33876457810401917
25081.0,0.0,0.02544485405087471
25082.0,0.0,0.0014513740316033363
25083.0,0.0,0.01899777166545391
25084.0,0.0,0.025771403685212135
25085.0,0.0,0.037357721477746964
25086.0,0.0,0.02236247807741165
25087.0,0.0,0.025771109387278557
25088.0,0.0,0.025771109387278557
25089.0,1.0,0.42014530301094055
25090.0,0.0,0.01506237406283617
25091.0,0.0,0.024717602878808975
25092.0,0.0,0.0014202744932845235
25093.0,0.0,0.02526475116610527
25094.0,0.0,0.0015030310023576021
25095.0,0.0,0.026122327893972397
25096.0,0.0,0.06559844315052032
25097.0,1.0,0.4461071491241455
25098.0,0.0,0.015355028212070465
25099.0,0.0,0.027234036475419998
25100.0,0.0,0.016435613855719566
25101.0,0.0,0.010861334390938282
25102.0,0.0,0.02481570467352867
25103.0,0.0,0.32667824625968933
25104.0,0.0,0.017810726538300514
25105.0,0.0,0.016674311831593513
25106.0,0.0,0.024906201288104057
25107.0,0.0,0.05817730352282524
25108.0,0.0,0.022685261443257332
25109.0,0.0,0.025771109387278557
25110.0,1.0,0.4907330572605133
25111.0,0.0,0.03634200617671013
25112.0,0.0,0.024501239880919456
25113.0,0.0,0.02445853315293789
25114.0,0.0,0.024717602878808975
25115.0,0.0,0.02360360138118267
25116.0,1.0,0.05515262857079506
25117.0,1.0,0.43026041984558105
25118.0,0.0,0.0017507810844108462
25119.0,0.0,0.025873281061649323
25120.0,1.0,0.022331207990646362
25121.0,0.0,0.02854803204536438
25122.0,0.0,0.058941278606653214
25123.0,0.0,0.02398207224905491
25124.0,0.0,0.06722301989793777
25125.0,0.0,0.02663862146437168
25126.0,0.0,0.02814936637878418
25127.0,0.0,0.0013462231727316976
25128.0,0.0,0.4454721212387085
25129.0,0.0,0.017969094216823578
25130.0,0.0,0.024717602878808975
25131.0,0.0,0.04117283597588539
25132.0,0.0,0.025005033239722252
25133.0,0.0,0.025810956954956055
25134.0,0.0,0.014891373924911022
25135.0,0.0,0.025005033239722252
25136.0,0.0,0.024717602878808975
25137.0,0.0,0.027234036475419998
25138.0,0.0,0.024906201288104057
25139.0,0.0,0.01830248348414898
25140.0,0.0,0.025771109387278557
25141.0,0.0,0.02323314920067787
25142.0,0.0,0.024906201288104057
25143.0,0.0,0.0013608243316411972
25144.0,0.0,0.02481570467352867
25145.0,0.0,0.017969094216823578
25146.0,0.0,0.06474325805902481
25147.0,0.0,0.017969094216823578
25148.0,0.0,0.02398207224905491
25149.0,0.0,0.04098188504576683
25150.0,0.0,0.02236247807741165
25151.0,0.0,0.02481570467352867
25152.0,0.0,0.05607227236032486
25153.0,0.0,0.02236247807741165
25154.0,0.0,0.023474901914596558
25155.0,0.0,0.024960659444332123
25156.0,1.0,0.059250447899103165
25157.0,0.0,0.035130035132169724
25158.0,0.0,0.039824340492486954
25159.0,0.0,0.053454283624887466
25160.0,0.0,0.024871468544006348
25161.0,0.0,0.02814936637878418
25162.0,0.0,0.026141773909330368
25163.0,1.0,0.039414212107658386
25164.0,0.0,0.015413998626172543
25165.0,0.0,0.024871468544006348
25166.0,0.0,0.03582260385155678
25167.0,0.0,0.029535578563809395
25168.0,0.0,0.025873281061649323
25169.0,1.0,0.4532330334186554
25170.0,0.0,0.02663862146437168
25171.0,0.0,0.015375401824712753
25172.0,0.0,0.0629376545548439
25173.0,0.0,0.025771109387278557
25174.0,0.0,0.025545770302414894
25175.0,0.0,0.03828253597021103
25176.0,0.0,0.0014078195672482252
25177.0,0.0,0.025771109387278557
25178.0,1.0,0.34169960021972656
25179.0,0.0,0.015223466791212559
25180.0,0.0,0.027913730591535568
25181.0,0.0,0.016435613855719566
25182.0,0.0,0.024555636569857597
25183.0,1.0,0.9351710677146912
25184.0,0.0,0.024233181029558182
25185.0,0.0,0.02236247807741165
25186.0,0.0,0.024906201288104057
25187.0,0.0,0.02440434880554676
25188.0,0.0,0.058941278606653214
25189.0,0.0,0.025771109387278557
25190.0,0.0,0.025073513388633728
25191.0,0.0,0.023887183517217636
25192.0,0.0,0.03948604688048363
25193.0,0.0,0.01629883050918579
25194.0,0.0,0.024717602878808975
25195.0,0.0,0.01678997464478016
25196.0,0.0,0.013356479816138744
25197.0,0.0,0.023922305554151535
25198.0,0.0,0.0013770321384072304
25199.0,0.0,0.02651994675397873
25200.0,0.0,0.02236247807741165
25201.0,0.0,0.016435613855719566
25202.0,0.0,0.024231432005763054
25203.0,0.0,0.42969629168510437
25204.0,0.0,0.34842145442962646
25205.0,0.0,0.02797490544617176
25206.0,0.0,0.01629883050918579
25207.0,0.0,0.010713044553995132
25208.0,0.0,0.01614733226597309
25209.0,0.0,0.02314114384353161
25210.0,0.0,0.015938570722937584
25211.0,0.0,0.06139259412884712
25212.0,0.0,0.001305232523009181
25213.0,0.0,0.0013694989029318094
25214.0,0.0,0.016710296273231506
25215.0,0.0,0.0033102568704634905
25216.0,0.0,0.025545770302414894
25217.0,0.0,0.025245940312743187
25218.0,0.0,0.025771109387278557
25219.0,0.0,0.04041016474366188
25220.0,1.0,0.02381543442606926
25221.0,0.0,0.0015415605157613754
25222.0,0.0,0.05085766315460205
25223.0,0.0,0.0013334295945242047
25224.0,0.0,0.024906201288104057
25225.0,0.0,0.030163714662194252
25226.0,0.0,0.016435613855719566
25227.0,0.0,0.025873281061649323
25228.0,1.0,0.42740845680236816
25229.0,0.0,0.015107985585927963
25230.0,0.0,0.024906201288104057
25231.0,0.0,0.030141258612275124
25232.0,0.0,0.023393183946609497
25233.0,0.0,0.02465306594967842
25234.0,1.0,0.4428786039352417
25235.0,0.0,0.0013714581727981567
25236.0,0.0,0.014297300949692726
25237.0,1.0,0.016853002831339836
25238.0,0.0,0.024906201288104057
25239.0,0.0,0.0008494997746311128
25240.0,0.0,0.02236247807741165
25241.0,1.0,0.43061134219169617
25242.0,0.0,0.0014018514193594456
25243.0,0.0,0.030673135071992874
25244.0,0.0,0.016362937167286873
25245.0,0.0,0.025771109387278557
25246.0,0.0,0.01899777166545391
25247.0,0.0,0.024906201288104057
25248.0,0.0,0.05515262857079506
25249.0,0.0,0.0182296484708786
25250.0,0.0,0.05264653265476227
25251.0,0.0,0.025873281061649323
25252.0,0.0,0.022024011239409447
25253.0,0.0,0.02814936637878418
25254.0,0.0,0.015413998626172543
25255.0,1.0,0.06512225419282913
25256.0,0.0,0.43061134219169617
25257.0,0.0,0.02591816894710064
25258.0,0.0,0.027234036475419998
25259.0,0.0,0.02663862146437168
25260.0,0.0,0.02719457447528839
25261.0,0.0,0.025810956954956055
25262.0,0.0,0.022331207990646362
25263.0,0.0,0.0013160249218344688
25264.0,0.0,0.025227047502994537
25265.0,0.0,0.02348615787923336
25266.0,0.0,0.027234036475419998
25267.0,0.0,0.024590618908405304
25268.0,0.0,0.01740630343556404
25269.0,0.0,0.023853830993175507
25270.0,0.0,0.016122156754136086
25271.0,0.0,0.0012720894301310182
25272.0,0.0,0.0392918735742569
25273.0,0.0,0.0013140484225004911
25274.0,0.0,0.02314114384353161
25275.0,0.0,0.34842145442962646
25276.0,0.0,0.025771109387278557
25277.0,0.0,0.02663862146437168
25278.0,0.0,0.037497278302907944
25279.0,0.0,0.032343778759241104
25280.0,0.0,0.017336970195174217
25281.0,0.0,0.05522727221250534
25282.0,0.0,0.0263888631016016
25283.0,0.0,0.023948587477207184
25284.0,0.0,0.023730525746941566
25285.0,0.0,0.016122156754136086
25286.0,0.0,0.017378058284521103
25287.0,0.0,0.025771109387278557
25288.0,0.0,0.028024164959788322
25289.0,1.0,0.024970166385173798
25290.0,0.0,0.0015415605157613754
25291.0,1.0,0.06722301989793777
25292.0,0.0,0.022166267037391663
25293.0,0.0,0.024906201288104057
25294.0,0.0,0.024871468544006348
25295.0,0.0,0.01899777166545391
25296.0,0.0,0.02314114384353161
25297.0,0.0,0.037357721477746964
25298.0,0.0,0.0014078195672482252
25299.0,0.0,0.01464108843356371
25300.0,0.0,0.001390725956298411
25301.0,0.0,0.03759479895234108
25302.0,0.0,0.031219298020005226
25303.0,0.0,0.017969094216823578
25304.0,0.0,0.022135263308882713
25305.0,0.0,0.023887183517217636
25306.0,0.0,0.025771109387278557
25307.0,0.0,0.022847406566143036
25308.0,0.0,0.023636609315872192
25309.0,0.0,0.01086955051869154
25310.0,0.0,0.029848946258425713
25311.0,1.0,0.015916135162115097
25312.0,0.0,0.026141773909330368
25313.0,0.0,0.026405904442071915
25314.0,0.0,0.36442863941192627
25315.0,0.0,0.04214458912611008
25316.0,0.0,0.023721186444163322
25317.0,0.0,0.045390501618385315
25318.0,0.0,0.024970166385173798
25319.0,0.0,0.01575755886733532
25320.0,0.0,0.01618671976029873
25321.0,0.0,0.024906201288104057
25322.0,0.0,0.002434944733977318
25323.0,0.0,0.02814936637878418
25324.0,0.0,0.026122327893972397
25325.0,0.0,0.0013462231727316976
25326.0,0.0,0.016293639317154884
25327.0,0.0,0.4006469249725342
25328.0,0.0,0.0032576294615864754
25329.0,0.0,0.45423975586891174
25330.0,0.0,0.01629883050918579
25331.0,0.0,0.001449301722459495
25332.0,0.0,0.016994355246424675
25333.0,0.0,0.02361888997256756
25334.0,0.0,0.024717602878808975
25335.0,0.0,0.025245940312743187
25336.0,0.0,0.01575755886733532
25337.0,0.0,0.024906201288104057
25338.0,1.0,0.43061134219169617
25339.0,0.0,0.02544485405087471
25340.0,0.0,0.027341853827238083
25341.0,0.0,0.015986574813723564
25342.0,1.0,0.4454721212387085
25343.0,0.0,0.02628469653427601
25344.0,0.0,0.054562490433454514
25345.0,0.0,0.003421159228309989
25346.0,0.0,0.02236247807741165
25347.0,0.0,0.024906201288104057
25348.0,0.0,0.023433061316609383
25349.0,0.0,0.04488798603415489
25350.0,0.0,0.0013608243316411972
25351.0,0.0,0.02544485405087471
25352.0,0.0,0.014870388433337212
25353.0,0.0,0.02544485405087471
25354.0,0.0,0.026744144037365913
25355.0,0.0,0.06375277787446976
25356.0,0.0,0.025771109387278557
25357.0,0.0,0.024906201288104057
25358.0,0.0,0.02314114384353161
25359.0,0.0,0.0014693202683702111
25360.0,0.0,0.025873281061649323
25361.0,0.0,0.002060550730675459
25362.0,0.0,0.014276108704507351
25363.0,0.0,0.030525844544172287
25364.0,0.0,0.025771109387278557
25365.0,0.0,0.05638376995921135
25366.0,0.0,0.05848557502031326
25367.0,0.0,0.06635303795337677
25368.0,0.0,0.017969094216823578
25369.0,0.0,0.02236247807741165
25370.0,0.0,0.013825992122292519
25371.0,0.0,0.024970166385173798
25372.0,0.0,0.060643456876277924
25373.0,1.0,0.05515262857079506
25374.0,0.0,0.05616211146116257
25375.0,0.0,0.017969094216823578
25376.0,0.0,0.011426706798374653
25377.0,0.0,0.015413998626172543
25378.0,0.0,0.05935477837920189
25379.0,0.0,0.05708349123597145
25380.0,0.0,0.016435613855719566
25381.0,0.0,0.015856554731726646
25382.0,0.0,0.01133112795650959
25383.0,0.0,0.025771109387278557
25384.0,0.0,0.0013880213955417275
25385.0,0.0,0.02803678810596466
25386.0,0.0,0.44383561611175537
25387.0,0.0,0.023922305554151535
25388.0,0.0,0.02663862146437168
25389.0,0.0,0.0013160249218344688
25390.0,0.0,0.02824964001774788
25391.0,1.0,0.4392189085483551
25392.0,0.0,0.019073618575930595
25393.0,0.0,0.025771109387278557
25394.0,0.0,0.43026041984558105
25395.0,0.0,0.025005033239722252
25396.0,1.0,0.9706440567970276
25397.0,0.0,0.06006842106580734
25398.0,0.0,0.01521681435406208
25399.0,0.0,0.02628469653427601
25400.0,0.0,0.02544485405087471
25401.0,0.0,0.023474901914596558
25402.0,0.0,0.01678997464478016
25403.0,0.0,0.027234036475419998
25404.0,0.0,0.06512225419282913
25405.0,0.0,0.025913292542099953
25406.0,0.0,0.3464445471763611
25407.0,0.0,0.011593515053391457
25408.0,0.0,0.05812613666057587
25409.0,0.0,0.02544485405087471
25410.0,0.0,0.023636609315872192
25411.0,0.0,0.031205356121063232
25412.0,0.0,0.025771109387278557
25413.0,0.0,0.0031882054172456264
25414.0,0.0,0.02569483406841755
25415.0,0.0,0.02660154178738594
25416.0,0.0,0.02440434880554676
25417.0,0.0,0.06317763030529022
25418.0,0.0,0.026122327893972397
25419.0,0.0,0.04006208851933479
25420.0,0.0,0.016435613855719566
25421.0,1.0,0.41751599311828613
25422.0,0.0,0.02797490544617176
25423.0,0.0,0.026988644152879715
25424.0,0.0,0.061544325202703476
25425.0,0.0,0.0013663552235811949
25426.0,0.0,0.026425663381814957
25427.0,0.0,0.05795514956116676
25428.0,0.0,0.06113040819764137
25429.0,0.0,0.05623804032802582
25430.0,0.0,0.0663568452000618
25431.0,0.0,0.026265054941177368
25432.0,0.0,0.016435613855719566
25433.0,0.0,0.03889988735318184
25434.0,0.0,0.0014401210937649012
25435.0,0.0,0.008419121615588665
25436.0,0.0,0.025073513388633728
25437.0,0.0,0.0015030310023576021
25438.0,0.0,0.05607227236032486
25439.0,0.0,0.0014513740316033363
25440.0,0.0,0.024717602878808975
25441.0,0.0,0.015438084490597248
25442.0,0.0,0.05607227236032486
25443.0,0.0,0.015041153877973557
25444.0,0.0,0.015202022157609463
25445.0,0.0,0.015878908336162567
25446.0,0.0,0.016863718628883362
25447.0,0.0,0.061310164630413055
25448.0,0.0,0.013356479816138744
25449.0,0.0,0.022331207990646362
25450.0,0.0,0.016435613855719566
25451.0,0.0,0.015878908336162567
25452.0,0.0,0.002962704747915268
25453.0,0.0,0.0179430041462183
25454.0,0.0,0.3513956665992737
25455.0,0.0,0.027234036475419998
25456.0,0.0,0.015856554731726646
25457.0,0.0,0.0179496668279171
25458.0,0.0,0.015413998626172543
25459.0,0.0,0.0660143569111824
25460.0,0.0,0.06139259412884712
25461.0,1.0,0.43125638365745544
25462.0,0.0,0.017739813774824142
25463.0,0.0,0.0015115386340767145
25464.0,0.0,0.024906201288104057
25465.0,0.0,0.024590618908405304
25466.0,0.0,0.015878908336162567
25467.0,0.0,0.06344211101531982
25468.0,0.0,0.0014401210937649012
25469.0,0.0,0.4532330334186554
25470.0,0.0,0.0014260467141866684
25471.0,1.0,0.4205317497253418
25472.0,0.0,0.014743927866220474
25473.0,0.0,0.016595402732491493
25474.0,0.0,0.016627386212348938
25475.0,0.0,0.016225576400756836
25476.0,0.0,0.024906201288104057
25477.0,0.0,0.025771109387278557
25478.0,0.0,0.022331207990646362
25479.0,0.0,0.017969094216823578
25480.0,0.0,0.015803491696715355
25481.0,0.0,0.02632135897874832
25482.0,0.0,0.01707693375647068
25483.0,0.0,0.02641528844833374
25484.0,0.0,0.02445853315293789
25485.0,0.0,0.02445853315293789
25486.0,0.0,0.025005033239722252
25487.0,0.0,0.0013663552235811949
25488.0,0.0,0.024906201288104057
25489.0,0.0,0.030025148764252663
25490.0,0.0,0.023948587477207184
25491.0,0.0,0.025771109387278557
25492.0,0.0,0.0016658073291182518
25493.0,0.0,0.011279945261776447
25494.0,0.0,0.02360360138118267
25495.0,0.0,0.024906201288104057
25496.0,0.0,0.02481570467352867
25497.0,0.0,0.011111723259091377
25498.0,0.0,0.014243694953620434
25499.0,0.0,0.026122327893972397
25500.0,0.0,0.025771109387278557
25501.0,0.0,0.01704694889485836
25502.0,0.0,0.0014202744932845235
25503.0,0.0,0.026122327893972397
25504.0,0.0,0.05817730352282524
25505.0,0.0,0.43026041984558105
25506.0,0.0,0.023474901914596558
25507.0,0.0,0.023887183517217636
25508.0,0.0,0.01899777166545391
25509.0,0.0,0.023730525746941566
25510.0,0.0,0.059325143694877625
25511.0,0.0,0.003244467545300722
25512.0,0.0,0.013531945645809174
25513.0,0.0,0.025771109387278557
25514.0,0.0,0.024017333984375
25515.0,0.0,0.02608109824359417
25516.0,0.0,0.05541306734085083
25517.0,0.0,0.016122156754136086
25518.0,0.0,0.003244467545300722
25519.0,0.0,0.024717602878808975
25520.0,0.0,0.05826232582330704
25521.0,0.0,0.02814936637878418
25522.0,0.0,0.022451452910900116
25523.0,0.0,0.02632135897874832
25524.0,0.0,0.024944746866822243
25525.0,0.0,0.02608109824359417
25526.0,0.0,0.02314114384353161
25527.0,0.0,0.028621075674891472
25528.0,0.0,0.023948587477207184
25529.0,0.0,0.025227047502994537
25530.0,0.0,0.01867402344942093
25531.0,0.0,0.003526357701048255
25532.0,0.0,0.0014566865283995867
25533.0,0.0,0.06064234673976898
25534.0,0.0,0.06175331398844719
25535.0,0.0,0.04439222067594528
25536.0,0.0,0.017739813774824142
25537.0,1.0,0.4476095139980316
25538.0,0.0,0.02628469653427601
25539.0,0.0,0.024906201288104057
25540.0,0.0,0.02314114384353161
25541.0,1.0,0.43402186036109924
25542.0,0.0,0.024906201288104057
25543.0,0.0,0.025771109387278557
25544.0,0.0,0.015246058814227581
25545.0,0.0,0.017008891329169273
25546.0,0.0,0.035886865109205246
25547.0,0.0,0.02532961592078209
25548.0,0.0,0.017739813774824142
25549.0,0.0,0.02660154178738594
25550.0,0.0,0.015878908336162567
25551.0,0.0,0.014555196277797222
25552.0,0.0,0.015903720632195473
25553.0,0.0,0.027021421119570732
25554.0,0.0,0.018040908500552177
25555.0,0.0,0.06635303795337677
25556.0,0.0,0.0013714581727981567
25557.0,0.0,0.017969094216823578
25558.0,0.0,0.010836593806743622
25559.0,0.0,0.014700775034725666
25560.0,0.0,0.025771109387278557
25561.0,0.0,0.02440434880554676
25562.0,0.0,0.015413998626172543
25563.0,0.0,0.024871468544006348
25564.0,0.0,0.02632135897874832
25565.0,0.0,0.017969094216823578
25566.0,0.0,0.003988283686339855
25567.0,0.0,0.024906201288104057
25568.0,0.0,0.015878908336162567
25569.0,0.0,0.024717602878808975
25570.0,0.0,0.02358420193195343
25571.0,0.0,0.02544485405087471
25572.0,1.0,0.018040908500552177
25573.0,0.0,0.025545770302414894
25574.0,0.0,0.014621013775467873
25575.0,0.0,0.023922305554151535
25576.0,0.0,0.0036234513390809298
25577.0,0.0,0.025771109387278557
25578.0,0.0,0.0013714581727981567
25579.0,0.0,0.025771109387278557
25580.0,0.0,0.02663702517747879
25581.0,0.0,0.054215990006923676
25582.0,0.0,0.05817730352282524
25583.0,0.0,0.02352619729936123
25584.0,0.0,0.016435613855719566
25585.0,0.0,0.01899777166545391
25586.0,0.0,0.025545770302414894
25587.0,0.0,0.024906201288104057
25588.0,0.0,0.0013770321384072304
25589.0,0.0,0.05817730352282524
25590.0,0.0,0.0031268694438040257
25591.0,0.0,0.022451452910900116
25592.0,0.0,0.011426706798374653
25593.0,0.0,0.0182296484708786
25594.0,0.0,0.025873281061649323
25595.0,0.0,0.025545770302414894
25596.0,0.0,0.02544485405087471
25597.0,0.0,0.016811517998576164
25598.0,0.0,0.015246058814227581
25599.0,0.0,0.025873281061649323
25600.0,0.0,0.04041016474366188
25601.0,0.0,0.02995872125029564
25602.0,0.0,0.025771109387278557
25603.0,0.0,0.2373291254043579
25604.0,0.0,0.024556316435337067
25605.0,0.0,0.0012720894301310182
25606.0,0.0,0.056211650371551514
25607.0,1.0,0.4443788528442383
25608.0,0.0,0.06353750824928284
25609.0,0.0,0.04309716820716858
25610.0,0.0,0.02440434880554676
25611.0,0.0,0.010245205834507942
25612.0,0.0,0.017008891329169273
25613.0,0.0,0.025873281061649323
25614.0,0.0,0.01899777166545391
25615.0,0.0,0.027021421119570732
25616.0,0.0,0.0013694989029318094
25617.0,0.0,0.02663862146437168
25618.0,0.0,0.010836593806743622
25619.0,0.0,0.0033689364790916443
25620.0,0.0,0.037497278302907944
25621.0,0.0,0.06344211101531982
25622.0,0.0,0.014743927866220474
25623.0,1.0,0.4122503101825714
25624.0,0.0,0.02641528844833374
25625.0,0.0,0.02440434880554676
25626.0,0.0,0.02314114384353161
25627.0,1.0,0.4287012219429016
25628.0,0.0,0.02544485405087471
25629.0,0.0,0.02663862146437168
25630.0,0.0,0.02445853315293789
25631.0,0.0,0.025771109387278557
25632.0,0.0,0.025346089154481888
25633.0,0.0,0.024906201288104057
25634.0,0.0,0.02544485405087471
25635.0,0.0,0.025771109387278557
25636.0,0.0,0.018040908500552177
25637.0,0.0,0.024906201288104057
25638.0,0.0,0.024970166385173798
25639.0,0.0,0.06021404266357422
25640.0,1.0,0.03012186661362648
25641.0,0.0,0.024906201288104057
25642.0,0.0,0.027234036475419998
25643.0,0.0,0.05812613666057587
25644.0,0.0,0.01521681435406208
25645.0,0.0,0.01704694889485836
25646.0,0.0,0.02803678810596466
25647.0,0.0,0.026425663381814957
25648.0,0.0,0.025771109387278557
25649.0,1.0,0.8426807522773743
25650.0,0.0,0.027341853827238083
25651.0,0.0,0.025873281061649323
25652.0,0.0,0.025583310052752495
25653.0,0.0,0.025771109387278557
25654.0,0.0,0.002974727191030979
25655.0,0.0,0.025283005088567734
25656.0,0.0,0.0012333538616076112
25657.0,0.0,0.0413430780172348
25658.0,0.0,0.010575352236628532
25659.0,0.0,0.025873281061649323
25660.0,0.0,0.025283005088567734
25661.0,0.0,0.04371431842446327
25662.0,0.0,0.026122327893972397
25663.0,0.0,0.0013140484225004911
25664.0,0.0,0.03893374651670456
25665.0,0.0,0.026913220062851906
25666.0,0.0,0.02440434880554676
25667.0,0.0,0.05795514956116676
25668.0,0.0,0.025873281061649323
25669.0,0.0,0.01899777166545391
25670.0,0.0,0.055203672498464584
25671.0,0.0,0.024906201288104057
25672.0,0.0,0.038809921592473984
25673.0,0.0,0.027234036475419998
25674.0,0.0,0.04081599414348602
25675.0,0.0,0.022331207990646362
25676.0,0.0,0.027234036475419998
25677.0,0.0,0.025873281061649323
25678.0,0.0,0.024556316435337067
25679.0,0.0,0.0014202744932845235
25680.0,0.0,0.05638376995921135
25681.0,0.0,0.05525955930352211
25682.0,0.0,0.02481570467352867
25683.0,0.0,0.04041016474366188
25684.0,0.0,0.02663862146437168
25685.0,0.0,0.06615528464317322
25686.0,1.0,0.47901514172554016
25687.0,0.0,0.025771109387278557
25688.0,0.0,0.00197716080583632
25689.0,0.0,0.023474901914596558
25690.0,0.0,0.010245205834507942
25691.0,0.0,0.02331252209842205
25692.0,0.0,0.027341853827238083
25693.0,0.0,0.0631110668182373
25694.0,0.0,0.001390725956298411
25695.0,0.0,0.014621013775467873
25696.0,1.0,0.025771109387278557
25697.0,0.0,0.0014513740316033363
25698.0,0.0,0.023888908326625824
25699.0,0.0,0.03024076670408249
25700.0,0.0,0.318710595369339
25701.0,0.0,0.0014459739904850721
25702.0,0.0,0.42113515734672546
25703.0,1.0,0.4122503101825714
25704.0,0.0,0.024906201288104057
25705.0,0.0,0.02749258652329445
25706.0,0.0,0.02398207224905491
25707.0,0.0,0.024433191865682602
25708.0,0.0,0.02236247807741165
25709.0,1.0,0.07656662911176682
25710.0,0.0,0.4392189085483551
25711.0,0.0,0.016766361892223358
25712.0,0.0,0.028332654386758804
25713.0,0.0,0.024717602878808975
25714.0,0.0,0.02323314920067787
25715.0,0.0,0.02544485405087471
25716.0,0.0,0.02314114384353161
25717.0,0.0,0.026744144037365913
25718.0,0.0,0.026301685720682144
25719.0,0.0,0.024555636569857597
25720.0,0.0,0.016688881441950798
25721.0,0.0,0.025771109387278557
25722.0,0.0,0.010952994227409363
25723.0,1.0,0.44021958112716675
25724.0,0.0,0.039917442947626114
25725.0,0.0,0.02663862146437168
25726.0,0.0,0.026913220062851906
25727.0,0.0,0.04041016474366188
25728.0,0.0,0.026425663381814957
25729.0,0.0,0.05795514956116676
25730.0,0.0,0.02803678810596466
25731.0,0.0,0.02361888997256756
25732.0,0.0,0.0014202744932845235
25733.0,0.0,0.019502442330121994
25734.0,0.0,0.017336970195174217
25735.0,0.0,0.025771109387278557
25736.0,0.0,0.01722889207303524
25737.0,0.0,0.022847406566143036
25738.0,0.0,0.01635638438165188
25739.0,0.0,0.02440434880554676
25740.0,0.0,0.018421942368149757
25741.0,0.0,0.02544485405087471
25742.0,0.0,0.02236247807741165
25743.0,0.0,0.019073618575930595
25744.0,0.0,0.024871468544006348
25745.0,0.0,0.024717602878808975
25746.0,0.0,0.0015653333393856883
25747.0,0.0,0.028332654386758804
25748.0,0.0,0.0008444725535809994
25749.0,0.0,0.02632135897874832
25750.0,0.0,0.06661251932382584
25751.0,0.0,0.01678997464478016
25752.0,0.0,0.42969629168510437
25753.0,0.0,0.02440434880554676
25754.0,0.0,0.01574668474495411
25755.0,0.0,0.02826070226728916
25756.0,0.0,0.0015415605157613754
25757.0,0.0,0.026301685720682144
25758.0,0.0,0.024906201288104057
25759.0,0.0,0.022166267037391663
25760.0,0.0,0.025229530408978462
25761.0,0.0,0.06113040819764137
25762.0,0.0,0.024906201288104057
25763.0,0.0,0.06689666211605072
25764.0,0.0,0.0033322018571197987
25765.0,0.0,0.027234036475419998
25766.0,0.0,0.017378058284521103
25767.0,0.0,0.024590618908405304
25768.0,0.0,0.024906201288104057
25769.0,0.0,0.01886281929910183
25770.0,0.0,0.025771109387278557
25771.0,0.0,0.017378058284521103
25772.0,0.0,0.023948587477207184
25773.0,0.0,0.015675872564315796
25774.0,0.0,0.03012186661362648
25775.0,0.0,0.016409974545240402
25776.0,0.0,0.01793619990348816
25777.0,0.0,0.02314114384353161
25778.0,0.0,0.05550582706928253
25779.0,0.0,0.016661789268255234
25780.0,0.0,0.01722889207303524
25781.0,0.0,0.02632135897874832
25782.0,0.0,0.4637874364852905
25783.0,0.0,0.023636609315872192
25784.0,0.0,0.019073618575930595
25785.0,0.0,0.06397228688001633
25786.0,0.0,0.025771109387278557
25787.0,0.0,0.024960659444332123
25788.0,0.0,0.003776904195547104
25789.0,0.0,0.02526475116610527
25790.0,0.0,0.025873281061649323
25791.0,0.0,0.4205121099948883
25792.0,0.0,0.024590618908405304
25793.0,0.0,0.06175331398844719
25794.0,0.0,0.05935477837920189
25795.0,0.0,0.42113515734672546
25796.0,0.0,0.03012186661362648
25797.0,1.0,0.43061134219169617
25798.0,1.0,0.023721186444163322
25799.0,0.0,0.05237181484699249
25800.0,0.0,0.025771109387278557
25801.0,0.0,0.0014731851406395435
25802.0,0.0,0.054758843034505844
25803.0,0.0,0.06021404266357422
25804.0,0.0,0.014621013775467873
25805.0,0.0,0.0013591691385954618
25806.0,0.0,0.030270930379629135
25807.0,0.0,0.027234036475419998
25808.0,1.0,0.9783385992050171
25809.0,0.0,0.02398207224905491
25810.0,0.0,0.04602406173944473
25811.0,0.0,0.015856554731726646
25812.0,0.0,0.0008072012569755316
25813.0,0.0,0.015345773659646511
25814.0,0.0,0.022331207990646362
25815.0,0.0,0.024906201288104057
25816.0,0.0,0.02481570467352867
25817.0,0.0,0.025771109387278557
25818.0,0.0,0.0016565273981541395
25819.0,0.0,0.031205356121063232
25820.0,0.0,0.023956775665283203
25821.0,0.0,0.030163714662194252
25822.0,0.0,0.027001334354281425
25823.0,1.0,0.9928512573242188
25824.0,0.0,0.05599655583500862
25825.0,0.0,0.026258056983351707
25826.0,0.0,0.024717602878808975
25827.0,0.0,0.015041153877973557
25828.0,0.0,0.02624538727104664
25829.0,0.0,0.04300350323319435
25830.0,0.0,0.017255766317248344
25831.0,0.0,0.04043019190430641
25832.0,0.0,0.025945642963051796
25833.0,0.0,0.016661789268255234
25834.0,0.0,0.024871468544006348
25835.0,0.0,0.04125974327325821
25836.0,0.0,0.0016337033594027162
25837.0,0.0,0.0013516949256882071
25838.0,0.0,0.0016544059617444873
25839.0,0.0,0.0013714581727981567
25840.0,1.0,0.025771109387278557
25841.0,0.0,0.02663862146437168
25842.0,0.0,0.015413998626172543
25843.0,0.0,0.025771109387278557
25844.0,0.0,0.014114202931523323
25845.0,0.0,0.02591816894710064
25846.0,0.0,0.016435613855719566
25847.0,0.0,0.027234036475419998
25848.0,0.0,0.0012464794563129544
25849.0,0.0,0.02663862146437168
25850.0,0.0,0.0014693202683702111
25851.0,0.0,0.01629883050918579
25852.0,0.0,0.025771109387278557
25853.0,0.0,0.015280703082680702
25854.0,0.0,0.02632135897874832
25855.0,0.0,0.02628469653427601
25856.0,0.0,0.0013663552235811949
25857.0,0.0,0.027341853827238083
25858.0,0.0,0.02314114384353161
25859.0,0.0,0.025616150349378586
25860.0,0.0,0.0012999485479667783
25861.0,0.0,0.015878908336162567
25862.0,0.0,0.01629883050918579
25863.0,0.0,0.05812613666057587
25864.0,0.0,0.05708349123597145
25865.0,0.0,0.014223608188331127
25866.0,0.0,0.01575755886733532
25867.0,0.0,0.024970166385173798
25868.0,0.0,0.43061134219169617
25869.0,0.0,0.014114202931523323
25870.0,0.0,0.022938264533877373
25871.0,0.0,0.4476095139980316
25872.0,1.0,0.43439170718193054
25873.0,0.0,0.014243694953620434
25874.0,0.0,0.0012555853463709354
25875.0,0.0,0.014243694953620434
25876.0,0.0,0.016225576400756836
25877.0,0.0,0.023636609315872192
25878.0,0.0,0.017336970195174217
25879.0,0.0,0.022938264533877373
25880.0,0.0,0.04360417649149895
25881.0,0.0,0.027234036475419998
25882.0,0.0,0.01575755886733532
25883.0,0.0,0.02544485405087471
25884.0,0.0,0.016852442175149918
25885.0,0.0,0.027341853827238083
25886.0,0.0,0.023730525746941566
25887.0,0.0,0.024717602878808975
25888.0,0.0,0.023887183517217636
25889.0,0.0,0.01571263000369072
25890.0,0.0,0.025771109387278557
25891.0,0.0,0.023721186444163322
25892.0,0.0,0.02814936637878418
25893.0,0.0,0.025771109387278557
25894.0,0.0,0.017658833414316177
25895.0,0.0,0.016435613855719566
25896.0,0.0,0.02236247807741165
25897.0,0.0,0.024017333984375
25898.0,0.0,0.02323314920067787
25899.0,0.0,0.026122327893972397
25900.0,0.0,0.05522727221250534
25901.0,0.0,0.0014502613339573145
25902.0,1.0,0.4316074550151825
25903.0,0.0,0.017968246713280678
25904.0,0.0,0.02481570467352867
25905.0,0.0,0.01575755886733532
25906.0,0.0,0.014743927866220474
25907.0,0.0,0.02814936637878418
25908.0,0.0,0.05812613666057587
25909.0,0.0,0.0012283599935472012
25910.0,0.0,0.036940768361091614
25911.0,0.0,0.02440434880554676
25912.0,0.0,0.05190913751721382
25913.0,0.0,0.026481470093131065
25914.0,0.0,0.03969156742095947
25915.0,0.0,0.06302212178707123
25916.0,0.0,0.42014530301094055
25917.0,0.0,0.019746338948607445
25918.0,0.0,0.015413998626172543
25919.0,1.0,0.35474446415901184
25920.0,0.0,0.0013916846364736557
25921.0,0.0,0.02207839861512184
25922.0,0.0,0.02314114384353161
25923.0,0.0,0.025873281061649323
25924.0,0.0,0.02220160886645317
25925.0,0.0,0.024906201288104057
25926.0,0.0,0.02632135897874832
25927.0,0.0,0.02663862146437168
25928.0,0.0,0.01451901812106371
25929.0,0.0,0.0378306545317173
25930.0,0.0,0.058760810643434525
25931.0,0.0,0.023887183517217636
25932.0,1.0,0.3513956665992737
25933.0,0.0,0.026744144037365913
25934.0,0.0,0.025771109387278557
25935.0,1.0,0.4316074550151825
25936.0,0.0,0.02207839861512184
25937.0,0.0,0.02314114384353161
25938.0,0.0,0.04158467799425125
25939.0,0.0,0.03624822944402695
25940.0,0.0,0.058760810643434525
25941.0,0.0,0.02481570467352867
25942.0,0.0,0.0014018514193594456
25943.0,0.0,0.001392714912071824
25944.0,0.0,0.02826070226728916
25945.0,0.0,0.024017333984375
25946.0,0.0,0.025245940312743187
25947.0,0.0,0.024327654391527176
25948.0,0.0,0.015878908336162567
25949.0,0.0,0.023887183517217636
25950.0,0.0,0.02481570467352867
25951.0,0.0,0.024871468544006348
25952.0,0.0,0.02440434880554676
25953.0,0.0,0.02314114384353161
25954.0,0.0,0.024906201288104057
25955.0,0.0,0.027234036475419998
25956.0,0.0,0.024327654391527176
25957.0,0.0,0.01629883050918579
25958.0,0.0,0.014588294550776482
25959.0,0.0,0.024590618908405304
25960.0,0.0,0.024906201288104057
25961.0,0.0,0.02314114384353161
25962.0,0.0,0.03415052965283394
25963.0,0.0,0.024717602878808975
25964.0,0.0,0.026122327893972397
25965.0,0.0,0.43704754114151
25966.0,0.0,0.025229530408978462
25967.0,0.0,0.0013431700645014644
25968.0,0.0,0.06536997854709625
25969.0,0.0,0.02526475116610527
25970.0,0.0,0.0014135412639006972
25971.0,1.0,0.9964537620544434
25972.0,0.0,0.01618671976029873
25973.0,0.0,0.06021404266357422
25974.0,0.0,0.025245940312743187
25975.0,0.0,0.057168908417224884
25976.0,0.0,0.05538422241806984
25977.0,0.0,0.025771109387278557
25978.0,0.0,0.025005033239722252
25979.0,0.0,0.054672449827194214
25980.0,0.0,0.02481570467352867
25981.0,0.0,0.02632135897874832
25982.0,0.0,0.025771109387278557
25983.0,0.0,0.01158476434648037
25984.0,0.0,0.0012555853463709354
25985.0,0.0,0.0013140484225004911
25986.0,0.0,0.0014693202683702111
25987.0,0.0,0.02323314920067787
25988.0,0.0,0.016994355246424675
25989.0,0.0,0.02800784446299076
25990.0,0.0,0.025771109387278557
25991.0,0.0,0.017969094216823578
25992.0,0.0,0.015277317725121975
25993.0,0.0,0.024906201288104057
25994.0,0.0,0.0013536671176552773
25995.0,0.0,0.024717602878808975
25996.0,0.0,0.4476095139980316
25997.0,0.0,0.0013714581727981567
25998.0,0.0,0.0014412200544029474
25999.0,0.0,0.027001334354281425
26000.0,0.0,0.02314114384353161
26001.0,0.0,0.025873281061649323
26002.0,0.0,0.02398207224905491
26003.0,0.0,0.0014202744932845235
26004.0,0.0,0.025771109387278557
26005.0,0.0,0.029535578563809395
26006.0,0.0,0.04019296169281006
26007.0,0.0,0.05468479543924332
26008.0,0.0,0.026122327893972397
26009.0,0.0,0.0019636359065771103
26010.0,0.0,0.018330127000808716
26011.0,0.0,0.024501239880919456
26012.0,0.0,0.02236247807741165
26013.0,0.0,0.016122156754136086
26014.0,0.0,0.044396501034498215
26015.0,0.0,0.025005033239722252
26016.0,1.0,0.012085461057722569
26017.0,0.0,0.02440434880554676
26018.0,0.0,0.01899777166545391
26019.0,0.0,0.015856554731726646
26020.0,0.0,0.05893402174115181
26021.0,0.0,0.06474325805902481
26022.0,0.0,0.017969094216823578
26023.0,0.0,0.025229530408978462
26024.0,0.0,0.03859657794237137
26025.0,0.0,0.024590618908405304
26026.0,0.0,0.024717602878808975
26027.0,0.0,0.025771109387278557
26028.0,0.0,0.0682423859834671
26029.0,0.0,0.022532787173986435
26030.0,0.0,0.014223608188331127
26031.0,0.0,0.014743927866220474
26032.0,0.0,0.0014202744932845235
26033.0,0.0,0.025771109387278557
26034.0,0.0,0.035611413419246674
26035.0,0.0,0.02061801590025425
26036.0,1.0,0.3523220121860504
26037.0,0.0,0.04152005538344383
26038.0,0.0,0.02440434880554676
26039.0,0.0,0.024871468544006348
26040.0,0.0,0.024906201288104057
26041.0,0.0,0.07675280421972275
26042.0,0.0,0.023636609315872192
26043.0,0.0,0.04239417985081673
26044.0,0.0,0.04322633892297745
26045.0,0.0,0.02481570467352867
26046.0,0.0,0.01562632992863655
26047.0,0.0,0.017997104674577713
26048.0,0.0,0.02826070226728916
26049.0,0.0,0.4287012219429016
26050.0,0.0,0.022613143548369408
26051.0,0.0,0.05730250105261803
26052.0,0.0,0.025771109387278557
26053.0,0.0,0.04041016474366188
26054.0,0.0,0.02663862146437168
26055.0,0.0,0.04243891313672066
26056.0,0.0,0.025005033239722252
26057.0,0.0,0.023887183517217636
26058.0,0.0,0.0263888631016016
26059.0,0.0,0.0014202744932845235
26060.0,0.0,0.027001334354281425
26061.0,0.0,0.02314114384353161
26062.0,0.0,0.0015138117596507072
26063.0,0.0,0.02526475116610527
26064.0,0.0,0.4370000660419464
26065.0,0.0,0.022047515958547592
26066.0,0.0,0.025771109387278557
26067.0,0.0,0.059674497693777084
26068.0,0.0,0.025771109387278557
26069.0,1.0,0.017739813774824142
26070.0,0.0,0.02314114384353161
26071.0,0.0,0.41323480010032654
26072.0,0.0,0.025771109387278557
26073.0,0.0,0.05438477545976639
26074.0,0.0,0.0014078195672482252
26075.0,0.0,0.06518476456403732
26076.0,0.0,0.02179497294127941
26077.0,0.0,0.026301685720682144
26078.0,0.0,0.012085461057722569
26079.0,0.0,0.02663862146437168
26080.0,0.0,0.025771109387278557
26081.0,0.0,0.034694552421569824
26082.0,0.0,0.016994355246424675
26083.0,0.0,0.014870388433337212
26084.0,0.0,0.025873281061649323
26085.0,0.0,0.037267234176397324
26086.0,0.0,0.022331207990646362
26087.0,0.0,0.024906201288104057
26088.0,0.0,0.0013608243316411972
26089.0,0.0,0.027234036475419998
26090.0,0.0,0.025771109387278557
26091.0,0.0,0.01722889207303524
26092.0,0.0,0.015223466791212559
26093.0,0.0,0.02445853315293789
26094.0,0.0,0.4455717206001282
26095.0,0.0,0.02481570467352867
26096.0,0.0,0.014093264937400818
26097.0,0.0,0.01722889207303524
26098.0,0.0,0.024906201288104057
26099.0,0.0,0.02314114384353161
26100.0,0.0,0.024871468544006348
26101.0,0.0,0.001302272197790444
26102.0,1.0,0.40344616770744324
26103.0,0.0,0.025873281061649323
26104.0,0.0,0.03416700288653374
26105.0,0.0,0.03980978950858116
26106.0,0.0,0.022451452910900116
26107.0,0.0,0.013356479816138744
26108.0,0.0,0.017969094216823578
26109.0,0.0,0.0031689931638538837
26110.0,0.0,0.03880128636956215
26111.0,0.0,0.030530719086527824
26112.0,0.0,0.015413998626172543
26113.0,0.0,0.0013608243316411972
26114.0,1.0,0.36442863941192627
26115.0,0.0,0.010417526587843895
26116.0,0.0,0.02544485405087471
26117.0,0.0,0.017378058284521103
26118.0,0.0,0.0597548745572567
26119.0,0.0,0.024906201288104057
26120.0,0.0,0.028221415355801582
26121.0,0.0,0.017968246713280678
26122.0,0.0,0.03749186545610428
26123.0,0.0,0.02398207224905491
26124.0,0.0,0.017739813774824142
26125.0,0.0,0.024717602878808975
26126.0,1.0,0.3513956665992737
26127.0,0.0,0.02632135897874832
26128.0,0.0,0.06021404266357422
26129.0,0.0,0.01562632992863655
26130.0,0.0,0.01521681435406208
26131.0,0.0,0.025771109387278557
26132.0,0.0,0.027234036475419998
26133.0,0.0,0.017008891329169273
26134.0,0.0,0.0014693202683702111
26135.0,0.0,0.0015030310023576021
26136.0,0.0,0.023636609315872192
26137.0,0.0,0.024906201288104057
26138.0,0.0,0.02314114384353161
26139.0,0.0,0.025283005088567734
26140.0,0.0,0.06574150919914246
26141.0,0.0,0.4037907123565674
26142.0,0.0,0.025550583377480507
26143.0,0.0,0.02419760823249817
26144.0,0.0,0.44021958112716675
26145.0,0.0,0.025245940312743187
26146.0,0.0,0.023922305554151535
26147.0,0.0,0.024906201288104057
26148.0,1.0,0.41323480010032654
26149.0,0.0,0.04531830549240112
26150.0,0.0,0.025873281061649323
26151.0,0.0,0.017969094216823578
26152.0,0.0,0.024906201288104057
26153.0,0.0,0.016622358933091164
26154.0,0.0,0.06139259412884712
26155.0,0.0,0.03865547105669975
26156.0,0.0,0.016994355246424675
26157.0,0.0,0.02663862146437168
26158.0,0.0,0.0014202744932845235
26159.0,0.0,0.018040908500552177
26160.0,0.0,0.003839910728856921
26161.0,0.0,0.013337628915905952
26162.0,0.0,0.025245940312743187
26163.0,0.0,0.024906201288104057
26164.0,0.0,0.05447521060705185
26165.0,0.0,0.027913730591535568
26166.0,0.0,0.0013140484225004911
26167.0,1.0,0.9938108325004578
26168.0,1.0,0.017336970195174217
26169.0,0.0,0.015223466791212559
26170.0,0.0,0.031205356121063232
26171.0,0.0,0.4392189085483551
26172.0,0.0,0.01685047335922718
26173.0,0.0,0.0013663552235811949
26174.0,1.0,0.023636609315872192
26175.0,0.0,0.018040908500552177
26176.0,0.0,0.06344211101531982
26177.0,0.0,0.025651903823018074
26178.0,0.0,0.018040908500552177
26179.0,0.0,0.024590618908405304
26180.0,1.0,0.42014530301094055
26181.0,0.0,0.024717602878808975
26182.0,0.0,0.06689666211605072
26183.0,0.0,0.02526475116610527
26184.0,0.0,0.029535578563809395
26185.0,0.0,0.05421041324734688
26186.0,0.0,0.0013714581727981567
26187.0,0.0,0.022397181019186974
26188.0,0.0,0.0014412200544029474
26189.0,0.0,0.0014202744932845235
26190.0,0.0,0.01646127924323082
26191.0,0.0,0.025771109387278557
26192.0,0.0,0.01704694889485836
26193.0,0.0,0.02641528844833374
26194.0,0.0,0.0262258630245924
26195.0,0.0,0.02632135897874832
26196.0,0.0,0.0014260467141866684
26197.0,0.0,0.05237181484699249
26198.0,0.0,0.024906201288104057
26199.0,1.0,0.8057058453559875
26200.0,0.0,0.025771109387278557
26201.0,0.0,0.0715455412864685
26202.0,0.0,0.03634200617671013
26203.0,0.0,0.016936318948864937
26204.0,0.0,0.018330127000808716
26205.0,0.0,0.027418190613389015
26206.0,0.0,0.015878908336162567
26207.0,0.0,0.0012333538616076112
26208.0,0.0,0.029278311878442764
26209.0,0.0,0.02561723254621029
26210.0,0.0,0.05975974351167679
26211.0,0.0,0.02236247807741165
26212.0,0.0,0.0627526342868805
26213.0,0.0,0.025771109387278557
26214.0,0.0,0.0014202744932845235
26215.0,0.0,0.02314114384353161
26216.0,0.0,0.02339089661836624
26217.0,0.0,0.02395937219262123
26218.0,0.0,0.017969094216823578
26219.0,0.0,0.0014401210937649012
26220.0,0.0,0.02826070226728916
26221.0,0.0,0.024590618908405304
26222.0,0.0,0.02364484779536724
26223.0,0.0,0.019073618575930595
26224.0,0.0,0.0246882326900959
26225.0,0.0,0.02663862146437168
26226.0,0.0,0.017969094216823578
26227.0,0.0,0.0014513740316033363
26228.0,0.0,0.07356683909893036
26229.0,0.0,0.02236247807741165
26230.0,0.0,0.025771109387278557
26231.0,0.0,0.022331207990646362
26232.0,0.0,0.01830248348414898
26233.0,0.0,0.016435613855719566
26234.0,0.0,0.0013694989029318094
26235.0,0.0,0.02559009939432144
26236.0,0.0,0.0014401210937649012
26237.0,0.0,0.0014513740316033363
26238.0,0.0,0.026122327893972397
26239.0,0.0,0.025172991678118706
26240.0,0.0,0.02298109605908394
26241.0,0.0,0.03683403134346008
26242.0,0.0,0.02314114384353161
26243.0,0.0,0.015413998626172543
26244.0,0.0,0.027234036475419998
26245.0,0.0,0.0032922266982495785
26246.0,0.0,0.024871468544006348
26247.0,0.0,0.02236247807741165
26248.0,0.0,0.024104200303554535
26249.0,1.0,0.06865513324737549
26250.0,0.0,0.02236247807741165
26251.0,0.0,0.015413998626172543
26252.0,0.0,0.038782041519880295
26253.0,0.0,0.027341853827238083
26254.0,0.0,0.024906201288104057
26255.0,0.0,0.020436789840459824
26256.0,0.0,0.024871468544006348
26257.0,0.0,0.024906201288104057
26258.0,0.0,0.0013462231727316976
26259.0,0.0,0.015878908336162567
26260.0,0.0,0.016122156754136086
26261.0,0.0,0.0014202744932845235
26262.0,0.0,0.028018031269311905
26263.0,0.0,0.0012464794563129544
26264.0,0.0,0.037267234176397324
26265.0,0.0,0.01574668474495411
26266.0,0.0,0.027234036475419998
26267.0,0.0,0.025771109387278557
26268.0,1.0,0.5029575824737549
26269.0,0.0,0.0015030310023576021
26270.0,0.0,0.015938570722937584
26271.0,0.0,0.02632135897874832
26272.0,0.0,0.025005033239722252
26273.0,0.0,0.022847406566143036
26274.0,0.0,0.02632135897874832
26275.0,0.0,0.4445684850215912
26276.0,0.0,0.0472479946911335
26277.0,0.0,0.025771109387278557
26278.0,0.0,0.013825992122292519
26279.0,0.0,0.015916068106889725
26280.0,0.0,0.0014202744932845235
26281.0,1.0,0.43061134219169617
26282.0,0.0,0.029535578563809395
26283.0,0.0,0.05915085971355438
26284.0,1.0,0.9764625430107117
26285.0,0.0,0.01678997464478016
26286.0,0.0,0.05826232582330704
26287.0,0.0,0.05003541335463524
26288.0,0.0,0.025245940312743187
26289.0,0.0,0.016293639317154884
26290.0,0.0,0.024906201288104057
26291.0,1.0,0.03740875422954559
26292.0,0.0,0.024717602878808975
26293.0,0.0,0.0013770321384072304
26294.0,0.0,0.019340630620718002
26295.0,0.0,0.024906201288104057
26296.0,0.0,0.02663862146437168
26297.0,0.0,0.06059334799647331
26298.0,0.0,0.025005033239722252
26299.0,0.0,0.025771109387278557
26300.0,0.0,0.0262258630245924
26301.0,0.0,0.01629883050918579
26302.0,0.0,0.025771109387278557
26303.0,0.0,0.01629883050918579
26304.0,0.0,0.0014632827369496226
26305.0,0.0,0.05693892389535904
26306.0,0.0,0.026425663381814957
26307.0,0.0,0.015413998626172543
26308.0,0.0,0.04475943744182587
26309.0,0.0,0.0028569442220032215
26310.0,0.0,0.025771109387278557
26311.0,0.0,0.025771109387278557
26312.0,0.0,0.017969094216823578
26313.0,0.0,0.0012908532517030835
26314.0,0.0,0.01039495412260294
26315.0,1.0,0.43061134219169617
26316.0,0.0,0.07324814051389694
26317.0,0.0,0.0014752917923033237
26318.0,1.0,0.4445684850215912
26319.0,0.0,0.02663862146437168
26320.0,0.0,0.040205180644989014
26321.0,0.0,0.025771109387278557
26322.0,0.0,0.0013906233943998814
26323.0,0.0,0.06958933919668198
26324.0,0.0,0.02525683492422104
26325.0,0.0,0.0013536671176552773
26326.0,0.0,0.02360360138118267
26327.0,0.0,0.025771109387278557
26328.0,0.0,0.016143593937158585
26329.0,0.0,0.010952994227409363
26330.0,0.0,0.030525844544172287
26331.0,0.0,0.013337628915905952
26332.0,0.0,0.016109652817249298
26333.0,0.0,0.014243694953620434
26334.0,0.0,0.017969094216823578
26335.0,0.0,0.016435613855719566
26336.0,0.0,0.024970166385173798
26337.0,0.0,0.016994355246424675
26338.0,0.0,0.025771109387278557
26339.0,0.0,0.0182296484708786
26340.0,0.0,0.0013462231727316976
26341.0,0.0,0.016688881441950798
26342.0,0.0,0.025771109387278557
26343.0,0.0,0.016097549349069595
26344.0,0.0,0.02314114384353161
26345.0,0.0,0.01574668474495411
26346.0,0.0,0.014891373924911022
26347.0,0.0,0.027234036475419998
26348.0,0.0,0.015413998626172543
26349.0,0.0,0.01899777166545391
26350.0,0.0,0.025771109387278557
26351.0,0.0,0.05795514956116676
26352.0,1.0,0.05741441249847412
26353.0,0.0,0.01722889207303524
26354.0,0.0,0.05834890156984329
26355.0,0.0,0.02663862146437168
26356.0,0.0,0.024906201288104057
26357.0,0.0,0.014891373924911022
26358.0,0.0,0.02236247807741165
26359.0,0.0,0.02544485405087471
26360.0,0.0,0.015638090670108795
26361.0,0.0,0.016777299344539642
26362.0,0.0,0.022532787173986435
26363.0,0.0,0.024906201288104057
26364.0,0.0,0.014777462929487228
26365.0,1.0,0.027234036475419998
26366.0,0.0,0.017969094216823578
26367.0,0.0,0.06344211101531982
26368.0,1.0,0.02663862146437168
26369.0,0.0,0.0014202744932845235
26370.0,0.0,0.024906201288104057
26371.0,0.0,0.055122390389442444
26372.0,0.0,0.02814936637878418
26373.0,0.0,0.028332654386758804
26374.0,0.0,0.027234036475419998
26375.0,0.0,0.05638376995921135
26376.0,0.0,0.02358420193195343
26377.0,0.0,0.014891373924911022
26378.0,0.0,0.025771109387278557
26379.0,0.0,0.014891373924911022
26380.0,0.0,0.0014078195672482252
26381.0,0.0,0.02493692748248577
26382.0,0.0,0.016674311831593513
26383.0,0.0,0.01899777166545391
26384.0,0.0,0.015280703082680702
26385.0,0.0,0.027234036475419998
26386.0,0.0,0.024871468544006348
26387.0,0.0,0.025550583377480507
26388.0,0.0,0.024871468544006348
26389.0,0.0,0.06402409821748734
26390.0,0.0,0.003244467545300722
26391.0,0.0,0.0013033684808760881
26392.0,1.0,0.04596911370754242
26393.0,1.0,0.8386023640632629
26394.0,0.0,0.010333484970033169
26395.0,0.0,0.041240986436605453
26396.0,0.0,0.026744144037365913
26397.0,0.0,0.02774784341454506
26398.0,0.0,0.023853830993175507
26399.0,1.0,0.9773854613304138
26400.0,0.0,0.01618671976029873
26401.0,0.0,0.014255979098379612
26402.0,0.0,0.022576697170734406
26403.0,0.0,0.0013714581727981567
26404.0,0.0,0.025771109387278557
26405.0,0.0,0.023887183517217636
26406.0,0.0,0.06375277787446976
26407.0,0.0,0.02440434880554676
26408.0,0.0,0.025545770302414894
26409.0,0.0,0.025771109387278557
26410.0,0.0,0.03106181137263775
26411.0,0.0,0.025545770302414894
26412.0,0.0,0.014891373924911022
26413.0,0.0,0.0012720894301310182
26414.0,0.0,0.041363924741744995
26415.0,0.0,0.016435613855719566
26416.0,0.0,0.05795514956116676
26417.0,0.0,0.0014412200544029474
26418.0,0.0,0.016122156754136086
26419.0,0.0,0.01830248348414898
26420.0,0.0,0.024717602878808975
26421.0,0.0,0.0014202744932845235
26422.0,0.0,0.05522727221250534
26423.0,0.0,0.039073653519153595
26424.0,0.0,0.017020871862769127
26425.0,0.0,0.05812613666057587
26426.0,0.0,0.02323314920067787
26427.0,0.0,0.05515262857079506
26428.0,0.0,0.025771109387278557
26429.0,1.0,0.4122503101825714
26430.0,0.0,0.024906201288104057
26431.0,0.0,0.02314114384353161
26432.0,0.0,0.0015030310023576021
26433.0,0.0,0.02797490544617176
26434.0,0.0,0.026444673538208008
26435.0,0.0,0.04041016474366188
26436.0,1.0,0.026141773909330368
26437.0,0.0,0.03744565322995186
26438.0,0.0,0.01574668474495411
26439.0,0.0,0.4476095139980316
26440.0,0.0,0.024906201288104057
26441.0,0.0,0.02360360138118267
26442.0,0.0,0.06021404266357422
26443.0,0.0,0.024960659444332123
26444.0,0.0,0.015028689987957478
26445.0,0.0,0.0014693202683702111
26446.0,0.0,0.0591171532869339
26447.0,0.0,0.02544485405087471
26448.0,0.0,0.0013906233943998814
26449.0,0.0,0.024501239880919456
26450.0,0.0,0.038824763149023056
26451.0,0.0,0.011279945261776447
26452.0,0.0,0.025073513388633728
26453.0,0.0,0.018040908500552177
26454.0,0.0,0.014891373924911022
26455.0,1.0,0.024906201288104057
26456.0,0.0,0.0031837711576372385
26457.0,0.0,0.4392189085483551
26458.0,0.0,0.0015996036818251014
26459.0,1.0,0.42969629168510437
26460.0,0.0,0.027234036475419998
26461.0,0.0,0.06321687996387482
26462.0,0.0,0.00131948699709028
26463.0,0.0,0.05812613666057587
26464.0,0.0,0.022847406566143036
26465.0,0.0,0.05522727221250534
26466.0,1.0,0.43402186036109924
26467.0,0.0,0.0013714581727981567
26468.0,0.0,0.0031837711576372385
26469.0,0.0,0.01629883050918579
26470.0,0.0,0.02632135897874832
26471.0,0.0,0.016170164570212364
26472.0,0.0,0.44283321499824524
26473.0,0.0,0.023887183517217636
26474.0,0.0,0.0013608243316411972
26475.0,0.0,0.05810999497771263
26476.0,0.0,0.03556228429079056
26477.0,0.0,0.0012555853463709354
26478.0,0.0,0.4426445960998535
26479.0,0.0,0.0375516377389431
26480.0,0.0,0.023887183517217636
26481.0,0.0,0.013648834079504013
26482.0,0.0,0.02784852869808674
26483.0,0.0,0.43061134219169617
26484.0,0.0,0.025771109387278557
26485.0,0.0,0.4287012219429016
26486.0,0.0,0.014243694953620434
26487.0,0.0,0.0012970002135261893
26488.0,0.0,0.014743927866220474
26489.0,0.0,0.025771109387278557
26490.0,0.0,0.4632141888141632
26491.0,0.0,0.0014693202683702111
26492.0,0.0,0.0013770321384072304
26493.0,0.0,0.43061134219169617
26494.0,0.0,0.02814936637878418
26495.0,0.0,0.046211566776037216
26496.0,0.0,0.026744144037365913
26497.0,0.0,0.016435613855719566
26498.0,0.0,0.025771109387278557
26499.0,0.0,0.017969094216823578
26500.0,0.0,0.02632135897874832
26501.0,0.0,0.05795514956116676
26502.0,0.0,0.0174587219953537
26503.0,0.0,0.02632135897874832
26504.0,0.0,0.02814936637878418
26505.0,0.0,0.037497278302907944
26506.0,0.0,0.016435613855719566
26507.0,0.0,0.003128680167719722
26508.0,0.0,0.0013608243316411972
26509.0,0.0,0.016964009031653404
26510.0,0.0,0.4486140012741089
26511.0,0.0,0.0013770321384072304
26512.0,0.0,0.05812613666057587
26513.0,0.0,0.061544325202703476
26514.0,0.0,0.024717602878808975
26515.0,0.0,0.061627063900232315
26516.0,1.0,0.42113515734672546
26517.0,0.0,0.027021421119570732
26518.0,0.0,0.05638376995921135
26519.0,0.0,0.029163094237446785
26520.0,0.0,0.026265054941177368
26521.0,1.0,0.43402186036109924
26522.0,0.0,0.004363929387181997
26523.0,0.0,0.014870388433337212
26524.0,0.0,0.01722889207303524
26525.0,0.0,0.015556056052446365
26526.0,0.0,0.02544485405087471
26527.0,0.0,0.0015996036818251014
26528.0,0.0,0.017739813774824142
26529.0,0.0,0.02628469653427601
26530.0,0.0,0.025073513388633728
26531.0,0.0,0.015413998626172543
26532.0,0.0,0.06452606618404388
26533.0,1.0,0.06441973894834518
26534.0,0.0,0.02544485405087471
26535.0,0.0,0.01899777166545391
26536.0,1.0,0.4205121099948883
26537.0,0.0,0.01575755886733532
26538.0,0.0,0.44324666261672974
26539.0,0.0,0.012085461057722569
26540.0,0.0,0.025771109387278557
26541.0,0.0,0.02323314920067787
26542.0,0.0,0.05400810018181801
26543.0,0.0,0.0014018514193594456
26544.0,0.0,0.031205356121063232
26545.0,0.0,0.0014693202683702111
26546.0,0.0,0.024906201288104057
26547.0,0.0,0.024906201288104057
26548.0,0.0,0.014124889858067036
26549.0,0.0,0.0182296484708786
26550.0,0.0,0.003244467545300722
26551.0,0.0,0.025771109387278557
26552.0,0.0,0.017969094216823578
26553.0,0.0,0.02803678810596466
26554.0,0.0,0.01899777166545391
26555.0,0.0,0.02663862146437168
26556.0,0.0,0.024906201288104057
26557.0,0.0,0.0015030310023576021
26558.0,0.0,0.05623804032802582
26559.0,0.0,0.04019296169281006
26560.0,0.0,0.05237181484699249
26561.0,0.0,0.025771109387278557
26562.0,0.0,0.015246058814227581
26563.0,0.0,0.023579120635986328
26564.0,0.0,0.015856554731726646
26565.0,0.0,0.0013462231727316976
26566.0,1.0,0.4637874364852905
26567.0,1.0,0.683624804019928
26568.0,0.0,0.025545770302414894
26569.0,0.0,0.024433191865682602
26570.0,0.0,0.015803491696715355
26571.0,1.0,0.027234036475419998
26572.0,0.0,0.022451452910900116
26573.0,0.0,0.03957022726535797
26574.0,0.0,0.02398207224905491
26575.0,0.0,0.025771109387278557
26576.0,0.0,0.01575755886733532
26577.0,0.0,0.015041153877973557
26578.0,0.0,0.026301685720682144
26579.0,0.0,0.027234036475419998
26580.0,0.0,0.02814936637878418
26581.0,0.0,0.027001334354281425
26582.0,0.0,0.017969094216823578
26583.0,0.0,0.025005033239722252
26584.0,0.0,0.023922305554151535
26585.0,0.0,0.024906201288104057
26586.0,0.0,0.04041016474366188
26587.0,0.0,0.001298092189244926
26588.0,0.0,0.0015775627689436078
26589.0,1.0,0.43501991033554077
26590.0,0.0,0.04371431842446327
26591.0,0.0,0.015878908336162567
26592.0,0.0,0.026425663381814957
26593.0,0.0,0.024717602878808975
26594.0,0.0,0.026744144037365913
26595.0,0.0,0.017739813774824142
26596.0,0.0,0.016994355246424675
26597.0,0.0,0.025771109387278557
26598.0,0.0,0.017697852104902267
26599.0,0.0,0.0013694989029318094
26600.0,0.0,0.024717602878808975
26601.0,0.0,0.017969094216823578
26602.0,0.0,0.05814175680279732
26603.0,0.0,0.0032379664480686188
26604.0,0.0,0.010952994227409363
26605.0,0.0,0.044938214123249054
26606.0,0.0,0.015202022157609463
26607.0,0.0,0.0013536671176552773
26608.0,0.0,0.02236247807741165
26609.0,0.0,0.003296883078292012
26610.0,0.0,0.016225576400756836
26611.0,0.0,0.02360360138118267
26612.0,0.0,0.014276108704507351
26613.0,0.0,0.01899777166545391
26614.0,1.0,0.025873281061649323
26615.0,0.0,0.025873281061649323
26616.0,0.0,0.02236247807741165
26617.0,0.0,0.04019296169281006
26618.0,0.0,0.026425663381814957
26619.0,0.0,0.025005033239722252
26620.0,0.0,0.0014502613339573145
26621.0,0.0,0.016435613855719566
26622.0,0.0,0.4392189085483551
26623.0,0.0,0.02363274246454239
26624.0,0.0,0.01722889207303524
26625.0,0.0,0.017474841326475143
26626.0,0.0,0.02814936637878418
26627.0,0.0,0.019178984686732292
26628.0,0.0,0.025550583377480507
26629.0,0.0,0.01629883050918579
26630.0,0.0,0.018040908500552177
26631.0,0.0,0.02544485405087471
26632.0,0.0,0.0013388494262471795
26633.0,0.0,0.058941278606653214
26634.0,1.0,0.43061134219169617
26635.0,0.0,0.014958435669541359
26636.0,0.0,0.02544485405087471
26637.0,0.0,0.022331207990646362
26638.0,0.0,0.023922305554151535
26639.0,0.0,0.023948587477207184
26640.0,0.0,0.02314114384353161
26641.0,0.0,0.009604624472558498
26642.0,0.0,0.02207839861512184
26643.0,0.0,0.02663862146437168
26644.0,0.0,0.0385444350540638
26645.0,0.0,0.02632135897874832
26646.0,0.0,0.02314114384353161
26647.0,0.0,0.024906201288104057
26648.0,0.0,0.010532236658036709
26649.0,0.0,0.027234036475419998
26650.0,0.0,0.042148660868406296
26651.0,0.0,0.017969094216823578
26652.0,0.0,0.05712168663740158
26653.0,0.0,0.06375277787446976
26654.0,0.0,0.01704694889485836
26655.0,1.0,0.025550583377480507
26656.0,0.0,0.025771109387278557
26657.0,0.0,0.017969094216823578
26658.0,0.0,0.06302212178707123
26659.0,0.0,0.039624374359846115
26660.0,0.0,0.027341853827238083
26661.0,0.0,0.0219366904348135
26662.0,0.0,0.025771109387278557
26663.0,0.0,0.01575755886733532
26664.0,0.0,0.026122327893972397
26665.0,0.0,0.026920484378933907
26666.0,0.0,0.4090858995914459
26667.0,0.0,0.03349365293979645
26668.0,0.0,0.025771109387278557
26669.0,0.0,0.0014401210937649012
26670.0,0.0,0.015878908336162567
26671.0,0.0,0.0014202744932845235
26672.0,0.0,0.0014078195672482252
26673.0,0.0,0.025227047502994537
26674.0,1.0,0.43026041984558105
26675.0,0.0,0.0016337033594027162
26676.0,0.0,0.06499377638101578
26677.0,0.0,0.01158476434648037
26678.0,0.0,0.016661789268255234
26679.0,0.0,0.02398207224905491
26680.0,1.0,0.42840272188186646
26681.0,0.0,0.017969094216823578
26682.0,0.0,0.02440434880554676
26683.0,0.0,0.017739813774824142
26684.0,0.0,0.02236247807741165
26685.0,0.0,0.025873281061649323
26686.0,0.0,0.015223466791212559
26687.0,0.0,0.0626082718372345
26688.0,0.0,0.02663862146437168
26689.0,0.0,0.0013694989029318094
26690.0,0.0,0.025651903823018074
26691.0,0.0,0.023730525746941566
26692.0,0.0,0.015878908336162567
26693.0,0.0,0.024906201288104057
26694.0,0.0,0.024717602878808975
26695.0,0.0,0.02401922084391117
26696.0,0.0,0.026141773909330368
26697.0,0.0,0.01793619990348816
26698.0,0.0,0.025310751050710678
26699.0,0.0,0.025005033239722252
26700.0,0.0,0.025771109387278557
26701.0,0.0,0.017070453613996506
26702.0,0.0,0.026425663381814957
26703.0,0.0,0.016994355246424675
26704.0,0.0,0.05059177801012993
26705.0,0.0,0.02697308547794819
26706.0,0.0,0.023721186444163322
26707.0,0.0,0.023887183517217636
26708.0,0.0,0.022420059889554977
26709.0,0.0,0.06689666211605072
26710.0,0.0,0.05708349123597145
26711.0,0.0,0.010268616490066051
26712.0,0.0,0.05812613666057587
26713.0,0.0,0.024871468544006348
26714.0,0.0,0.016435613855719566
26715.0,0.0,0.027234036475419998
26716.0,0.0,0.0015612490242347121
26717.0,0.0,0.03893374651670456
26718.0,0.0,0.024906201288104057
26719.0,0.0,0.025073513388633728
26720.0,0.0,0.02398207224905491
26721.0,0.0,0.01754879392683506
26722.0,0.0,0.02544485405087471
26723.0,0.0,0.027021421119570732
26724.0,0.0,0.05066057667136192
26725.0,0.0,0.027082053944468498
26726.0,0.0,0.0013750650687143207
26727.0,0.0,0.023922305554151535
26728.0,0.0,0.014124889858067036
26729.0,0.0,0.022331207990646362
26730.0,0.0,0.026425663381814957
26731.0,0.0,0.027234036475419998
26732.0,0.0,0.024555636569857597
26733.0,0.0,0.026744144037365913
26734.0,0.0,0.04354483634233475
26735.0,0.0,0.023568198084831238
26736.0,1.0,0.4287012219429016
26737.0,0.0,0.016293639317154884
26738.0,0.0,0.024906201288104057
26739.0,0.0,0.015223466791212559
26740.0,0.0,0.0014260467141866684
26741.0,0.0,0.01629883050918579
26742.0,0.0,0.026786578819155693
26743.0,0.0,0.06399565190076828
26744.0,0.0,0.024906201288104057
26745.0,0.0,0.02453019469976425
26746.0,0.0,0.001305232523009181
26747.0,0.0,0.4392189085483551
26748.0,0.0,0.03634200617671013
26749.0,0.0,0.024970166385173798
26750.0,0.0,0.015413998626172543
26751.0,0.0,0.0012772607151418924
26752.0,0.0,0.017378058284521103
26753.0,0.0,0.05787777155637741
26754.0,1.0,0.4472556412220001
26755.0,0.0,0.07064557075500488
26756.0,0.0,0.017969094216823578
26757.0,0.0,0.2399931102991104
26758.0,0.0,0.02663862146437168
26759.0,0.0,0.02632135897874832
26760.0,1.0,0.9938628673553467
26761.0,0.0,0.026122327893972397
26762.0,0.0,0.022420059889554977
26763.0,0.0,0.026301685720682144
26764.0,0.0,0.0013906233943998814
26765.0,0.0,0.024906201288104057
26766.0,0.0,0.4392189085483551
26767.0,0.0,0.017969094216823578
26768.0,0.0,0.04371431842446327
26769.0,0.0,0.014891373924911022
26770.0,0.0,0.015225790441036224
26771.0,0.0,0.024906201288104057
26772.0,0.0,0.02663862146437168
26773.0,0.0,0.024906201288104057
26774.0,0.0,0.015856554731726646
26775.0,0.0,0.027424313127994537
26776.0,0.0,0.05708349123597145
26777.0,0.0,0.06715065240859985
26778.0,0.0,0.016225576400756836
26779.0,0.0,0.025771109387278557
26780.0,0.0,0.05066057667136192
26781.0,0.0,0.02544485405087471
26782.0,0.0,0.04230886325240135
26783.0,0.0,0.016435613855719566
26784.0,0.0,0.024970166385173798
26785.0,0.0,0.0014202744932845235
26786.0,0.0,0.024717602878808975
26787.0,0.0,0.013356479816138744
26788.0,0.0,0.02826070226728916
26789.0,0.0,0.03343838080763817
26790.0,0.0,0.4316074550151825
26791.0,0.0,0.03104778565466404
26792.0,0.0,0.011716638691723347
26793.0,0.0,0.015116751194000244
26794.0,0.0,0.022451452910900116
26795.0,0.0,0.013356479816138744
26796.0,0.0,0.026122327893972397
26797.0,0.0,0.02663862146437168
26798.0,0.0,0.03508663550019264
26799.0,0.0,0.016008522361516953
26800.0,0.0,0.025873281061649323
26801.0,0.0,0.024906201288104057
26802.0,0.0,0.03833239525556564
26803.0,0.0,0.025771109387278557
26804.0,0.0,0.0013663552235811949
26805.0,0.0,0.024555636569857597
26806.0,0.0,0.025873281061649323
26807.0,0.0,0.038782041519880295
26808.0,0.0,0.024717602878808975
26809.0,0.0,0.025005033239722252
26810.0,0.0,0.023888908326625824
26811.0,0.0,0.017115140333771706
26812.0,0.0,0.0013047066750004888
26813.0,0.0,0.04306766018271446
26814.0,0.0,0.028444690629839897
26815.0,0.0,0.055439580231904984
26816.0,0.0,0.02526475116610527
26817.0,0.0,0.0013140484225004911
26818.0,0.0,0.010245205834507942
26819.0,0.0,0.01635638438165188
26820.0,0.0,0.025245940312743187
26821.0,0.0,0.027913730591535568
26822.0,0.0,0.03208707273006439
26823.0,0.0,0.02544485405087471
26824.0,0.0,0.023887183517217636
26825.0,0.0,0.025550583377480507
26826.0,0.0,0.02663862146437168
26827.0,0.0,0.03637295961380005
26828.0,0.0,0.02624538727104664
26829.0,0.0,0.017378058284521103
26830.0,0.0,0.017968246713280678
26831.0,0.0,0.0007967238780111074
26832.0,0.0,0.03888615220785141
26833.0,0.0,0.02323314920067787
26834.0,0.0,0.01506237406283617
26835.0,0.0,0.0014202744932845235
26836.0,0.0,0.025771109387278557
26837.0,0.0,0.056211650371551514
26838.0,0.0,0.023922305554151535
26839.0,0.0,0.029581069946289062
26840.0,0.0,0.02641528844833374
26841.0,0.0,0.024906201288104057
26842.0,0.0,0.01707693375647068
26843.0,0.0,0.02360360138118267
26844.0,0.0,0.0013736317632719874
26845.0,0.0,0.02207839861512184
26846.0,0.0,0.014297300949692726
26847.0,0.0,0.02236247807741165
26848.0,0.0,0.046874504536390305
26849.0,0.0,0.026141773909330368
26850.0,0.0,0.018069032579660416
26851.0,0.0,0.015444842167198658
26852.0,0.0,0.024717602878808975
26853.0,0.0,0.0014202744932845235
26854.0,0.0,0.023730525746941566
26855.0,0.0,0.024970166385173798
26856.0,0.0,0.02445853315293789
26857.0,0.0,0.06044430285692215
26858.0,0.0,0.022847406566143036
26859.0,0.0,0.026301685720682144
26860.0,0.0,0.06139259412884712
26861.0,0.0,0.02632135897874832
26862.0,0.0,0.017969094216823578
26863.0,0.0,0.017442582175135612
26864.0,0.0,0.48815134167671204
26865.0,0.0,0.02814936637878418
26866.0,0.0,0.0015030310023576021
26867.0,0.0,0.06368388235569
26868.0,0.0,0.02544485405087471
26869.0,1.0,0.4047689437866211
26870.0,0.0,0.024871468544006348
26871.0,0.0,0.02814936637878418
26872.0,0.0,0.025771109387278557
26873.0,0.0,0.0262258630245924
26874.0,0.0,0.024906201288104057
26875.0,0.0,0.02440434880554676
26876.0,1.0,0.026744144037365913
26877.0,0.0,0.05907125025987625
26878.0,0.0,0.10175956040620804
26879.0,0.0,0.025771109387278557
26880.0,0.0,0.024555636569857597
26881.0,0.0,0.025283005088567734
26882.0,0.0,0.025873281061649323
26883.0,0.0,0.024590618908405304
26884.0,0.0,0.025550583377480507
26885.0,0.0,0.016122156754136086
26886.0,0.0,0.02547396719455719
26887.0,0.0,0.027234036475419998
26888.0,0.0,0.02526475116610527
26889.0,0.0,0.024906201288104057
26890.0,0.0,0.015916068106889725
26891.0,0.0,0.009263969026505947
26892.0,0.0,0.02632135897874832
26893.0,0.0,0.025771109387278557
26894.0,0.0,0.015884090214967728
26895.0,0.0,0.029535578563809395
26896.0,0.0,0.059705499559640884
26897.0,0.0,0.4426445960998535
26898.0,0.0,0.027234036475419998
26899.0,0.0,0.024590618908405304
26900.0,0.0,0.014243694953620434
26901.0,0.0,0.0012283599935472012
26902.0,0.0,0.024717602878808975
26903.0,0.0,0.027128420770168304
26904.0,0.0,0.01636665128171444
26905.0,0.0,0.025771109387278557
26906.0,1.0,0.40344616770744324
26907.0,0.0,0.024871468544006348
26908.0,0.0,0.0182296484708786
26909.0,0.0,0.017739813774824142
26910.0,0.0,0.06536383181810379
26911.0,0.0,0.015878908336162567
26912.0,1.0,0.4620184004306793
26913.0,0.0,0.02481570467352867
26914.0,0.0,0.03624822944402695
26915.0,0.0,0.01897311955690384
26916.0,0.0,0.025771109387278557
26917.0,0.0,0.017969094216823578
26918.0,0.0,0.062166977673769
26919.0,0.0,0.01521681435406208
26920.0,0.0,0.06428132206201553
26921.0,0.0,0.0036289540585130453
26922.0,0.0,0.01899777166545391
26923.0,0.0,0.024590618908405304
26924.0,0.0,0.025873281061649323
26925.0,1.0,0.4445684850215912
26926.0,0.0,0.023479115217924118
26927.0,0.0,0.43402186036109924
26928.0,0.0,0.0263888631016016
26929.0,0.0,0.02445853315293789
26930.0,0.0,0.01678997464478016
26931.0,0.0,0.0680353119969368
26932.0,0.0,0.025651903823018074
26933.0,0.0,0.024717602878808975
26934.0,0.0,0.013825992122292519
26935.0,0.0,0.0014551917556673288
26936.0,0.0,0.016122156754136086
26937.0,0.0,0.06021404266357422
26938.0,0.0,0.0014260467141866684
26939.0,0.0,0.02632135897874832
26940.0,0.0,0.010268616490066051
26941.0,0.0,0.02632135897874832
26942.0,0.0,0.025771109387278557
26943.0,0.0,0.02632135897874832
26944.0,0.0,0.02628469653427601
26945.0,0.0,0.028110241517424583
26946.0,0.0,0.019073618575930595
26947.0,0.0,0.027234036475419998
26948.0,0.0,0.01574668474495411
26949.0,0.0,0.024871468544006348
26950.0,0.0,0.058760810643434525
26951.0,0.0,0.02653190866112709
26952.0,0.0,0.0013608243316411972
26953.0,0.0,0.026444673538208008
26954.0,0.0,0.023612098768353462
26955.0,0.0,0.03304668888449669
26956.0,0.0,0.4122503101825714
26957.0,0.0,0.026122327893972397
26958.0,0.0,0.027001334354281425
26959.0,0.0,0.0013486293610185385
26960.0,0.0,0.024906201288104057
26961.0,1.0,0.40732526779174805
26962.0,0.0,0.025550583377480507
26963.0,1.0,0.4909336268901825
26964.0,0.0,0.0185039434581995
26965.0,0.0,0.024871468544006348
26966.0,0.0,0.0013608243316411972
26967.0,0.0,0.02445853315293789
26968.0,0.0,0.015444842167198658
26969.0,0.0,0.041035208851099014
26970.0,0.0,0.024906201288104057
26971.0,0.0,0.024590618908405304
26972.0,0.0,0.016435613855719566
26973.0,0.0,0.02544485405087471
26974.0,0.0,0.01693744584918022
26975.0,0.0,0.025550583377480507
26976.0,0.0,0.0015030310023576021
26977.0,0.0,0.010575352236628532
26978.0,0.0,0.017336970195174217
26979.0,0.0,0.039494942873716354
26980.0,0.0,0.022397181019186974
26981.0,0.0,0.027234036475419998
26982.0,0.0,0.026141773909330368
26983.0,0.0,0.015050983056426048
26984.0,0.0,0.025873281061649323
26985.0,0.0,0.027234036475419998
26986.0,0.0,0.02624538727104664
26987.0,0.0,0.0013714581727981567
26988.0,0.0,0.05628763884305954
26989.0,0.0,0.05915085971355438
26990.0,0.0,0.025005033239722252
26991.0,0.0,0.025771109387278557
26992.0,0.0,0.024906201288104057
26993.0,0.0,0.0014502613339573145
26994.0,0.0,0.0597548745572567
26995.0,0.0,0.016122156754136086
26996.0,0.0,0.07230093330144882
26997.0,0.0,0.023853830993175507
26998.0,0.0,0.028978295624256134
26999.0,0.0,0.44021958112716675
27000.0,0.0,0.02663862146437168
27001.0,0.0,0.024590618908405304
27002.0,0.0,0.02544485405087471
27003.0,0.0,0.016622358933091164
27004.0,0.0,0.04019296169281006
27005.0,0.0,0.010268616490066051
27006.0,0.0,0.011854276061058044
27007.0,0.0,0.0033205936197191477
27008.0,0.0,0.02445853315293789
27009.0,0.0,0.04317096993327141
27010.0,0.0,0.05924532189965248
27011.0,0.0,0.02632135897874832
27012.0,0.0,0.05817730352282524
27013.0,0.0,0.0014752917923033237
27014.0,0.0,0.02314114384353161
27015.0,0.0,0.02236247807741165
27016.0,0.0,0.02521074190735817
27017.0,0.0,0.023853830993175507
27018.0,0.0,0.014700775034725666
27019.0,0.0,0.025771109387278557
27020.0,0.0,0.022331207990646362
27021.0,0.0,0.015041153877973557
27022.0,0.0,0.039302315562963486
27023.0,0.0,0.017008891329169273
27024.0,0.0,0.4316074550151825
27025.0,0.0,0.030670104548335075
27026.0,0.0,0.024871468544006348
27027.0,0.0,0.026141773909330368
27028.0,0.0,0.07029391080141068
27029.0,0.0,0.02236247807741165
27030.0,0.0,0.03634200617671013
27031.0,0.0,0.02507074922323227
27032.0,0.0,0.02507074922323227
27033.0,1.0,0.3748525381088257
27034.0,0.0,0.025545770302414894
27035.0,0.0,0.061788592487573624
27036.0,0.0,0.023479115217924118
27037.0,0.0,0.023948587477207184
27038.0,0.0,0.014621013775467873
27039.0,0.0,0.02348615787923336
27040.0,0.0,0.0013714581727981567
27041.0,0.0,0.024123454466462135
27042.0,0.0,0.017378058284521103
27043.0,0.0,0.027234036475419998
27044.0,0.0,0.02560640685260296
27045.0,0.0,0.027234036475419998
27046.0,0.0,0.014891373924911022
27047.0,0.0,0.024717602878808975
27048.0,0.0,0.016122156754136086
27049.0,0.0,0.024906201288104057
27050.0,1.0,0.4713025689125061
27051.0,0.0,0.016435613855719566
27052.0,0.0,0.03933228552341461
27053.0,0.0,0.02544485405087471
27054.0,0.0,0.05678153410553932
27055.0,0.0,0.03683403134346008
27056.0,0.0,0.016435613855719566
27057.0,0.0,0.0012266056146472692
27058.0,0.0,0.024717602878808975
27059.0,0.0,0.0182296484708786
27060.0,1.0,0.9931517839431763
27061.0,0.0,0.015878908336162567
27062.0,0.0,0.039917442947626114
27063.0,0.0,0.027234036475419998
27064.0,0.0,0.06175331398844719
27065.0,1.0,0.9946637153625488
27066.0,0.0,0.02632135897874832
27067.0,0.0,0.02525683492422104
27068.0,0.0,0.024580063298344612
27069.0,0.0,0.025550583377480507
27070.0,0.0,0.05983950197696686
27071.0,0.0,0.025771109387278557
27072.0,0.0,0.023887183517217636
27073.0,0.0,0.02210383489727974
27074.0,0.0,0.0014202744932845235
27075.0,0.0,0.025771109387278557
27076.0,0.0,0.0262258630245924
27077.0,0.0,0.04081787168979645
27078.0,0.0,0.015444842167198658
27079.0,0.0,0.017693044617772102
27080.0,0.0,0.010713044553995132
27081.0,0.0,0.025771109387278557
27082.0,1.0,0.4426445960998535
27083.0,1.0,0.4874657988548279
27084.0,0.0,0.02057323418557644
27085.0,0.0,0.01618671976029873
27086.0,0.0,0.026405904442071915
27087.0,0.0,0.02814936637878418
27088.0,0.0,0.024302981793880463
27089.0,0.0,0.025616150349378586
27090.0,0.0,0.025005033239722252
27091.0,0.0,0.003499495331197977
27092.0,0.0,0.0014909888850525022
27093.0,0.0,0.0014260467141866684
27094.0,0.0,0.03893374651670456
27095.0,0.0,0.022451452910900116
27096.0,0.0,0.02440434880554676
27097.0,0.0,0.015878908336162567
27098.0,0.0,0.02314114384353161
27099.0,0.0,0.024906201288104057
27100.0,0.0,0.0014513740316033363
27101.0,0.0,0.009604624472558498
27102.0,0.0,0.01899777166545391
27103.0,0.0,0.0014260467141866684
27104.0,0.0,0.05538422241806984
27105.0,0.0,0.021011460572481155
27106.0,0.0,0.016994355246424675
27107.0,0.0,0.02632135897874832
27108.0,0.0,0.02236247807741165
27109.0,1.0,0.056853342801332474
27110.0,0.0,0.024717602878808975
27111.0,0.0,0.05607227236032486
27112.0,0.0,0.03858567029237747
27113.0,0.0,0.014777462929487228
27114.0,0.0,0.025550583377480507
27115.0,0.0,0.016435613855719566
27116.0,0.0,0.025873281061649323
27117.0,0.0,0.027341853827238083
27118.0,0.0,0.016122156754136086
27119.0,0.0,0.0015091396635398269
27120.0,0.0,0.014276108704507351
27121.0,0.0,0.02663862146437168
27122.0,0.0,0.024906201288104057
27123.0,0.0,0.0015140610048547387
27124.0,0.0,0.016122156754136086
27125.0,0.0,0.023853830993175507
27126.0,0.0,0.016994355246424675
27127.0,0.0,0.025245940312743187
27128.0,0.0,0.0013315248070284724
27129.0,0.0,0.024555636569857597
27130.0,0.0,0.03683403134346008
27131.0,0.0,0.027234036475419998
27132.0,0.0,0.02314114384353161
27133.0,0.0,0.015878908336162567
27134.0,0.0,0.024871468544006348
27135.0,0.0,0.02641528844833374
27136.0,0.0,0.025550583377480507
27137.0,0.0,0.023853830993175507
27138.0,0.0,0.0013516949256882071
27139.0,0.0,0.023922305554151535
27140.0,0.0,0.02351333759725094
27141.0,0.0,0.02526475116610527
27142.0,0.0,0.03965608775615692
27143.0,0.0,0.025771109387278557
27144.0,0.0,0.4169633090496063
27145.0,0.0,0.06512225419282913
27146.0,0.0,0.01562632992863655
27147.0,0.0,0.0012720894301310182
27148.0,0.0,0.02814936637878418
27149.0,0.0,0.02465379238128662
27150.0,0.0,0.06175331398844719
27151.0,0.0,0.03683403134346008
27152.0,0.0,0.04094049707055092
27153.0,0.0,0.015413998626172543
27154.0,0.0,0.0013895576121285558
27155.0,0.0,0.027341853827238083
27156.0,0.0,0.025873281061649323
27157.0,0.0,0.01702914573252201
27158.0,1.0,0.44283321499824524
27159.0,0.0,0.023721186444163322
27160.0,0.0,0.0014459739904850721
27161.0,0.0,0.027001334354281425
27162.0,0.0,0.0012555853463709354
27163.0,0.0,0.023677917197346687
27164.0,0.0,0.016622358933091164
27165.0,0.0,0.013356479816138744
27166.0,0.0,0.030483517795801163
27167.0,0.0,0.07558200508356094
27168.0,0.0,0.018288765102624893
27169.0,0.0,0.0014693202683702111
27170.0,0.0,0.0015030310023576021
27171.0,0.0,0.025771109387278557
27172.0,0.0,0.024555636569857597
27173.0,0.0,0.05592164024710655
27174.0,0.0,0.025771109387278557
27175.0,0.0,0.025771109387278557
27176.0,0.0,0.036167774349451065
27177.0,0.0,0.016435613855719566
27178.0,0.0,0.015881331637501717
27179.0,0.0,0.03806187957525253
27180.0,1.0,0.42605772614479065
27181.0,0.0,0.0015030310023576021
27182.0,0.0,0.016435613855719566
27183.0,0.0,0.02710825391113758
27184.0,0.0,0.0014898506924510002
27185.0,0.0,0.027341853827238083
27186.0,0.0,0.4360010325908661
27187.0,0.0,0.0013714581727981567
27188.0,0.0,0.04148964211344719
27189.0,0.0,0.023922305554151535
27190.0,0.0,0.015553967095911503
27191.0,0.0,0.015590906143188477
27192.0,0.0,0.022847406566143036
27193.0,0.0,0.024717602878808975
27194.0,0.0,0.025771109387278557
27195.0,0.0,0.025043737143278122
27196.0,0.0,0.024960659444332123
27197.0,0.0,0.015041153877973557
27198.0,0.0,0.014700775034725666
27199.0,0.0,0.017969094216823578
27200.0,0.0,0.04094049707055092
27201.0,0.0,0.023887183517217636
27202.0,0.0,0.41751599311828613
27203.0,0.0,0.0014018514193594456
27204.0,0.0,0.01646127924323082
27205.0,0.0,0.02814936637878418
27206.0,0.0,0.025545770302414894
27207.0,0.0,0.024906201288104057
27208.0,1.0,0.053925301879644394
27209.0,0.0,0.025873281061649323
27210.0,0.0,0.0287390798330307
27211.0,0.0,0.022451452910900116
27212.0,0.0,0.02035563439130783
27213.0,0.0,0.025771109387278557
27214.0,0.0,0.010113470256328583
27215.0,0.0,0.02628469653427601
27216.0,0.0,0.04006208851933479
27217.0,0.0,0.011426706798374653
27218.0,0.0,0.06021404266357422
27219.0,0.0,0.02440434880554676
27220.0,0.0,0.016570892184972763
27221.0,0.0,0.014743927866220474
27222.0,0.0,0.01678997464478016
27223.0,0.0,0.05454898998141289
27224.0,0.0,0.025005033239722252
27225.0,0.0,0.06474325805902481
27226.0,0.0,0.05812613666057587
27227.0,0.0,0.026265054941177368
27228.0,0.0,0.024906201288104057
27229.0,0.0,0.010713044553995132
27230.0,0.0,0.017969094216823578
27231.0,0.0,0.003731371136382222
27232.0,0.0,0.024906201288104057
27233.0,0.0,0.02544485405087471
27234.0,0.0,0.030525844544172287
27235.0,0.0,0.024717602878808975
27236.0,0.0,0.027234036475419998
27237.0,0.0,0.02632135897874832
27238.0,0.0,0.02360360138118267
27239.0,0.0,0.05623804032802582
27240.0,0.0,0.06302212178707123
27241.0,0.0,0.02628469653427601
27242.0,0.0,0.029535578563809395
27243.0,0.0,0.0015030310023576021
27244.0,0.0,0.015107985585927963
27245.0,0.0,0.0890488252043724
27246.0,0.0,0.026122327893972397
27247.0,0.0,0.016674311831593513
27248.0,0.0,0.06722301989793777
27249.0,0.0,0.023887183517217636
27250.0,0.0,0.03710935637354851
27251.0,0.0,0.04596911370754242
27252.0,0.0,0.022331207990646362
27253.0,0.0,0.017816275358200073
27254.0,0.0,0.026744144037365913
27255.0,1.0,0.8454277515411377
27256.0,0.0,0.025245940312743187
27257.0,0.0,0.012085461057722569
27258.0,0.0,0.027234036475419998
27259.0,0.0,0.022420059889554977
27260.0,0.0,0.003526357701048255
27261.0,1.0,0.9956744313240051
27262.0,0.0,0.024590618908405304
27263.0,0.0,0.015938570722937584
27264.0,0.0,0.031205356121063232
27265.0,0.0,0.02624538727104664
27266.0,0.0,0.02663862146437168
27267.0,0.0,0.07039401680231094
27268.0,0.0,0.0014202744932845235
27269.0,0.0,0.02398207224905491
27270.0,0.0,0.06131014972925186
27271.0,0.0,0.026141773909330368
27272.0,0.0,0.001396275358274579
27273.0,0.0,0.025771109387278557
27274.0,0.0,0.0031331481877714396
27275.0,0.0,0.43704754114151
27276.0,0.0,0.016362937167286873
27277.0,0.0,0.025545770302414894
27278.0,0.0,0.0033689364790916443
27279.0,0.0,0.023922305554151535
27280.0,0.0,0.4392189085483551
27281.0,0.0,0.02663121372461319
27282.0,0.0,0.05530938133597374
27283.0,0.0,0.025873281061649323
27284.0,0.0,0.02663862146437168
27285.0,0.0,0.02440434880554676
27286.0,0.0,0.027021421119570732
27287.0,0.0,0.0033791488967835903
27288.0,1.0,0.4894462823867798
27289.0,0.0,0.02544485405087471
27290.0,0.0,0.030143672600388527
27291.0,0.0,0.010952994227409363
27292.0,0.0,0.01133112795650959
27293.0,0.0,0.025550583377480507
27294.0,0.0,0.019770890474319458
27295.0,0.0,0.02440434880554676
27296.0,0.0,0.03458906710147858
27297.0,0.0,0.056625787168741226
27298.0,0.0,0.024871468544006348
27299.0,0.0,0.012288065627217293
27300.0,0.0,0.02445853315293789
27301.0,1.0,0.9586560726165771
27302.0,1.0,0.4426445960998535
27303.0,0.0,0.04354285076260567
27304.0,0.0,0.02641528844833374
27305.0,0.0,0.02314114384353161
27306.0,0.0,0.027234036475419998
27307.0,0.0,0.02861020900309086
27308.0,0.0,0.023922305554151535
27309.0,0.0,0.01506237406283617
27310.0,0.0,0.02314114384353161
27311.0,0.0,0.024590618908405304
27312.0,0.0,0.05708349123597145
27313.0,0.0,0.017969094216823578
27314.0,0.0,0.026744144037365913
27315.0,0.0,0.023636609315872192
27316.0,0.0,0.01039495412260294
27317.0,1.0,0.025545770302414894
27318.0,0.0,0.017969094216823578
27319.0,0.0,0.0014566865283995867
27320.0,0.0,0.024906201288104057
27321.0,0.0,0.027234036475419998
27322.0,0.0,0.024970166385173798
27323.0,0.0,0.023887183517217636
27324.0,0.0,0.019073618575930595
27325.0,0.0,0.014891373924911022
27326.0,0.0,0.024871468544006348
27327.0,0.0,0.016964009031653404
27328.0,0.0,0.02207839861512184
27329.0,0.0,0.05782511830329895
27330.0,0.0,0.05812613666057587
27331.0,0.0,0.003504489315673709
27332.0,0.0,0.023636609315872192
27333.0,0.0,0.02663862146437168
27334.0,0.0,0.022397181019186974
27335.0,0.0,0.028332654386758804
27336.0,0.0,0.023887183517217636
27337.0,0.0,0.024970166385173798
27338.0,0.0,0.025771109387278557
27339.0,0.0,0.06549248099327087
27340.0,0.0,0.023922305554151535
27341.0,0.0,0.017336970195174217
27342.0,0.0,0.024906201288104057
27343.0,0.0,0.023887183517217636
27344.0,0.0,0.02663862146437168
27345.0,0.0,0.015246058814227581
27346.0,0.0,0.023922305554151535
27347.0,0.0,0.016122156754136086
27348.0,0.0,0.013315321877598763
27349.0,0.0,0.0015030310023576021
27350.0,0.0,0.011426706798374653
27351.0,0.0,0.017969094216823578
27352.0,0.0,0.0012970002135261893
27353.0,0.0,0.024556316435337067
27354.0,0.0,0.0012283599935472012
27355.0,0.0,0.015916068106889725
27356.0,0.0,0.05607227236032486
27357.0,0.0,0.014870388433337212
27358.0,0.0,0.002179960021749139
27359.0,0.0,0.025771109387278557
27360.0,0.0,0.025771109387278557
27361.0,0.0,0.011426706798374653
27362.0,0.0,0.058541614562273026
27363.0,0.0,0.017969094216823578
27364.0,0.0,0.02663862146437168
27365.0,0.0,0.014555196277797222
27366.0,0.0,0.01629883050918579
27367.0,0.0,0.027913730591535568
27368.0,0.0,0.014743927866220474
27369.0,0.0,0.02544485405087471
27370.0,0.0,0.024906201288104057
27371.0,0.0,0.04156623035669327
27372.0,0.0,0.024906201288104057
27373.0,0.0,0.03969895839691162
27374.0,0.0,0.0012970002135261893
27375.0,0.0,0.027234036475419998
27376.0,0.0,0.0013714581727981567
27377.0,0.0,0.025771109387278557
27378.0,1.0,0.02314114384353161
27379.0,0.0,0.04354483634233475
27380.0,0.0,0.016994355246424675
27381.0,0.0,0.027234036475419998
27382.0,0.0,0.05741441249847412
27383.0,0.0,0.011593515053391457
27384.0,0.0,0.04493342712521553
27385.0,0.0,0.027234036475419998
27386.0,1.0,0.43229568004608154
27387.0,0.0,0.4006469249725342
27388.0,1.0,0.4384027123451233
27389.0,0.0,0.05823454260826111
27390.0,0.0,0.014743927866220474
27391.0,0.0,0.016604354605078697
27392.0,0.0,0.0015030310023576021
27393.0,0.0,0.0014693202683702111
27394.0,0.0,0.015246058814227581
27395.0,0.0,0.05826232582330704
27396.0,0.0,0.04094049707055092
27397.0,0.0,0.024871468544006348
27398.0,0.0,0.01678997464478016
27399.0,0.0,0.026122327893972397
27400.0,0.0,0.026301685720682144
27401.0,0.0,0.02314114384353161
27402.0,0.0,0.05599655583500862
27403.0,0.0,0.015878908336162567
27404.0,1.0,0.8396892547607422
27405.0,1.0,0.06021404266357422
27406.0,0.0,0.025545770302414894
27407.0,1.0,0.027341853827238083
27408.0,0.0,0.024871468544006348
27409.0,0.0,0.025341857224702835
27410.0,0.0,0.0076383985579013824
27411.0,0.0,0.03819773718714714
27412.0,0.0,0.024717602878808975
27413.0,0.0,0.02632135897874832
27414.0,0.0,0.016994355246424675
27415.0,0.0,0.025771109387278557
27416.0,0.0,0.024717602878808975
27417.0,0.0,0.023677917197346687
27418.0,0.0,0.01158476434648037
27419.0,1.0,0.5687875151634216
27420.0,0.0,0.025122351944446564
27421.0,0.0,0.024906201288104057
27422.0,0.0,0.025873281061649323
27423.0,0.0,0.025771109387278557
27424.0,0.0,0.04463106021285057
27425.0,0.0,0.012447402812540531
27426.0,0.0,0.02360360138118267
27427.0,0.0,0.026425663381814957
27428.0,0.0,0.024590618908405304
27429.0,0.0,0.02653190866112709
27430.0,0.0,0.02826070226728916
27431.0,0.0,0.02314114384353161
27432.0,0.0,0.016225576400756836
27433.0,0.0,0.02624538727104664
27434.0,0.0,0.02445853315293789
27435.0,0.0,0.014743927866220474
27436.0,0.0,0.025771109387278557
27437.0,0.0,0.002214820124208927
27438.0,0.0,0.025873281061649323
27439.0,0.0,0.016674311831593513
27440.0,0.0,0.36442863941192627
27441.0,0.0,0.025873281061649323
27442.0,0.0,0.026196282356977463
27443.0,0.0,0.015116751194000244
27444.0,0.0,0.015223466791212559
27445.0,0.0,0.3879939615726471
27446.0,0.0,0.025771109387278557
27447.0,0.0,0.025873281061649323
27448.0,0.0,0.02861020900309086
27449.0,0.0,0.4172576367855072
27450.0,0.0,0.012085461057722569
27451.0,0.0,0.023420259356498718
27452.0,0.0,0.025005033239722252
27453.0,0.0,0.038782041519880295
27454.0,0.0,0.016225576400756836
27455.0,0.0,0.017969094216823578
27456.0,0.0,0.001323469216004014
27457.0,1.0,0.42740845680236816
27458.0,1.0,0.7914493680000305
27459.0,0.0,0.015856554731726646
27460.0,0.0,0.4197966754436493
27461.0,0.0,0.024906201288104057
27462.0,0.0,0.0262258630245924
27463.0,0.0,0.024717602878808975
27464.0,0.0,0.015878908336162567
27465.0,0.0,0.024711592122912407
27466.0,1.0,0.016435613855719566
27467.0,0.0,0.002042963868007064
27468.0,0.0,0.0013193896738812327
27469.0,0.0,0.06512225419282913
27470.0,0.0,0.026122327893972397
27471.0,0.0,0.027341853827238083
27472.0,0.0,0.025310751050710678
27473.0,0.0,0.06175331398844719
27474.0,0.0,0.01830248348414898
27475.0,0.0,0.026141773909330368
27476.0,0.0,0.027234036475419998
27477.0,0.0,0.015413998626172543
27478.0,0.0,0.024717602878808975
27479.0,0.0,0.024871468544006348
27480.0,0.0,0.025545770302414894
27481.0,0.0,0.02323314920067787
27482.0,0.0,0.010713044553995132
27483.0,0.0,0.02544485405087471
27484.0,0.0,0.0345701240003109
27485.0,0.0,0.025771109387278557
27486.0,0.0,0.02351120300590992
27487.0,1.0,0.42969629168510437
27488.0,0.0,0.023853830993175507
27489.0,0.0,0.025227047502994537
27490.0,0.0,0.010559353046119213
27491.0,0.0,0.025771109387278557
27492.0,0.0,0.017816275358200073
27493.0,0.0,0.015856554731726646
27494.0,0.0,0.016293639317154884
27495.0,0.0,0.05515262857079506
27496.0,0.0,0.016122156754136086
27497.0,0.0,0.023887183517217636
27498.0,0.0,0.026141773909330368
27499.0,1.0,0.4392189085483551
27500.0,0.0,0.025771109387278557
27501.0,0.0,0.02663862146437168
27502.0,0.0,0.02521074190735817
27503.0,0.0,0.02323314920067787
27504.0,0.0,0.025550583377480507
27505.0,0.0,0.0032673964742571115
27506.0,0.0,0.02632135897874832
27507.0,0.0,0.02632135897874832
27508.0,0.0,0.025771109387278557
27509.0,0.0,0.05983950197696686
27510.0,0.0,0.015590906143188477
27511.0,1.0,0.02236247807741165
27512.0,0.0,0.024871468544006348
27513.0,0.0,0.0014202744932845235
27514.0,0.0,0.04309716820716858
27515.0,0.0,0.0013140484225004911
27516.0,0.0,0.06050913780927658
27517.0,0.0,0.014743927866220474
27518.0,0.0,0.016435613855719566
27519.0,0.0,0.3523220121860504
27520.0,0.0,0.028221415355801582
27521.0,0.0,0.02236247807741165
27522.0,0.0,0.024590618908405304
27523.0,0.0,0.003526357701048255
27524.0,0.0,0.04027213528752327
27525.0,0.0,0.027234036475419998
27526.0,0.0,0.024871468544006348
27527.0,0.0,0.056776631623506546
27528.0,0.0,0.025873281061649323
27529.0,0.0,0.025873281061649323
27530.0,0.0,0.028660891577601433
27531.0,0.0,0.02660154178738594
27532.0,0.0,0.017969094216823578
27533.0,0.0,0.015413998626172543
27534.0,0.0,0.025310751050710678
27535.0,0.0,0.027234036475419998
27536.0,0.0,0.001392714912071824
27537.0,0.0,0.05523533374071121
27538.0,0.0,0.0375923290848732
27539.0,0.0,0.016994355246424675
27540.0,0.0,0.026706915348768234
27541.0,0.0,0.014743927866220474
27542.0,0.0,0.05522727221250534
27543.0,0.0,0.024501239880919456
27544.0,0.0,0.017290344461798668
27545.0,0.0,0.025245940312743187
27546.0,0.0,0.02521074190735817
27547.0,0.0,0.02632135897874832
27548.0,0.0,0.0013714581727981567
27549.0,0.0,0.025873281061649323
27550.0,0.0,0.025771109387278557
27551.0,0.0,0.04469212517142296
27552.0,0.0,0.02207839861512184
27553.0,0.0,0.0014412200544029474
27554.0,0.0,0.02895745076239109
27555.0,0.0,0.019121738150715828
27556.0,0.0,0.02663862146437168
27557.0,0.0,0.023853830993175507
27558.0,0.0,0.022775495424866676
27559.0,0.0,0.016435613855719566
27560.0,0.0,0.027234036475419998
27561.0,0.0,0.025810956954956055
27562.0,0.0,0.024906201288104057
27563.0,0.0,0.025771109387278557
27564.0,0.0,0.03513512387871742
27565.0,0.0,0.0031051193363964558
27566.0,0.0,0.02323314920067787
27567.0,0.0,0.024909960106015205
27568.0,0.0,0.02207839861512184
27569.0,0.0,0.03167172521352768
27570.0,0.0,0.42113515734672546
27571.0,0.0,0.014223608188331127
27572.0,0.0,0.02632135897874832
27573.0,0.0,0.024717602878808975
27574.0,0.0,0.02236247807741165
27575.0,0.0,0.024590618908405304
27576.0,0.0,0.016435613855719566
27577.0,0.0,0.02632135897874832
27578.0,0.0,0.025771109387278557
27579.0,0.0,0.0015548784285783768
27580.0,0.0,0.0014401210937649012
27581.0,0.0,0.02632135897874832
27582.0,0.0,0.01678997464478016
27583.0,0.0,0.016225576400756836
27584.0,1.0,0.01722889207303524
27585.0,0.0,0.05764511972665787
27586.0,0.0,0.023730525746941566
27587.0,0.0,0.024017333984375
27588.0,1.0,0.4006469249725342
27589.0,0.0,0.025005033239722252
27590.0,0.0,0.05998837947845459
27591.0,0.0,0.027913730591535568
27592.0,0.0,0.01757531799376011
27593.0,0.0,0.02526475116610527
27594.0,0.0,0.025771109387278557
27595.0,0.0,0.05530938133597374
27596.0,0.0,0.02314114384353161
27597.0,0.0,0.0014502613339573145
27598.0,0.0,0.01722889207303524
27599.0,0.0,0.07166700810194016
27600.0,0.0,0.0013694989029318094
27601.0,0.0,0.02526475116610527
27602.0,1.0,0.8443142175674438
27603.0,0.0,0.025771109387278557
27604.0,1.0,0.4452180862426758
27605.0,1.0,0.9694217443466187
27606.0,0.0,0.02663862146437168
27607.0,0.0,0.06139259412884712
27608.0,0.0,0.016753703355789185
27609.0,0.0,0.016097549349069595
27610.0,0.0,0.027234036475419998
27611.0,0.0,0.014243694953620434
27612.0,0.0,0.016628962010145187
27613.0,0.0,0.02236247807741165
27614.0,0.0,0.9254364967346191
27615.0,0.0,0.017228078097105026
27616.0,0.0,0.018330127000808716
27617.0,0.0,0.023636609315872192
27618.0,0.0,0.015986574813723564
27619.0,0.0,0.024871468544006348
27620.0,0.0,0.024231432005763054
27621.0,1.0,0.025771109387278557
27622.0,0.0,0.02331724390387535
27623.0,0.0,0.025873281061649323
27624.0,0.0,0.014777462929487228
27625.0,0.0,0.01899777166545391
27626.0,0.0,0.0014752917923033237
27627.0,0.0,0.0013608243316411972
27628.0,0.0,0.0035109047312289476
27629.0,0.0,0.02826070226728916
27630.0,0.0,0.0037573534063994884
27631.0,0.0,0.00125177635345608
27632.0,0.0,0.025771109387278557
27633.0,0.0,0.02314114384353161
27634.0,0.0,0.04407826438546181
27635.0,0.0,0.015413998626172543
27636.0,0.0,0.024433191865682602
27637.0,0.0,0.025873281061649323
27638.0,0.0,0.02544485405087471
27639.0,0.0,0.024717602878808975
27640.0,0.0,0.02544485405087471
27641.0,0.0,0.014243694953620434
27642.0,1.0,0.5029575824737549
27643.0,0.0,0.06301617622375488
27644.0,0.0,0.055439580231904984
27645.0,0.0,0.02314114384353161
27646.0,0.0,0.0012266056146472692
27647.0,0.0,0.4532330334186554
27648.0,0.0,0.016435613855719566
27649.0,0.0,0.02236247807741165
27650.0,0.0,0.05708349123597145
27651.0,0.0,0.0014401210937649012
27652.0,0.0,0.02663862146437168
27653.0,1.0,0.017336970195174217
27654.0,0.0,0.03634200617671013
27655.0,0.0,0.02628469653427601
27656.0,0.0,0.02632135897874832
27657.0,0.0,0.024717602878808975
27658.0,0.0,0.025771109387278557
27659.0,0.0,0.0012315916828811169
27660.0,0.0,0.017997104674577713
27661.0,0.0,0.05522727221250534
27662.0,0.0,0.025771109387278557
27663.0,0.0,0.017378058284521103
27664.0,0.0,0.05623804032802582
27665.0,0.0,0.025771109387278557
27666.0,0.0,0.0032379664480686188
27667.0,1.0,0.4532330334186554
27668.0,0.0,0.2373291254043579
27669.0,0.0,0.024717602878808975
27670.0,0.0,0.4545227289199829
27671.0,0.0,0.024590618908405304
27672.0,0.0,0.025771109387278557
27673.0,0.0,0.017969094216823578
27674.0,0.0,0.025873281061649323
27675.0,0.0,0.015878908336162567
27676.0,0.0,0.016293639317154884
27677.0,0.0,0.025873281061649323
27678.0,0.0,0.018468478694558144
27679.0,0.0,0.016122156754136086
27680.0,0.0,0.02061801590025425
27681.0,0.0,0.023853830993175507
27682.0,1.0,0.4287012219429016
27683.0,0.0,0.040701184421777725
27684.0,0.0,0.034794412553310394
27685.0,0.0,0.01886281929910183
27686.0,0.0,0.017336970195174217
27687.0,0.0,0.0246882326900959
27688.0,1.0,0.8996694684028625
27689.0,0.0,0.06198906525969505
27690.0,0.0,0.022938264533877373
27691.0,0.0,0.02360360138118267
27692.0,0.0,0.018330127000808716
27693.0,0.0,0.02314114384353161
27694.0,0.0,0.025771109387278557
27695.0,0.0,0.026141773909330368
27696.0,0.0,0.025593344122171402
27697.0,0.0,0.001392714912071824
27698.0,0.0,0.015878908336162567
27699.0,0.0,0.02814936637878418
27700.0,0.0,0.04596911370754242
27701.0,0.0,0.02398207224905491
27702.0,0.0,0.023887183517217636
27703.0,0.0,0.027341853827238083
27704.0,0.0,0.017992932349443436
27705.0,0.0,0.03838136047124863
27706.0,0.0,0.025651903823018074
27707.0,0.0,0.05592164024710655
27708.0,0.0,0.02481570467352867
27709.0,0.0,0.0014078195672482252
27710.0,1.0,0.4207862913608551
27711.0,0.0,0.0014513740316033363
27712.0,0.0,0.03819773718714714
27713.0,0.0,0.02426704578101635
27714.0,0.0,0.01722889207303524
27715.0,0.0,0.022847406566143036
27716.0,0.0,0.0014693202683702111
27717.0,0.0,0.01576392911374569
27718.0,0.0,0.025873281061649323
27719.0,0.0,0.0016755778342485428
27720.0,0.0,0.018040908500552177
27721.0,0.0,0.0035982721019536257
27722.0,0.0,0.025233358144760132
27723.0,0.0,0.019073618575930595
27724.0,0.0,0.04755372554063797
27725.0,0.0,0.038782041519880295
27726.0,0.0,0.0014752917923033237
27727.0,0.0,0.011426706798374653
27728.0,0.0,0.0015030310023576021
27729.0,0.0,0.018040908500552177
27730.0,0.0,0.011593515053391457
27731.0,0.0,0.02632135897874832
27732.0,0.0,0.02314114384353161
27733.0,0.0,0.4392189085483551
27734.0,0.0,0.037497278302907944
27735.0,0.0,0.02663862146437168
27736.0,0.0,0.02826070226728916
27737.0,0.0,0.023612098768353462
27738.0,0.0,0.026481470093131065
27739.0,0.0,0.03876886144280434
27740.0,0.0,0.4426445960998535
27741.0,0.0,0.023721186444163322
27742.0,0.0,0.014555196277797222
27743.0,0.0,0.02544485405087471
27744.0,0.0,0.016994355246424675
27745.0,0.0,0.01857786439359188
27746.0,0.0,0.023887183517217636
27747.0,0.0,0.054085057228803635
27748.0,0.0,0.023887183517217636
27749.0,0.0,0.03901994973421097
27750.0,1.0,0.9943978786468506
27751.0,0.0,0.026122327893972397
27752.0,0.0,0.06131014972925186
27753.0,0.0,0.0014202744932845235
27754.0,0.0,0.01830248348414898
27755.0,0.0,0.025771109387278557
27756.0,1.0,0.4122503101825714
27757.0,0.0,0.02824964001774788
27758.0,0.0,0.02481570467352867
27759.0,0.0,0.014743927866220474
27760.0,0.0,0.0013486293610185385
27761.0,1.0,0.4891662299633026
27762.0,0.0,0.029163094237446785
27763.0,0.0,0.06995824724435806
27764.0,0.0,0.025771109387278557
27765.0,0.0,0.058183833956718445
27766.0,0.0,0.023636609315872192
27767.0,0.0,0.025873281061649323
27768.0,0.0,0.02398207224905491
27769.0,0.0,0.026425663381814957
27770.0,0.0,0.015878908336162567
27771.0,0.0,0.02360360138118267
27772.0,0.0,0.02465379238128662
27773.0,0.0,0.025771109387278557
27774.0,0.0,0.025771109387278557
27775.0,0.0,0.016109652817249298
27776.0,0.0,0.024717602878808975
27777.0,0.0,0.023636609315872192
27778.0,0.0,0.0012720894301310182
27779.0,0.0,0.016435613855719566
27780.0,0.0,0.025771109387278557
27781.0,0.0,0.017968246713280678
27782.0,0.0,0.02663862146437168
27783.0,1.0,0.06113040819764137
27784.0,0.0,0.01722889207303524
27785.0,0.0,0.01574668474495411
27786.0,0.0,0.017969094216823578
27787.0,0.0,0.02481570467352867
27788.0,0.0,0.0014018514193594456
27789.0,0.0,0.022331207990646362
27790.0,0.0,0.025771109387278557
27791.0,0.0,0.0014513740316033363
27792.0,0.0,0.024871468544006348
27793.0,0.0,0.0008083566790446639
27794.0,0.0,0.05645400658249855
27795.0,0.0,0.016122156754136086
27796.0,0.0,0.0016605667769908905
27797.0,0.0,0.017968246713280678
27798.0,0.0,0.0014129901537671685
27799.0,0.0,0.013185258023440838
27800.0,1.0,0.3426138460636139
27801.0,0.0,0.025245940312743187
27802.0,0.0,0.024871468544006348
27803.0,0.0,0.018040908500552177
27804.0,0.0,0.0012555853463709354
27805.0,0.0,0.06113040819764137
27806.0,0.0,0.014777462929487228
27807.0,0.0,0.023636609315872192
27808.0,0.0,0.024906201288104057
27809.0,0.0,0.01618671976029873
27810.0,0.0,0.026744144037365913
27811.0,0.0,0.017969094216823578
27812.0,0.0,0.013825992122292519
27813.0,0.0,0.041112322360277176
27814.0,0.0,0.02544485405087471
27815.0,0.0,0.02632135897874832
27816.0,0.0,0.004149757791310549
27817.0,0.0,0.024906201288104057
27818.0,0.0,0.019073618575930595
27819.0,0.0,0.02323314920067787
27820.0,0.0,0.0352720282971859
27821.0,1.0,0.05708349123597145
27822.0,0.0,0.025771109387278557
27823.0,0.0,0.05730250105261803
27824.0,0.0,0.015590906143188477
27825.0,0.0,0.07282903045415878
27826.0,0.0,0.022451452910900116
27827.0,1.0,0.9961088299751282
27828.0,0.0,0.05638376995921135
27829.0,0.0,0.014243694953620434
27830.0,0.0,0.01729780063033104
27831.0,0.0,0.017969094216823578
27832.0,0.0,0.029769327491521835
27833.0,0.0,0.027341853827238083
27834.0,0.0,0.025005033239722252
27835.0,0.0,0.05708349123597145
27836.0,0.0,0.0597548745572567
27837.0,0.0,0.0034056941512972116
27838.0,0.0,0.0014018514193594456
27839.0,0.0,0.05607227236032486
27840.0,0.0,0.03863940387964249
27841.0,0.0,0.062242891639471054
27842.0,0.0,0.024906201288104057
27843.0,0.0,0.031205356121063232
27844.0,1.0,0.9827250838279724
27845.0,0.0,0.0015612490242347121
27846.0,0.0,0.01575755886733532
27847.0,0.0,0.02351333759725094
27848.0,0.0,0.027234036475419998
27849.0,0.0,0.016661789268255234
27850.0,0.0,0.016760852187871933
27851.0,0.0,0.06536997854709625
27852.0,0.0,0.015780072659254074
27853.0,0.0,0.01722889207303524
27854.0,0.0,0.05848557502031326
27855.0,0.0,0.057245396077632904
27856.0,1.0,0.43061134219169617
27857.0,0.0,0.025873281061649323
27858.0,0.0,0.010836593806743622
27859.0,0.0,0.02236247807741165
27860.0,0.0,0.05468479543924332
27861.0,0.0,0.0246882326900959
27862.0,0.0,0.025873281061649323
27863.0,0.0,0.014891373924911022
27864.0,0.0,0.039073653519153595
27865.0,0.0,0.001449301722459495
27866.0,0.0,0.025771109387278557
27867.0,0.0,0.02632135897874832
27868.0,0.0,0.02663862146437168
27869.0,0.0,0.017969094216823578
27870.0,0.0,0.01924145594239235
27871.0,0.0,0.027777401730418205
27872.0,0.0,0.014297300949692726
27873.0,0.0,0.01899777166545391
27874.0,0.0,0.024717602878808975
27875.0,0.0,0.020691053941845894
27876.0,0.0,0.003525968873873353
27877.0,0.0,0.023853830993175507
27878.0,0.0,0.025771109387278557
27879.0,0.0,0.06113040819764137
27880.0,0.0,0.02323314920067787
27881.0,0.0,0.01646127924323082
27882.0,0.0,0.06344211101531982
27883.0,0.0,0.016293639317154884
27884.0,0.0,0.02398207224905491
27885.0,0.0,0.025771109387278557
27886.0,0.0,0.05812613666057587
27887.0,0.0,0.0639360323548317
27888.0,0.0,0.06536997854709625
27889.0,1.0,0.3513956665992737
27890.0,0.0,0.02314114384353161
27891.0,0.0,0.024717602878808975
27892.0,0.0,0.02526475116610527
27893.0,0.0,0.025771109387278557
27894.0,0.0,0.02314114384353161
27895.0,0.0,0.038059405982494354
27896.0,0.0,0.04266770929098129
27897.0,1.0,0.4310002028942108
27898.0,0.0,0.016435613855719566
27899.0,0.0,0.027234036475419998
27900.0,0.0,0.01899777166545391
27901.0,0.0,0.0034053996205329895
27902.0,0.0,0.02323314920067787
27903.0,0.0,0.05530938133597374
27904.0,0.0,0.02314114384353161
27905.0,1.0,0.7241652011871338
27906.0,0.0,0.016435613855719566
27907.0,0.0,0.0012283599935472012
27908.0,0.0,0.02207839861512184
27909.0,0.0,0.02710825391113758
27910.0,0.0,0.024871468544006348
27911.0,0.0,0.02179497294127941
27912.0,0.0,0.01575755886733532
27913.0,0.0,0.02544485405087471
27914.0,0.0,0.028110241517424583
27915.0,0.0,0.024970166385173798
27916.0,0.0,0.02361888997256756
27917.0,0.0,0.01678997464478016
27918.0,0.0,0.04122937470674515
27919.0,0.0,0.3513956665992737
27920.0,0.0,0.023888908326625824
27921.0,0.0,0.023948587477207184
27922.0,0.0,0.0012283599935472012
27923.0,0.0,0.02663862146437168
27924.0,0.0,0.027234036475419998
27925.0,0.0,0.024556316435337067
27926.0,0.0,0.01697045937180519
27927.0,0.0,0.019073618575930595
27928.0,0.0,0.016994355246424675
27929.0,0.0,0.025073513388633728
27930.0,0.0,0.0014513740316033363
27931.0,0.0,0.024906201288104057
27932.0,0.0,0.024906201288104057
27933.0,0.0,0.025771109387278557
27934.0,0.0,0.02544485405087471
27935.0,0.0,0.01704694889485836
27936.0,0.0,0.02826070226728916
27937.0,0.0,0.015803491696715355
27938.0,0.0,0.02663862146437168
27939.0,0.0,0.02632135897874832
27940.0,0.0,0.04025418683886528
27941.0,0.0,0.0597548745572567
27942.0,0.0,0.4122503101825714
27943.0,0.0,0.024717602878808975
27944.0,0.0,0.02632135897874832
27945.0,0.0,0.02445853315293789
27946.0,0.0,0.02734609693288803
27947.0,0.0,0.0012772607151418924
27948.0,0.0,0.022331207990646362
27949.0,0.0,0.02663862146437168
27950.0,0.0,0.07192721217870712
27951.0,0.0,0.01646127924323082
27952.0,0.0,0.024871468544006348
27953.0,0.0,0.026425663381814957
27954.0,0.0,0.4445684850215912
27955.0,0.0,0.001392714912071824
27956.0,0.0,0.026122327893972397
27957.0,0.0,0.02641528844833374
27958.0,0.0,0.025771109387278557
27959.0,0.0,0.025550583377480507
27960.0,0.0,0.02440434880554676
27961.0,0.0,0.025545770302414894
27962.0,0.0,0.026301685720682144
27963.0,0.0,0.04081599414348602
27964.0,0.0,0.0014693202683702111
27965.0,0.0,0.02660154178738594
27966.0,0.0,0.015413998626172543
27967.0,0.0,0.02663862146437168
27968.0,0.0,0.02314114384353161
27969.0,0.0,0.025771109387278557
27970.0,0.0,0.03624822944402695
27971.0,0.0,0.01575755886733532
27972.0,0.0,0.016435613855719566
27973.0,0.0,0.022847406566143036
27974.0,0.0,0.0352720282971859
27975.0,0.0,0.011796005070209503
27976.0,0.0,0.01158476434648037
27977.0,0.0,0.0031413736287504435
27978.0,0.0,0.025545770302414894
27979.0,1.0,0.016122156754136086
27980.0,0.0,0.025873281061649323
27981.0,1.0,0.4360010325908661
27982.0,0.0,0.02710825391113758
27983.0,0.0,0.015280703082680702
27984.0,0.0,0.023887183517217636
27985.0,0.0,0.024906201288104057
27986.0,0.0,0.00144430180080235
27987.0,0.0,0.02481570467352867
27988.0,0.0,0.025005033239722252
27989.0,0.0,0.02663862146437168
27990.0,0.0,0.02236247807741165
27991.0,0.0,0.05708349123597145
27992.0,0.0,0.027234036475419998
27993.0,0.0,0.01607489213347435
27994.0,1.0,0.43061134219169617
27995.0,0.0,0.009848781861364841
27996.0,0.0,0.016435613855719566
27997.0,0.0,0.025771109387278557
27998.0,1.0,0.44324666261672974
27999.0,0.0,0.05708349123597145
28000.0,0.0,0.02854803204536438
28001.0,0.0,0.017378058284521103
28002.0,0.0,0.016674311831593513
28003.0,0.0,0.0018103988841176033
28004.0,0.0,0.02236247807741165
28005.0,0.0,0.027070535346865654
28006.0,0.0,0.025545770302414894
28007.0,0.0,0.0013770321384072304
28008.0,0.0,0.024906201288104057
28009.0,0.0,0.02544485405087471
28010.0,0.0,0.025283005088567734
28011.0,0.0,0.024871468544006348
28012.0,0.0,0.014743927866220474
28013.0,0.0,0.025873281061649323
28014.0,0.0,0.025550583377480507
28015.0,0.0,0.003296883078292012
28016.0,0.0,0.029535578563809395
28017.0,0.0,0.02236247807741165
28018.0,0.0,0.0242068562656641
28019.0,0.0,0.06474325805902481
28020.0,0.0,0.02236247807741165
28021.0,0.0,0.014743927866220474
28022.0,0.0,0.05708349123597145
28023.0,0.0,0.025771109387278557
28024.0,0.0,0.015724515542387962
28025.0,0.0,0.027234036475419998
28026.0,0.0,0.027341853827238083
28027.0,0.0,0.0014693202683702111
28028.0,0.0,0.017969094216823578
28029.0,0.0,0.0014513740316033363
28030.0,0.0,0.014743927866220474
28031.0,0.0,0.024906201288104057
28032.0,0.0,0.01521681435406208
28033.0,0.0,0.02532712183892727
28034.0,0.0,0.061310164630413055
28035.0,0.0,0.015413998626172543
28036.0,0.0,0.02236247807741165
28037.0,0.0,0.022685261443257332
28038.0,0.0,0.024871468544006348
28039.0,0.0,0.026122327893972397
28040.0,0.0,0.02314114384353161
28041.0,0.0,0.028621075674891472
28042.0,0.0,0.028923334553837776
28043.0,0.0,0.4392189085483551
28044.0,0.0,0.48198366165161133
28045.0,0.0,0.0014401210937649012
28046.0,0.0,0.010333484970033169
28047.0,0.0,0.02932892180979252
28048.0,0.0,0.05708349123597145
28049.0,0.0,0.4037907123565674
28050.0,0.0,0.025873281061649323
28051.0,0.0,0.019603082910180092
28052.0,1.0,0.015202022157609463
28053.0,0.0,0.05522727221250534
28054.0,1.0,0.5937401652336121
28055.0,1.0,0.9931517839431763
28056.0,0.0,0.017378058284521103
28057.0,1.0,0.4360010325908661
28058.0,0.0,0.34169960021972656
28059.0,0.0,0.037795647978782654
28060.0,0.0,0.05746499449014664
28061.0,0.0,0.04266770929098129
28062.0,0.0,0.32991132140159607
28063.0,0.0,0.015413998626172543
28064.0,0.0,0.025771109387278557
28065.0,0.0,0.024717602878808975
28066.0,0.0,0.02207839861512184
28067.0,0.0,0.02236247807741165
28068.0,0.0,0.02667977847158909
28069.0,0.0,0.024871468544006348
28070.0,0.0,0.017008891329169273
28071.0,0.0,0.01704694889485836
28072.0,0.0,0.023887183517217636
28073.0,0.0,0.022420059889554977
28074.0,0.0,0.022166267037391663
28075.0,0.0,0.017969094216823578
28076.0,0.0,0.024906201288104057
28077.0,0.0,0.02440434880554676
28078.0,0.0,0.02544485405087471
28079.0,0.0,0.015590906143188477
28080.0,0.0,0.01693744584918022
28081.0,0.0,0.02440434880554676
28082.0,0.0,0.022451452910900116
28083.0,0.0,0.025073513388633728
28084.0,0.0,0.01678997464478016
28085.0,1.0,0.8452406525611877
28086.0,0.0,0.04595134034752846
28087.0,0.0,0.02314114384353161
28088.0,0.0,0.01521681435406208
28089.0,0.0,0.027234036475419998
28090.0,0.0,0.027234036475419998
28091.0,0.0,0.0014202744932845235
28092.0,0.0,0.016435613855719566
28093.0,0.0,0.02663862146437168
28094.0,0.0,0.025771109387278557
28095.0,0.0,0.025545770302414894
28096.0,0.0,0.025771109387278557
28097.0,0.0,0.05826232582330704
28098.0,0.0,0.023887183517217636
28099.0,1.0,0.42740845680236816
28100.0,0.0,0.0013591691385954618
28101.0,0.0,0.02632135897874832
28102.0,0.0,0.013879301957786083
28103.0,0.0,0.026301685720682144
28104.0,0.0,0.0028510806150734425
28105.0,0.0,0.058541614562273026
28106.0,1.0,0.41840609908103943
28107.0,0.0,0.015938570722937584
28108.0,0.0,0.015202022157609463
28109.0,0.0,0.024717602878808975
28110.0,0.0,0.027341853827238083
28111.0,0.0,0.0229489766061306
28112.0,1.0,0.43573352694511414
28113.0,0.0,0.025771109387278557
28114.0,0.0,0.015878908336162567
28115.0,0.0,0.01692560501396656
28116.0,0.0,0.02323314920067787
28117.0,0.0,0.0013591691385954618
28118.0,0.0,0.023474901914596558
28119.0,0.0,0.00330717652104795
28120.0,0.0,0.02236247807741165
28121.0,0.0,0.05708349123597145
28122.0,0.0,0.025873281061649323
28123.0,0.0,0.0242068562656641
28124.0,0.0,0.017336970195174217
28125.0,0.0,0.021197669208049774
28126.0,0.0,0.02663862146437168
28127.0,0.0,0.03889988735318184
28128.0,0.0,0.023922305554151535
28129.0,0.0,0.025245940312743187
28130.0,0.0,0.05522727221250534
28131.0,0.0,0.02814936637878418
28132.0,0.0,0.0015549295349046588
28133.0,0.0,0.01562632992863655
28134.0,0.0,0.02663862146437168
28135.0,0.0,0.0013608243316411972
28136.0,0.0,0.0012885001488029957
28137.0,0.0,0.05607227236032486
28138.0,0.0,0.017969094216823578
28139.0,0.0,0.025771109387278557
28140.0,0.0,0.0014301348710432649
28141.0,0.0,0.015856554731726646
28142.0,0.0,0.017969094216823578
28143.0,0.0,0.00146260648034513
28144.0,0.0,0.016170164570212364
28145.0,0.0,0.022847406566143036
28146.0,0.0,0.024906201288104057
28147.0,0.0,0.02323314920067787
28148.0,0.0,0.01722889207303524
28149.0,0.0,0.017992932349443436
28150.0,0.0,0.06549248099327087
28151.0,0.0,0.01722889207303524
28152.0,0.0,0.06175331398844719
28153.0,0.0,0.025873281061649323
28154.0,0.0,0.024556316435337067
28155.0,0.0,0.025550583377480507
28156.0,0.0,0.0232691653072834
28157.0,0.0,0.017336970195174217
28158.0,0.0,0.02314114384353161
28159.0,0.0,0.6867395639419556
28160.0,0.0,0.030525844544172287
28161.0,1.0,0.44021958112716675
28162.0,0.0,0.025245940312743187
28163.0,0.0,0.015590906143188477
28164.0,0.0,0.022822577506303787
28165.0,0.0,0.06044430285692215
28166.0,0.0,0.026481470093131065
28167.0,0.0,0.016435613855719566
28168.0,0.0,0.024717602878808975
28169.0,0.0,0.025651903823018074
28170.0,0.0,0.02364484779536724
28171.0,0.0,0.025245940312743187
28172.0,0.0,0.025771109387278557
28173.0,0.0,0.02445853315293789
28174.0,0.0,0.026141773909330368
28175.0,0.0,0.024717602878808975
28176.0,0.0,0.05916696786880493
28177.0,0.0,0.024906201288104057
28178.0,0.0,0.05599655583500862
28179.0,0.0,0.024717602878808975
28180.0,0.0,0.015878908336162567
28181.0,0.0,0.34169960021972656
28182.0,0.0,0.0012266056146472692
28183.0,0.0,0.02628469653427601
28184.0,0.0,0.02336050570011139
28185.0,0.0,0.054085057228803635
28186.0,0.0,0.027234036475419998
28187.0,0.0,0.0032379664480686188
28188.0,0.0,0.03802664950489998
28189.0,0.0,0.0013536671176552773
28190.0,0.0,0.02632135897874832
28191.0,0.0,0.0015030310023576021
28192.0,0.0,0.0455201119184494
28193.0,0.0,0.05522727221250534
28194.0,0.0,0.02697308547794819
28195.0,0.0,0.015856554731726646
28196.0,0.0,0.017969094216823578
28197.0,0.0,0.06689666211605072
28198.0,0.0,0.025245940312743187
28199.0,0.0,0.05795514956116676
28200.0,0.0,0.0012999485479667783
28201.0,0.0,0.016994355246424675
28202.0,0.0,0.03893374651670456
28203.0,0.0,0.02663862146437168
28204.0,0.0,0.06344211101531982
28205.0,0.0,0.01941378228366375
28206.0,0.0,0.06941651552915573
28207.0,0.0,0.023887183517217636
28208.0,0.0,0.027341853827238083
28209.0,0.0,0.02314114384353161
28210.0,0.0,0.0013608243316411972
28211.0,1.0,0.38397806882858276
28212.0,0.0,0.011426706798374653
28213.0,0.0,0.0013121713418513536
28214.0,0.0,0.01722889207303524
28215.0,0.0,0.028332654386758804
28216.0,0.0,0.018040908500552177
28217.0,0.0,0.024906201288104057
28218.0,0.0,0.003244467545300722
28219.0,0.0,0.01607489213347435
28220.0,0.0,0.05685824900865555
28221.0,0.0,0.023887183517217636
28222.0,0.0,0.02507074922323227
28223.0,0.0,0.0014202744932845235
28224.0,0.0,0.041035208851099014
28225.0,0.0,0.03710935637354851
28226.0,0.0,0.026122327893972397
28227.0,0.0,0.024556316435337067
28228.0,0.0,0.015413998626172543
28229.0,0.0,0.02521074190735817
28230.0,0.0,0.015096615068614483
28231.0,0.0,0.015413998626172543
28232.0,0.0,0.023922305554151535
28233.0,0.0,0.022451452910900116
28234.0,0.0,0.018215972930192947
28235.0,0.0,0.04407826438546181
28236.0,0.0,0.05576154962182045
28237.0,0.0,0.015878908336162567
28238.0,0.0,0.0012124227359890938
28239.0,0.0,0.0013354358961805701
28240.0,0.0,0.025651903823018074
28241.0,0.0,0.023922305554151535
28242.0,0.0,0.017969094216823578
28243.0,0.0,0.42014530301094055
28244.0,0.0,0.025771109387278557
28245.0,0.0,0.025873281061649323
28246.0,0.0,0.025873281061649323
28247.0,0.0,0.011426706798374653
28248.0,0.0,0.028748469427227974
28249.0,0.0,0.015223466791212559
28250.0,0.0,0.025005033239722252
28251.0,0.0,0.05998348444700241
28252.0,0.0,0.05172668769955635
28253.0,0.0,0.06344211101531982
28254.0,0.0,0.023853830993175507
28255.0,0.0,0.02526475116610527
28256.0,0.0,0.02445853315293789
28257.0,0.0,0.025771109387278557
28258.0,0.0,0.025743823498487473
28259.0,0.0,0.025771109387278557
28260.0,0.0,0.02236247807741165
28261.0,0.0,0.06512225419282913
28262.0,0.0,0.015856554731726646
28263.0,0.0,0.4215022325515747
28264.0,0.0,0.025771109387278557
28265.0,0.0,0.06302212178707123
28266.0,0.0,0.02207839861512184
28267.0,0.0,0.018040908500552177
28268.0,0.0,0.025771109387278557
28269.0,0.0,0.02632135897874832
28270.0,0.0,0.026301685720682144
28271.0,0.0,0.05366476997733116
28272.0,0.0,0.015803491696715355
28273.0,0.0,0.05400810018181801
28274.0,0.0,0.024590618908405304
28275.0,0.0,0.46572646498680115
28276.0,0.0,0.02663862146437168
28277.0,0.0,0.014743927866220474
28278.0,0.0,0.003769206115975976
28279.0,0.0,0.017184067517518997
28280.0,0.0,0.016435613855719566
28281.0,1.0,0.3653699457645416
28282.0,0.0,0.025771109387278557
28283.0,0.0,0.02314114384353161
28284.0,0.0,0.022451452910900116
28285.0,0.0,0.0179430041462183
28286.0,0.0,0.4360010325908661
28287.0,0.0,0.02360360138118267
28288.0,0.0,0.05645400658249855
28289.0,0.0,0.024717602878808975
28290.0,0.0,0.0014551917556673288
28291.0,0.0,0.02628469653427601
28292.0,0.0,0.016435613855719566
28293.0,0.0,0.023730525746941566
28294.0,0.0,0.0031331481877714396
28295.0,0.0,0.017115604132413864
28296.0,0.0,0.02309405989944935
28297.0,0.0,0.058750592172145844
28298.0,0.0,0.024590618908405304
28299.0,0.0,0.014777462929487228
28300.0,0.0,0.00354026909917593
28301.0,0.0,0.0014401210937649012
28302.0,0.0,0.022390134632587433
28303.0,0.0,0.05628763884305954
28304.0,0.0,0.017378058284521103
28305.0,0.0,0.02632135897874832
28306.0,0.0,0.02663862146437168
28307.0,1.0,0.42014530301094055
28308.0,0.0,0.027001334354281425
28309.0,0.0,0.029283806681632996
28310.0,0.0,0.01618671976029873
28311.0,0.0,0.043028999119997025
28312.0,0.0,0.014243694953620434
28313.0,0.0,0.03574252501130104
28314.0,0.0,0.025873281061649323
28315.0,0.0,0.02544485405087471
28316.0,0.0,0.05522727221250534
28317.0,0.0,0.02323314920067787
28318.0,0.0,0.025771109387278557
28319.0,0.0,0.018139058724045753
28320.0,0.0,0.024590618908405304
28321.0,0.0,0.4158072769641876
28322.0,0.0,0.02445853315293789
28323.0,0.0,0.026141773909330368
28324.0,0.0,0.014243694953620434
28325.0,0.0,0.0014075487852096558
28326.0,0.0,0.02774784341454506
28327.0,0.0,0.015413998626172543
28328.0,0.0,0.06559844315052032
28329.0,0.0,0.024717602878808975
28330.0,0.0,0.02663862146437168
28331.0,0.0,0.016225576400756836
28332.0,0.0,0.015413998626172543
28333.0,1.0,0.05522727221250534
28334.0,0.0,0.003244467545300722
28335.0,0.0,0.016622358933091164
28336.0,0.0,0.02236247807741165
28337.0,0.0,0.023922305554151535
28338.0,0.0,0.05078724026679993
28339.0,0.0,0.024906201288104057
28340.0,0.0,0.014605714939534664
28341.0,0.0,0.025771109387278557
28342.0,0.0,0.014555196277797222
28343.0,0.0,0.017693044617772102
28344.0,0.0,0.024327654391527176
28345.0,0.0,0.01704694889485836
28346.0,0.0,0.02653190866112709
28347.0,0.0,0.017184067517518997
28348.0,0.0,0.025771109387278557
28349.0,0.0,0.02445853315293789
28350.0,0.0,0.023636609315872192
28351.0,0.0,0.026122327893972397
28352.0,0.0,0.015590906143188477
28353.0,0.0,0.02314114384353161
28354.0,0.0,0.036332447081804276
28355.0,0.0,0.017378058284521103
28356.0,0.0,0.02445853315293789
28357.0,0.0,0.05730250105261803
28358.0,0.0,0.015638090670108795
28359.0,0.0,0.02440434880554676
28360.0,0.0,0.0015030310023576021
28361.0,0.0,0.0263888631016016
28362.0,0.0,0.024717602878808975
28363.0,0.0,0.05848557502031326
28364.0,0.0,0.018970008939504623
28365.0,0.0,0.0013608243316411972
28366.0,0.0,0.015590906143188477
28367.0,0.0,0.0013714581727981567
28368.0,0.0,0.015916068106889725
28369.0,0.0,0.0014401210937649012
28370.0,0.0,0.0008638596627861261
28371.0,0.0,0.02663862146437168
28372.0,0.0,0.027234036475419998
28373.0,0.0,0.029652222990989685
28374.0,0.0,0.04935383051633835
28375.0,0.0,0.02481570467352867
28376.0,0.0,0.06087524816393852
28377.0,1.0,0.3999558687210083
28378.0,0.0,0.05746499449014664
28379.0,0.0,0.0013770321384072304
28380.0,0.0,0.0019138067727908492
28381.0,0.0,0.023853830993175507
28382.0,0.0,0.014891373924911022
28383.0,1.0,0.4443788528442383
28384.0,0.0,0.025771109387278557
28385.0,0.0,0.024970166385173798
28386.0,0.0,0.016435613855719566
28387.0,0.0,0.026425663381814957
28388.0,0.0,0.015590906143188477
28389.0,0.0,0.015878908336162567
28390.0,1.0,0.4649137854576111
28391.0,0.0,0.018215972930192947
28392.0,0.0,0.040982529520988464
28393.0,0.0,0.03343838080763817
28394.0,0.0,0.06978034228086472
28395.0,0.0,0.03873663395643234
28396.0,0.0,0.027234036475419998
28397.0,0.0,0.001305232523009181
28398.0,0.0,0.0016125161200761795
28399.0,0.0,0.02440434880554676
28400.0,0.0,0.05990281701087952
28401.0,0.0,0.014777462929487228
28402.0,0.0,0.04850958287715912
28403.0,0.0,0.022331207990646362
28404.0,0.0,0.05708349123597145
28405.0,0.0,0.024555636569857597
28406.0,0.0,0.02854803204536438
28407.0,0.0,0.03702286630868912
28408.0,0.0,0.027755847200751305
28409.0,0.0,0.02663862146437168
28410.0,0.0,0.026122327893972397
28411.0,0.0,0.02749258652329445
28412.0,0.0,0.023887183517217636
28413.0,0.0,0.02445853315293789
28414.0,0.0,0.025005033239722252
28415.0,0.0,0.023887183517217636
28416.0,0.0,0.013183912262320518
28417.0,0.0,0.4122503101825714
28418.0,0.0,0.4773422181606293
28419.0,0.0,0.015938570722937584
28420.0,0.0,0.01629883050918579
28421.0,0.0,0.02314114384353161
28422.0,1.0,0.4183172583580017
28423.0,0.0,0.0014412200544029474
28424.0,0.0,0.024906201288104057
28425.0,0.0,0.024590618908405304
28426.0,0.0,0.03889988735318184
28427.0,0.0,0.02440434880554676
28428.0,0.0,0.016622358933091164
28429.0,0.0,0.016777299344539642
28430.0,0.0,0.025771109387278557
28431.0,0.0,0.015878908336162567
28432.0,0.0,0.025771109387278557
28433.0,0.0,0.015938570722937584
28434.0,0.0,0.022331207990646362
28435.0,0.0,0.024555636569857597
28436.0,0.0,0.025043737143278122
28437.0,0.0,0.027234036475419998
28438.0,0.0,0.0013536671176552773
28439.0,0.0,0.015413998626172543
28440.0,0.0,0.02544485405087471
28441.0,0.0,0.0014202744932845235
28442.0,0.0,0.037240318953990936
28443.0,0.0,0.029535578563809395
28444.0,0.0,0.05300005525350571
28445.0,0.0,0.003702954389154911
28446.0,0.0,0.025873281061649323
28447.0,0.0,0.024854116141796112
28448.0,0.0,0.0013750650687143207
28449.0,0.0,0.0013714581727981567
28450.0,0.0,0.02445853315293789
28451.0,0.0,0.05522727221250534
28452.0,0.0,0.016097549349069595
28453.0,0.0,0.016293639317154884
28454.0,0.0,0.023887183517217636
28455.0,0.0,0.02632135897874832
28456.0,0.0,0.027234036475419998
28457.0,0.0,0.03657814487814903
28458.0,0.0,0.023568198084831238
28459.0,0.0,0.06024523451924324
28460.0,1.0,0.9773854613304138
28461.0,0.0,0.024556316435337067
28462.0,0.0,0.025005033239722252
28463.0,0.0,0.022847406566143036
28464.0,0.0,0.02236247807741165
28465.0,0.0,0.025283005088567734
28466.0,0.0,0.017739813774824142
28467.0,0.0,0.016435613855719566
28468.0,0.0,0.03556228429079056
28469.0,0.0,0.015878908336162567
28470.0,0.0,0.015556056052446365
28471.0,0.0,0.023636609315872192
28472.0,0.0,0.45069366693496704
28473.0,0.0,0.024906201288104057
28474.0,0.0,0.017969094216823578
28475.0,0.0,0.025771109387278557
28476.0,0.0,0.014891373924911022
28477.0,0.0,0.023636609315872192
28478.0,0.0,0.023877102881669998
28479.0,0.0,0.016121400520205498
28480.0,0.0,0.024871468544006348
28481.0,0.0,0.02544485405087471
28482.0,1.0,0.4392189085483551
28483.0,0.0,0.026425663381814957
28484.0,0.0,0.02314114384353161
28485.0,0.0,0.03626136854290962
28486.0,0.0,0.017969094216823578
28487.0,0.0,0.024717602878808975
28488.0,0.0,0.02854803204536438
28489.0,0.0,0.0013714581727981567
28490.0,0.0,0.05795514956116676
28491.0,0.0,0.0013714581727981567
28492.0,0.0,0.015878908336162567
28493.0,1.0,0.05468479543924332
28494.0,1.0,0.9775524139404297
28495.0,0.0,0.024717602878808975
28496.0,0.0,0.01618671976029873
28497.0,0.0,0.03967888653278351
28498.0,0.0,0.017969094216823578
28499.0,0.0,0.01632116362452507
28500.0,0.0,0.024717602878808975
28501.0,0.0,0.02207839861512184
28502.0,0.0,0.03527308255434036
28503.0,0.0,0.015878908336162567
28504.0,0.0,0.035823285579681396
28505.0,0.0,0.04354483634233475
28506.0,0.0,0.036484528332948685
28507.0,0.0,0.0013978133210912347
28508.0,0.0,0.02236247807741165
28509.0,0.0,0.0015549295349046588
28510.0,0.0,0.0012720894301310182
28511.0,0.0,0.025771109387278557
28512.0,0.0,0.03960162028670311
28513.0,0.0,0.02517021633684635
28514.0,0.0,0.014743927866220474
28515.0,0.0,0.02236247807741165
28516.0,0.0,0.024906201288104057
28517.0,0.0,0.018040908500552177
28518.0,0.0,0.0014202744932845235
28519.0,0.0,0.016435613855719566
28520.0,0.0,0.014743927866220474
28521.0,0.0,0.030525844544172287
28522.0,0.0,0.01886281929910183
28523.0,0.0,0.025771109387278557
28524.0,0.0,0.025771109387278557
28525.0,0.0,0.025771109387278557
28526.0,0.0,0.01722889207303524
28527.0,0.0,0.02536497637629509
28528.0,0.0,0.015413998626172543
28529.0,0.0,0.025005033239722252
28530.0,0.0,0.016766361892223358
28531.0,0.0,0.433670312166214
28532.0,0.0,0.0012283599935472012
28533.0,0.0,0.024717602878808975
28534.0,0.0,0.025873281061649323
28535.0,0.0,0.0019410093082115054
28536.0,0.0,0.02544485405087471
28537.0,0.0,0.0014202744932845235
28538.0,0.0,0.06756037473678589
28539.0,0.0,0.01899777166545391
28540.0,0.0,0.017969094216823578
28541.0,0.0,0.039906181395053864
28542.0,0.0,0.04717712476849556
28543.0,0.0,0.05983950197696686
28544.0,0.0,0.05219879001379013
28545.0,0.0,0.06640664488077164
28546.0,0.0,0.03832509368658066
28547.0,0.0,0.016435613855719566
28548.0,1.0,0.016122156754136086
28549.0,0.0,0.0016694687074050307
28550.0,0.0,0.017969094216823578
28551.0,0.0,0.02525683492422104
28552.0,0.0,0.037583593279123306
28553.0,0.0,0.016529247164726257
28554.0,0.0,0.018040908500552177
28555.0,0.0,0.025005033239722252
28556.0,0.0,0.011426706798374653
28557.0,0.0,0.03722723200917244
28558.0,0.0,0.02663862146437168
28559.0,0.0,0.017969094216823578
28560.0,0.0,0.0013047066750004888
28561.0,0.0,0.02035563439130783
28562.0,0.0,0.035130035132169724
28563.0,0.0,0.029936516657471657
28564.0,0.0,0.4122503101825714
28565.0,0.0,0.02544485405087471
28566.0,1.0,0.015116751194000244
28567.0,0.0,0.024590618908405304
28568.0,0.0,0.025771109387278557
28569.0,0.0,0.02481570467352867
28570.0,0.0,0.027234036475419998
28571.0,0.0,0.025545770302414894
28572.0,0.0,0.018040908500552177
28573.0,0.0,0.027341853827238083
28574.0,0.0,0.0014260467141866684
28575.0,0.0,0.024871468544006348
28576.0,0.0,0.02632135897874832
28577.0,0.0,0.027001334354281425
28578.0,0.0,0.023853830993175507
28579.0,0.0,0.01678997464478016
28580.0,1.0,0.42740845680236816
28581.0,0.0,0.018772104755043983
28582.0,0.0,0.024717602878808975
28583.0,0.0,0.02314114384353161
28584.0,0.0,0.0030942733865231276
28585.0,0.0,0.02323314920067787
28586.0,0.0,0.012085461057722569
28587.0,0.0,0.02624538727104664
28588.0,0.0,0.027234036475419998
28589.0,0.0,0.02236247807741165
28590.0,0.0,0.08047429472208023
28591.0,0.0,0.022331207990646362
28592.0,0.0,0.023568198084831238
28593.0,0.0,0.04717712476849556
28594.0,0.0,0.024906201288104057
28595.0,0.0,0.03929007425904274
28596.0,0.0,0.025771109387278557
28597.0,0.0,0.02632135897874832
28598.0,0.0,0.02544485405087471
28599.0,1.0,0.025771109387278557
28600.0,0.0,0.027001334354281425
28601.0,0.0,0.023636609315872192
28602.0,0.0,0.020227687433362007
28603.0,0.0,0.02314114384353161
28604.0,0.0,0.024590618908405304
28605.0,0.0,0.024717602878808975
28606.0,0.0,0.06021404266357422
28607.0,0.0,0.011426706798374653
28608.0,0.0,0.024717602878808975
28609.0,0.0,0.024906201288104057
28610.0,0.0,0.055439580231904984
28611.0,0.0,0.05264653265476227
28612.0,0.0,0.02544485405087471
28613.0,0.0,0.022331207990646362
28614.0,0.0,0.01575755886733532
28615.0,0.0,0.015878908336162567
28616.0,0.0,0.017969094216823578
28617.0,0.0,0.02632135897874832
28618.0,0.0,0.015413998626172543
28619.0,0.0,0.018288765102624893
28620.0,1.0,0.025771109387278557
28621.0,0.0,0.02445853315293789
28622.0,0.0,0.015856554731726646
28623.0,0.0,0.025913292542099953
28624.0,0.0,0.0013714581727981567
28625.0,0.0,0.06865513324737549
28626.0,0.0,0.3513956665992737
28627.0,0.0,0.024717602878808975
28628.0,0.0,0.015878908336162567
28629.0,0.0,0.024906201288104057
28630.0,0.0,0.01758851297199726
28631.0,0.0,0.06290864944458008
28632.0,0.0,0.0031837711576372385
28633.0,0.0,0.03859657794237137
28634.0,0.0,0.025172991678118706
28635.0,0.0,0.03382972255349159
28636.0,0.0,0.036820992827415466
28637.0,0.0,0.025005033239722252
28638.0,0.0,0.02314114384353161
28639.0,0.0,0.013825992122292519
28640.0,0.0,0.003426274750381708
28641.0,0.0,0.02179497294127941
28642.0,0.0,0.01692560501396656
28643.0,0.0,0.026744144037365913
28644.0,0.0,0.017378058284521103
28645.0,0.0,0.027234036475419998
28646.0,0.0,0.015556056052446365
28647.0,0.0,0.024906201288104057
28648.0,0.0,0.025651903823018074
28649.0,0.0,0.06615528464317322
28650.0,1.0,0.4445684850215912
28651.0,0.0,0.016435613855719566
28652.0,0.0,0.030525844544172287
28653.0,0.0,0.0013663552235811949
28654.0,0.0,0.4360010325908661
28655.0,0.0,0.02632135897874832
28656.0,0.0,0.02236247807741165
28657.0,0.0,0.01704694889485836
28658.0,0.0,0.06969044357538223
28659.0,0.0,0.024906201288104057
28660.0,0.0,0.025283005088567734
28661.0,0.0,0.05619528517127037
28662.0,0.0,0.01629883050918579
28663.0,0.0,0.026122327893972397
28664.0,0.0,0.027234036475419998
28665.0,0.0,0.025771109387278557
28666.0,0.0,0.02544485405087471
28667.0,0.0,0.0013694989029318094
28668.0,1.0,0.023924192413687706
28669.0,0.0,0.0013714581727981567
28670.0,0.0,0.025005033239722252
28671.0,0.0,0.026744144037365913
28672.0,0.0,0.024871468544006348
28673.0,0.0,0.06833981722593307
28674.0,0.0,0.040483132004737854
28675.0,0.0,0.017378058284521103
28676.0,0.0,0.025245940312743187
28677.0,0.0,0.01575755886733532
28678.0,0.0,0.027234036475419998
28679.0,0.0,0.017739813774824142
28680.0,0.0,0.01678997464478016
28681.0,0.0,0.026141773909330368
28682.0,1.0,0.024717602878808975
28683.0,0.0,0.030163714662194252
28684.0,0.0,0.04142071679234505
28685.0,1.0,0.015675872564315796
28686.0,0.0,0.016122156754136086
28687.0,1.0,0.6875075101852417
28688.0,0.0,0.024906201288104057
28689.0,0.0,0.026744144037365913
28690.0,0.0,0.009882061742246151
28691.0,0.0,0.025771109387278557
28692.0,0.0,0.027341853827238083
28693.0,0.0,0.02236247807741165
28694.0,0.0,0.0015030310023576021
28695.0,0.0,0.025545770302414894
28696.0,0.0,0.02632135897874832
28697.0,0.0,0.03761137276887894
28698.0,0.0,0.025771109387278557
28699.0,0.0,0.02314114384353161
28700.0,0.0,0.003379453904926777
28701.0,0.0,0.015413998626172543
28702.0,0.0,0.024717602878808975
28703.0,0.0,0.02236247807741165
28704.0,0.0,0.039414212107658386
28705.0,0.0,0.010880522429943085
28706.0,0.0,0.0012266056146472692
28707.0,0.0,0.026963751763105392
28708.0,0.0,0.024788055568933487
28709.0,0.0,0.027234036475419998
28710.0,0.0,0.026706915348768234
28711.0,0.0,0.02628469653427601
28712.0,0.0,0.02663862146437168
28713.0,0.0,0.02663862146437168
28714.0,0.0,0.4532330334186554
28715.0,0.0,0.02632135897874832
28716.0,0.0,0.01618671976029873
28717.0,0.0,0.02624538727104664
28718.0,0.0,0.05915085971355438
28719.0,0.0,0.06344211101531982
28720.0,0.0,0.03685896098613739
28721.0,0.0,0.023922305554151535
28722.0,0.0,0.017969094216823578
28723.0,0.0,0.022685261443257332
28724.0,0.0,0.02814936637878418
28725.0,0.0,0.025873281061649323
28726.0,0.0,0.022451452910900116
28727.0,0.0,0.05533432960510254
28728.0,0.0,0.011426706798374653
28729.0,0.0,0.025005033239722252
28730.0,0.0,0.34169960021972656
28731.0,0.0,0.024717602878808975
28732.0,0.0,0.0014572733780369163
28733.0,0.0,0.015916135162115097
28734.0,0.0,0.024970166385173798
28735.0,0.0,0.037497278302907944
28736.0,0.0,0.01899777166545391
28737.0,1.0,0.7966729998588562
28738.0,0.0,0.016853002831339836
28739.0,0.0,0.02314114384353161
28740.0,0.0,0.022847406566143036
28741.0,0.0,0.024906201288104057
28742.0,0.0,0.02398207224905491
28743.0,0.0,0.06375277787446976
28744.0,1.0,0.6906155943870544
28745.0,0.0,0.0015030310023576021
28746.0,0.0,0.016225576400756836
28747.0,0.0,0.015202022157609463
28748.0,0.0,0.014743927866220474
28749.0,0.0,0.0012333538616076112
28750.0,0.0,0.0012555853463709354
28751.0,0.0,0.0012124227359890938
28752.0,0.0,0.023853830993175507
28753.0,0.0,0.0014078195672482252
28754.0,0.0,0.029535578563809395
28755.0,0.0,0.0013608243316411972
28756.0,0.0,0.014276108704507351
28757.0,0.0,0.029163094237446785
28758.0,0.0,0.026301685720682144
28759.0,0.0,0.04240632802248001
28760.0,0.0,0.4270581603050232
28761.0,0.0,0.015878908336162567
28762.0,1.0,0.9961143732070923
28763.0,1.0,0.039917442947626114
28764.0,0.0,0.016435613855719566
28765.0,0.0,0.029769327491521835
28766.0,0.0,0.05607227236032486
28767.0,0.0,0.022451452910900116
28768.0,0.0,0.02481570467352867
28769.0,0.0,0.06021404266357422
28770.0,0.0,0.011426706798374653
28771.0,1.0,0.4486140012741089
28772.0,0.0,0.015590906143188477
28773.0,0.0,0.44283321499824524
28774.0,0.0,0.0270602498203516
28775.0,0.0,0.0012772607151418924
28776.0,0.0,0.025873281061649323
28777.0,0.0,0.06204981729388237
28778.0,0.0,0.02481570467352867
28779.0,0.0,0.06266964226961136
28780.0,0.0,0.025771109387278557
28781.0,0.0,0.02236247807741165
28782.0,0.0,0.024717602878808975
28783.0,0.0,0.0014202744932845235
28784.0,0.0,0.025771109387278557
28785.0,0.0,0.02381543442606926
28786.0,0.0,0.02632135897874832
28787.0,0.0,0.43704754114151
28788.0,0.0,0.025651903823018074
28789.0,0.0,0.014891373924911022
28790.0,0.0,0.023922305554151535
28791.0,0.0,0.016122156754136086
28792.0,0.0,0.001280923024751246
28793.0,0.0,0.017739813774824142
28794.0,0.0,0.036167774349451065
28795.0,0.0,0.0013608243316411972
28796.0,0.0,0.02544485405087471
28797.0,0.0,0.016435613855719566
28798.0,0.0,0.02236247807741165
28799.0,0.0,0.02323314920067787
28800.0,0.0,0.024717602878808975
28801.0,0.0,0.02709795907139778
28802.0,0.0,0.025005033239722252
28803.0,0.0,0.06615528464317322
28804.0,0.0,0.05826232582330704
28805.0,0.0,0.0031224119011312723
28806.0,0.0,0.022451452910900116
28807.0,1.0,0.4316074550151825
28808.0,0.0,0.024906201288104057
28809.0,0.0,0.026481470093131065
28810.0,0.0,0.024906201288104057
28811.0,0.0,0.03634200617671013
28812.0,0.0,0.023474901914596558
28813.0,0.0,0.0012333538616076112
28814.0,0.0,0.02179497294127941
28815.0,0.0,0.04309716820716858
28816.0,0.0,0.013356479816138744
28817.0,0.0,0.05812613666057587
28818.0,0.0,0.016507046297192574
28819.0,0.0,0.003215646604076028
28820.0,0.0,0.041112322360277176
28821.0,1.0,0.05708160996437073
28822.0,0.0,0.021872084587812424
28823.0,0.0,0.016530299559235573
28824.0,0.0,0.33927401900291443
28825.0,0.0,0.024590618908405304
28826.0,0.0,0.0416160449385643
28827.0,0.0,0.025771109387278557
28828.0,0.0,0.018215972930192947
28829.0,0.0,0.025771109387278557
28830.0,0.0,0.017969094216823578
28831.0,0.0,0.0013694989029318094
28832.0,0.0,0.024906201288104057
28833.0,0.0,0.06368388235569
28834.0,0.0,0.016225576400756836
28835.0,0.0,0.024123454466462135
28836.0,0.0,0.01678997464478016
28837.0,0.0,0.02660154178738594
28838.0,0.0,0.02314114384353161
28839.0,0.0,0.05007992312312126
28840.0,0.0,0.011426706798374653
28841.0,0.0,0.02236247807741165
28842.0,0.0,0.027234036475419998
28843.0,0.0,0.021197669208049774
28844.0,0.0,0.015878908336162567
28845.0,0.0,0.04850958287715912
28846.0,0.0,0.025771109387278557
28847.0,0.0,0.035494234412908554
28848.0,0.0,0.003206670517101884
28849.0,0.0,0.02632135897874832
28850.0,0.0,0.06266964226961136
28851.0,0.0,0.023922305554151535
28852.0,0.0,0.02314114384353161
28853.0,0.0,0.025771109387278557
28854.0,0.0,0.024871468544006348
28855.0,0.0,0.016122156754136086
28856.0,0.0,0.0012720894301310182
28857.0,0.0,0.027424313127994537
28858.0,0.0,0.026982497423887253
28859.0,0.0,0.01521681435406208
28860.0,0.0,0.06632447987794876
28861.0,0.0,0.0014693202683702111
28862.0,0.0,0.022576697170734406
28863.0,0.0,0.023887183517217636
28864.0,0.0,0.018040908500552177
28865.0,0.0,0.024231432005763054
28866.0,0.0,0.0013694989029318094
28867.0,0.0,0.027234036475419998
28868.0,0.0,0.016435613855719566
28869.0,0.0,0.3912394940853119
28870.0,0.0,0.04019296169281006
28871.0,0.0,0.015413998626172543
28872.0,0.0,0.016122156754136086
28873.0,0.0,0.02314114384353161
28874.0,0.0,0.009604624472558498
28875.0,0.0,0.04158467799425125
28876.0,0.0,0.015878908336162567
28877.0,1.0,0.4392189085483551
28878.0,0.0,0.0013694989029318094
28879.0,0.0,0.014700775034725666
28880.0,0.0,0.01692560501396656
28881.0,0.0,0.022397181019186974
28882.0,0.0,0.026981458067893982
28883.0,0.0,0.02632135897874832
28884.0,0.0,0.018288765102624893
28885.0,0.0,0.0012772607151418924
28886.0,0.0,0.02663862146437168
28887.0,0.0,0.014124889858067036
28888.0,0.0,0.026122327893972397
28889.0,0.0,0.0014202744932845235
28890.0,1.0,0.4197966754436493
28891.0,0.0,0.01899777166545391
28892.0,0.0,0.0013714581727981567
28893.0,0.0,0.016435613855719566
28894.0,0.0,0.017378058284521103
28895.0,0.0,0.05237181484699249
28896.0,0.0,0.024906201288104057
28897.0,0.0,0.03343838080763817
28898.0,0.0,0.05983950197696686
28899.0,0.0,0.024717602878808975
28900.0,0.0,0.06021404266357422
28901.0,0.0,0.023887183517217636
28902.0,0.0,0.025771109387278557
28903.0,0.0,0.02632135897874832
28904.0,0.0,0.12364953011274338
28905.0,0.0,0.3513956665992737
28906.0,0.0,0.05817730352282524
28907.0,0.0,0.030270930379629135
28908.0,0.0,0.024906201288104057
28909.0,0.0,0.0015115386340767145
28910.0,0.0,0.0014078195672482252
28911.0,0.0,0.01899777166545391
28912.0,0.0,0.014800571836531162
28913.0,0.0,0.0014260467141866684
28914.0,1.0,0.5905824303627014
28915.0,0.0,0.0016403414774686098
28916.0,0.0,0.35719504952430725
28917.0,0.0,0.02236247807741165
28918.0,0.0,0.024906201288104057
28919.0,0.0,0.024906201288104057
28920.0,0.0,0.4287012219429016
28921.0,0.0,0.02481570467352867
28922.0,0.0,0.024556316435337067
28923.0,0.0,0.02426704578101635
28924.0,0.0,0.027234036475419998
28925.0,0.0,0.03774404153227806
28926.0,0.0,0.02632135897874832
28927.0,0.0,0.059282299131155014
28928.0,0.0,0.01924145594239235
28929.0,0.0,0.003915969282388687
28930.0,0.0,0.08037769794464111
28931.0,0.0,0.03819773718714714
28932.0,0.0,0.025545770302414894
28933.0,0.0,0.04019296169281006
28934.0,0.0,0.015345773659646511
28935.0,0.0,0.016122156754136086
28936.0,1.0,0.027234036475419998
28937.0,0.0,0.025945642963051796
28938.0,0.0,0.02355126105248928
28939.0,0.0,0.0013983751414343715
28940.0,0.0,0.023948587477207184
28941.0,0.0,0.0013714581727981567
28942.0,0.0,0.0014502613339573145
28943.0,0.0,0.43026041984558105
28944.0,0.0,0.05599655583500862
28945.0,0.0,0.025771109387278557
28946.0,0.0,0.016435613855719566
28947.0,0.0,0.027234036475419998
28948.0,0.0,0.05708349123597145
28949.0,0.0,0.041035208851099014
28950.0,0.0,0.03637295961380005
28951.0,0.0,0.02358420193195343
28952.0,0.0,0.025545770302414894
28953.0,1.0,0.43229568004608154
28954.0,0.0,0.02323314920067787
28955.0,0.0,0.024717602878808975
28956.0,0.0,0.024906201288104057
28957.0,0.0,0.025873281061649323
28958.0,0.0,0.025771109387278557
28959.0,0.0,0.016435613855719566
28960.0,0.0,0.023096319288015366
28961.0,0.0,0.025346089154481888
28962.0,0.0,0.024717602878808975
28963.0,0.0,0.024717602878808975
28964.0,0.0,0.026141773909330368
28965.0,0.0,0.06073381006717682
28966.0,0.0,0.02632135897874832
28967.0,0.0,0.0014075487852096558
28968.0,0.0,0.024871468544006348
28969.0,0.0,0.038782041519880295
28970.0,0.0,0.02870410867035389
28971.0,0.0,0.03683403134346008
28972.0,0.0,0.015986574813723564
28973.0,0.0,0.024906201288104057
28974.0,0.0,0.01722889207303524
28975.0,0.0,0.018288765102624893
28976.0,0.0,0.02070019766688347
28977.0,0.0,0.013825992122292519
28978.0,0.0,0.013495939783751965
28979.0,1.0,0.7712129354476929
28980.0,0.0,0.0012720894301310182
28981.0,0.0,0.03705219551920891
28982.0,0.0,0.02236247807741165
28983.0,0.0,0.010268616490066051
28984.0,0.0,0.016994355246424675
28985.0,0.0,0.03984667360782623
28986.0,0.0,0.01575755886733532
28987.0,0.0,0.017969094216823578
28988.0,0.0,0.022847406566143036
28989.0,0.0,0.02445853315293789
28990.0,0.0,0.025873281061649323
28991.0,0.0,0.024906201288104057
28992.0,0.0,0.05708349123597145
28993.0,0.0,0.03740875422954559
28994.0,0.0,0.025771109387278557
28995.0,0.0,0.057061124593019485
28996.0,0.0,0.02314114384353161
28997.0,0.0,0.01521681435406208
28998.0,1.0,0.493801087141037
28999.0,0.0,0.0036478666588664055
29000.0,0.0,0.011279945261776447
29001.0,0.0,0.026301685720682144
29002.0,0.0,0.05607227236032486
29003.0,0.0,0.02314114384353161
29004.0,0.0,0.010307477787137032
29005.0,0.0,0.43061134219169617
29006.0,0.0,0.05915085971355438
29007.0,0.0,0.027234036475419998
29008.0,0.0,0.025873281061649323
29009.0,0.0,0.017478905618190765
29010.0,1.0,0.05163946375250816
29011.0,0.0,0.02360360138118267
29012.0,0.0,0.0013213740894570947
29013.0,0.0,0.029652222990989685
29014.0,0.0,0.025005033239722252
29015.0,0.0,0.06033015251159668
29016.0,0.0,0.02663862146437168
29017.0,0.0,0.023887183517217636
29018.0,0.0,0.0014018514193594456
29019.0,0.0,0.025873281061649323
29020.0,0.0,0.07619859278202057
29021.0,0.0,0.025873281061649323
29022.0,0.0,0.02398207224905491
29023.0,0.0,0.017094489187002182
29024.0,0.0,0.014777462929487228
29025.0,0.0,0.7951553463935852
29026.0,0.0,0.027234036475419998
29027.0,1.0,0.8367125391960144
29028.0,0.0,0.0287359319627285
29029.0,0.0,0.0014731851406395435
29030.0,0.0,0.027341853827238083
29031.0,0.0,0.022451452910900116
29032.0,0.0,0.028332654386758804
29033.0,1.0,0.050926804542541504
29034.0,0.0,0.0013663552235811949
29035.0,0.0,0.041363924741744995
29036.0,0.0,0.016435613855719566
29037.0,0.0,0.04097719117999077
29038.0,0.0,0.026141773909330368
29039.0,0.0,0.02398207224905491
29040.0,0.0,0.025771109387278557
29041.0,0.0,0.025073513388633728
29042.0,0.0,0.010713044553995132
29043.0,0.0,0.02207839861512184
29044.0,0.0,0.035886865109205246
29045.0,0.0,0.014621013775467873
29046.0,0.0,0.027341853827238083
29047.0,0.0,0.025771109387278557
29048.0,0.0,0.02323314920067787
29049.0,0.0,0.05522727221250534
29050.0,0.0,0.01704694889485836
29051.0,0.0,0.025005033239722252
29052.0,0.0,0.025005033239722252
29053.0,0.0,0.024906201288104057
29054.0,0.0,0.05522727221250534
29055.0,0.0,0.024906201288104057
29056.0,0.0,0.02526475116610527
29057.0,0.0,0.01607489213347435
29058.0,0.0,0.04095249995589256
29059.0,0.0,0.025550583377480507
29060.0,0.0,0.06044430285692215
29061.0,0.0,0.0013608243316411972
29062.0,0.0,0.014870388433337212
29063.0,0.0,0.06198906525969505
29064.0,0.0,0.02544485405087471
29065.0,0.0,0.0012999485479667783
29066.0,0.0,0.01521681435406208
29067.0,0.0,0.01574668474495411
29068.0,0.0,0.017336970195174217
29069.0,0.0,0.027341853827238083
29070.0,0.0,0.025771109387278557
29071.0,0.0,0.016122156754136086
29072.0,0.0,0.02624538727104664
29073.0,0.0,0.025771109387278557
29074.0,0.0,0.0013591691385954618
29075.0,0.0,0.026122327893972397
29076.0,0.0,0.0013591691385954618
29077.0,0.0,0.027424313127994537
29078.0,0.0,0.016122156754136086
29079.0,0.0,0.016435613855719566
29080.0,0.0,0.025771109387278557
29081.0,0.0,0.024556316435337067
29082.0,0.0,0.025873281061649323
29083.0,0.0,0.014297300949692726
29084.0,0.0,0.0036289540585130453
29085.0,0.0,0.02854803204536438
29086.0,0.0,0.0012266056146472692
29087.0,0.0,0.4907330572605133
29088.0,0.0,0.0014412200544029474
29089.0,0.0,0.025771109387278557
29090.0,0.0,0.025873281061649323
29091.0,0.0,0.024906201288104057
29092.0,0.0,0.02632135897874832
29093.0,0.0,0.02660154178738594
29094.0,0.0,0.02663862146437168
29095.0,0.0,0.025771109387278557
29096.0,0.0,0.03257463872432709
29097.0,0.0,0.06512225419282913
29098.0,0.0,0.0019508488476276398
29099.0,0.0,0.024906201288104057
29100.0,0.0,0.024871468544006348
29101.0,0.0,0.06175331398844719
29102.0,0.0,0.024871468544006348
29103.0,0.0,0.016435613855719566
29104.0,0.0,0.0013516949256882071
29105.0,0.0,0.05429469048976898
29106.0,0.0,0.4360010325908661
29107.0,0.0,0.026122327893972397
29108.0,0.0,0.02814936637878418
29109.0,0.0,0.027234036475419998
29110.0,0.0,0.01629883050918579
29111.0,0.0,0.014743927866220474
29112.0,0.0,0.02544485405087471
29113.0,0.0,0.05533432960510254
29114.0,0.0,0.015878908336162567
29115.0,0.0,0.02544485405087471
29116.0,0.0,0.3513956665992737
29117.0,0.0,0.04041016474366188
29118.0,0.0,0.027234036475419998
29119.0,0.0,0.023887183517217636
29120.0,0.0,0.0013462231727316976
29121.0,0.0,0.024906201288104057
29122.0,0.0,0.025346089154481888
29123.0,0.0,0.36254504323005676
29124.0,0.0,0.05623804032802582
29125.0,0.0,0.016622358933091164
29126.0,0.0,0.05264653265476227
29127.0,0.0,0.030525844544172287
29128.0,0.0,0.011653993278741837
29129.0,0.0,0.0012970002135261893
29130.0,0.0,0.024590618908405304
29131.0,0.0,0.02710825391113758
29132.0,0.0,0.01678997464478016
29133.0,0.0,0.016097549349069595
29134.0,0.0,0.0013536671176552773
29135.0,0.0,0.058941278606653214
29136.0,0.0,0.04056795686483383
29137.0,0.0,0.4360010325908661
29138.0,0.0,0.024906201288104057
29139.0,0.0,0.024556316435337067
29140.0,0.0,0.0014412200544029474
29141.0,0.0,0.02314114384353161
29142.0,0.0,0.010713044553995132
29143.0,1.0,0.42550188302993774
29144.0,0.0,0.8454710245132446
29145.0,0.0,0.025873281061649323
29146.0,0.0,0.02632135897874832
29147.0,0.0,0.01704694889485836
29148.0,0.0,0.02734609693288803
29149.0,0.0,0.02632135897874832
29150.0,0.0,0.02418375387787819
29151.0,0.0,0.01574668474495411
29152.0,0.0,0.42014530301094055
29153.0,0.0,0.024906201288104057
29154.0,0.0,0.0013193896738812327
29155.0,0.0,0.02348615787923336
29156.0,0.0,0.01635638438165188
29157.0,1.0,0.4051615595817566
29158.0,0.0,0.017739813774824142
29159.0,0.0,0.015916135162115097
29160.0,0.0,0.016293639317154884
29161.0,0.0,0.02323314920067787
29162.0,0.0,0.02465379238128662
29163.0,0.0,0.025073513388633728
29164.0,0.0,0.061310164630413055
29165.0,0.0,0.02663862146437168
29166.0,0.0,0.01575755886733532
29167.0,0.0,0.027341853827238083
29168.0,0.0,0.02360360138118267
29169.0,0.0,0.028221415355801582
29170.0,0.0,0.05623804032802582
29171.0,0.0,0.0013714581727981567
29172.0,0.0,0.0013714581727981567
29173.0,0.0,0.027234036475419998
29174.0,0.0,0.01575755886733532
29175.0,0.0,0.011426706798374653
29176.0,0.0,0.13571999967098236
29177.0,1.0,0.010400586761534214
29178.0,0.0,0.017364010214805603
29179.0,0.0,0.019517777487635612
29180.0,0.0,0.025616150349378586
29181.0,0.0,0.015878908336162567
29182.0,0.0,0.025346089154481888
29183.0,0.0,0.05983950197696686
29184.0,0.0,0.0035487909335643053
29185.0,0.0,0.016362937167286873
29186.0,0.0,0.026122327893972397
29187.0,0.0,0.026425663381814957
29188.0,0.0,0.025771109387278557
29189.0,0.0,0.025771109387278557
29190.0,0.0,0.016665125265717506
29191.0,0.0,0.02632135897874832
29192.0,0.0,0.01574668474495411
29193.0,0.0,0.027341853827238083
29194.0,0.0,0.016435613855719566
29195.0,1.0,0.3513956665992737
29196.0,0.0,0.024906201288104057
29197.0,0.0,0.03508663550019264
29198.0,0.0,0.016435613855719566
29199.0,0.0,0.027428707107901573
29200.0,0.0,0.025771109387278557
29201.0,0.0,0.02854803204536438
29202.0,0.0,0.06689666211605072
29203.0,0.0,0.017969094216823578
29204.0,0.0,0.02314114384353161
29205.0,0.0,0.003705400275066495
29206.0,0.0,0.014621013775467873
29207.0,0.0,0.038543496280908585
29208.0,0.0,0.0375516377389431
29209.0,0.0,0.015574609860777855
29210.0,0.0,0.0013608243316411972
29211.0,1.0,0.45423975586891174
29212.0,0.0,0.02440434880554676
29213.0,0.0,0.02465379238128662
29214.0,0.0,0.4316074550151825
29215.0,0.0,0.04094049707055092
29216.0,0.0,0.024906201288104057
29217.0,0.0,0.01571263000369072
29218.0,0.0,0.02544485405087471
29219.0,0.0,0.041112322360277176
29220.0,1.0,0.0013714581727981567
29221.0,0.0,0.025913292542099953
29222.0,0.0,0.023887183517217636
29223.0,0.0,0.061627063900232315
29224.0,0.0,0.030646273866295815
29225.0,0.0,0.025873281061649323
29226.0,0.0,0.0014260467141866684
29227.0,0.0,0.03838136047124863
29228.0,0.0,0.03634200617671013
29229.0,0.0,0.026744144037365913
29230.0,0.0,0.0012908532517030835
29231.0,0.0,0.010159410536289215
29232.0,0.0,0.0008859550580382347
29233.0,0.0,0.042357251048088074
29234.0,0.0,0.05764511972665787
29235.0,0.0,0.023612098768353462
29236.0,0.0,0.016421860083937645
29237.0,0.0,0.014243694953620434
29238.0,0.0,0.018330127000808716
29239.0,0.0,0.07181581854820251
29240.0,0.0,0.026814289391040802
29241.0,0.0,0.016435613855719566
29242.0,0.0,0.025771109387278557
29243.0,0.0,0.02632135897874832
29244.0,0.0,0.05795514956116676
29245.0,0.0,0.03012186661362648
29246.0,0.0,0.0013462231727316976
29247.0,1.0,0.4037907123565674
29248.0,0.0,0.017969094216823578
29249.0,1.0,0.43026041984558105
29250.0,0.0,0.00330717652104795
29251.0,0.0,0.02207839861512184
29252.0,0.0,0.01899777166545391
29253.0,0.0,0.023922305554151535
29254.0,0.0,0.024906201288104057
29255.0,0.0,0.016122156754136086
29256.0,0.0,0.06509760767221451
29257.0,0.0,0.028024164959788322
29258.0,0.0,0.06452606618404388
29259.0,0.0,0.06131014972925186
29260.0,0.0,0.025545770302414894
29261.0,0.0,0.015202022157609463
29262.0,0.0,0.02660154178738594
29263.0,0.0,0.021324370056390762
29264.0,0.0,0.01689310371875763
29265.0,0.0,0.026301685720682144
29266.0,0.0,0.0183898713439703
29267.0,0.0,0.0016901070484891534
29268.0,0.0,0.025771109387278557
29269.0,0.0,0.02544485405087471
29270.0,0.0,0.052359867841005325
29271.0,0.0,0.4616709053516388
29272.0,0.0,0.017794452607631683
29273.0,1.0,0.017968246713280678
29274.0,0.0,0.024906201288104057
29275.0,1.0,0.46064630150794983
29276.0,0.0,0.02264479734003544
29277.0,0.0,0.027341853827238083
29278.0,0.0,0.023568198084831238
29279.0,0.0,0.02544485405087471
29280.0,0.0,0.03506157919764519
29281.0,0.0,0.03627697005867958
29282.0,0.0,0.05525912344455719
29283.0,0.0,0.027234036475419998
29284.0,0.0,0.01574668474495411
29285.0,1.0,0.9962475895881653
29286.0,0.0,0.03950551897287369
29287.0,0.0,0.06044430285692215
29288.0,0.0,0.027234036475419998
29289.0,0.0,0.05599655583500862
29290.0,0.0,0.02826070226728916
29291.0,0.0,0.017474841326475143
29292.0,0.0,0.06131014972925186
29293.0,0.0,0.026122327893972397
29294.0,0.0,0.01899777166545391
29295.0,0.0,0.02544485405087471
29296.0,0.0,0.01562632992863655
29297.0,0.0,0.017503555864095688
29298.0,0.0,0.024017333984375
29299.0,0.0,0.028085563331842422
29300.0,0.0,0.023887183517217636
29301.0,0.0,0.031328391283750534
29302.0,0.0,0.016777299344539642
29303.0,1.0,0.4287012219429016
29304.0,0.0,0.04415479302406311
29305.0,0.0,0.01757531799376011
29306.0,0.0,0.029535578563809395
29307.0,0.0,0.038637902587652206
29308.0,0.0,0.0014078195672482252
29309.0,0.0,0.06744326651096344
29310.0,0.0,0.041112322360277176
29311.0,0.0,0.017329560592770576
29312.0,0.0,0.023636609315872192
29313.0,0.0,0.027234036475419998
29314.0,0.0,0.024906201288104057
29315.0,0.0,0.025771109387278557
29316.0,0.0,0.026425663381814957
29317.0,0.0,0.017378058284521103
29318.0,0.0,0.02559009939432144
29319.0,0.0,0.02628469653427601
29320.0,1.0,0.024871468544006348
29321.0,0.0,0.0008262804476544261
29322.0,0.0,0.06113040819764137
29323.0,0.0,0.02358420193195343
29324.0,0.0,0.0012741065584123135
29325.0,0.0,0.024231432005763054
29326.0,0.0,0.02323314920067787
29327.0,0.0,0.028982939198613167
29328.0,0.0,0.023922305554151535
29329.0,0.0,0.015878908336162567
29330.0,0.0,0.0035209818743169308
29331.0,0.0,0.015413998626172543
29332.0,0.0,0.025255316868424416
29333.0,0.0,0.02641528844833374
29334.0,0.0,0.02357960119843483
29335.0,0.0,0.002861025044694543
29336.0,0.0,0.016777299344539642
29337.0,0.0,0.030163714662194252
29338.0,0.0,0.019136080518364906
29339.0,0.0,0.035611413419246674
29340.0,0.0,0.06512225419282913
29341.0,0.0,0.024906201288104057
29342.0,0.0,0.003226036438718438
29343.0,1.0,0.43061134219169617
29344.0,0.0,0.023924192413687706
29345.0,0.0,0.05932007357478142
29346.0,0.0,0.0013140484225004911
29347.0,0.0,0.025005033239722252
29348.0,0.0,0.05660359188914299
29349.0,0.0,0.02632135897874832
29350.0,0.0,0.01899777166545391
29351.0,0.0,0.02628469653427601
29352.0,0.0,0.05812613666057587
29353.0,0.0,0.015574609860777855
29354.0,0.0,0.025771109387278557
29355.0,0.0,0.027234036475419998
29356.0,0.0,0.023922305554151535
29357.0,0.0,0.017739813774824142
29358.0,0.0,0.011426706798374653
29359.0,0.0,0.017810726538300514
29360.0,0.0,0.0014202744932845235
29361.0,0.0,0.024717602878808975
29362.0,0.0,0.02236247807741165
29363.0,0.0,0.0014401210937649012
29364.0,0.0,0.028057031333446503
29365.0,0.0,0.01704694889485836
29366.0,0.0,0.024590618908405304
29367.0,0.0,0.01506237406283617
29368.0,0.0,0.0013213740894570947
29369.0,0.0,0.02440434880554676
29370.0,0.0,0.0013714581727981567
29371.0,0.0,0.0014260467141866684
29372.0,0.0,0.0031331481877714396
29373.0,1.0,0.4461071491241455
29374.0,0.0,0.023474901914596558
29375.0,1.0,0.32667824625968933
29376.0,0.0,0.06344211101531982
29377.0,0.0,0.025771109387278557
29378.0,0.0,0.016122156754136086
29379.0,0.0,0.025245940312743187
29380.0,0.0,0.010245205834507942
29381.0,0.0,0.024555636569857597
29382.0,0.0,0.030025148764252663
29383.0,0.0,0.02314114384353161
29384.0,0.0,0.06326238811016083
29385.0,0.0,0.015246058814227581
29386.0,0.0,0.03513512387871742
29387.0,0.0,0.025771109387278557
29388.0,0.0,0.0014260467141866684
29389.0,0.0,0.026141773909330368
29390.0,0.0,0.025771109387278557
29391.0,0.0,0.06344211101531982
29392.0,0.0,0.03627697005867958
29393.0,1.0,0.4037907123565674
29394.0,0.0,0.026425663381814957
29395.0,0.0,0.0262258630245924
29396.0,0.0,0.027341853827238083
29397.0,0.0,0.023636609315872192
29398.0,0.0,0.4392189085483551
29399.0,0.0,0.05787777155637741
29400.0,0.0,0.015224582515656948
29401.0,0.0,0.025873281061649323
29402.0,0.0,0.04322633892297745
29403.0,0.0,0.02632135897874832
29404.0,0.0,0.02207839861512184
29405.0,0.0,0.014369134791195393
29406.0,0.0,0.026265054941177368
29407.0,0.0,0.014276108704507351
29408.0,0.0,0.02445853315293789
29409.0,0.0,0.027234036475419998
29410.0,0.0,0.026425663381814957
29411.0,0.0,0.02591816894710064
29412.0,0.0,0.029278311878442764
29413.0,0.0,0.027341853827238083
29414.0,0.0,0.03508663550019264
29415.0,0.0,0.03224973380565643
29416.0,0.0,0.01629883050918579
29417.0,0.0,0.015916068106889725
29418.0,0.0,0.017969094216823578
29419.0,0.0,0.059674497693777084
29420.0,0.0,0.01678997464478016
29421.0,0.0,0.02753286436200142
29422.0,0.0,0.027234036475419998
29423.0,0.0,0.023730525746941566
29424.0,0.0,0.017969094216823578
29425.0,0.0,0.023922305554151535
29426.0,0.0,0.038782041519880295
29427.0,0.0,0.03858567029237747
29428.0,0.0,0.025005033239722252
29429.0,0.0,0.016225576400756836
29430.0,0.0,0.015590906143188477
29431.0,0.0,0.024906201288104057
29432.0,0.0,0.42605772614479065
29433.0,0.0,0.01575755886733532
29434.0,0.0,0.023887183517217636
29435.0,0.0,0.025771109387278557
29436.0,0.0,0.0012333538616076112
29437.0,0.0,0.0014401210937649012
29438.0,0.0,0.06498962640762329
29439.0,0.0,0.0013694989029318094
29440.0,0.0,0.0012720894301310182
29441.0,1.0,0.4445684850215912
29442.0,0.0,0.017855718731880188
29443.0,0.0,0.062166977673769
29444.0,0.0,0.024717602878808975
29445.0,0.0,0.024871468544006348
29446.0,0.0,0.4532330334186554
29447.0,0.0,0.0014513740316033363
29448.0,0.0,0.025810956954956055
29449.0,0.0,0.030375132337212563
29450.0,0.0,0.024717602878808975
29451.0,1.0,0.9938541650772095
29452.0,0.0,0.025771109387278557
29453.0,0.0,0.02364484779536724
29454.0,1.0,0.05804179608821869
29455.0,0.0,0.026122327893972397
29456.0,0.0,0.02814936637878418
29457.0,0.0,0.01740630343556404
29458.0,0.0,0.0013714581727981567
29459.0,0.0,0.009604624472558498
29460.0,0.0,0.046143122017383575
29461.0,0.0,0.016225576400756836
29462.0,0.0,0.06006842106580734
29463.0,0.0,0.027001334354281425
29464.0,0.0,0.03901994973421097
29465.0,0.0,0.02323314920067787
29466.0,0.0,0.0014260467141866684
29467.0,0.0,0.027234036475419998
29468.0,0.0,0.03761137276887894
29469.0,1.0,0.783696711063385
29470.0,0.0,0.02398207224905491
29471.0,0.0,0.0013608243316411972
29472.0,0.0,0.01629883050918579
29473.0,0.0,0.027234036475419998
29474.0,0.0,0.016994355246424675
29475.0,0.0,0.0014018514193594456
29476.0,0.0,0.05119868740439415
29477.0,0.0,0.24661464989185333
29478.0,0.0,0.015280703082680702
29479.0,0.0,0.02358420193195343
29480.0,0.0,0.038782041519880295
29481.0,0.0,0.0014693202683702111
29482.0,0.0,0.017969094216823578
29483.0,0.0,0.027001334354281425
29484.0,0.0,0.025642139837145805
29485.0,0.0,0.015986574813723564
29486.0,0.0,0.024717602878808975
29487.0,0.0,0.02663862146437168
29488.0,0.0,0.061310164630413055
29489.0,0.0,0.023922305554151535
29490.0,0.0,0.02236247807741165
29491.0,0.0,0.029170837253332138
29492.0,0.0,0.024906201288104057
29493.0,0.0,0.056397695094347
29494.0,0.0,0.028110241517424583
29495.0,0.0,0.05708349123597145
29496.0,0.0,0.023948587477207184
29497.0,0.0,0.035278335213661194
29498.0,0.0,0.02893596701323986
29499.0,0.0,0.024906201288104057
29500.0,0.0,0.04081787168979645
29501.0,0.0,0.024906201288104057
29502.0,0.0,0.024590618908405304
29503.0,0.0,0.05935477837920189
29504.0,0.0,0.0012720894301310182
29505.0,0.0,0.026744144037365913
29506.0,0.0,0.027234036475419998
29507.0,0.0,0.01678997464478016
29508.0,0.0,0.0014260467141866684
29509.0,0.0,0.0020978774409741163
29510.0,0.0,0.04070216044783592
29511.0,0.0,0.022487236186861992
29512.0,1.0,0.028923334553837776
29513.0,0.0,0.01899777166545391
29514.0,0.0,0.0013193896738812327
29515.0,0.0,0.024717602878808975
29516.0,0.0,0.02323314920067787
29517.0,0.0,0.022685261443257332
29518.0,0.0,0.039073653519153595
29519.0,0.0,0.025771109387278557
29520.0,0.0,0.060968462377786636
29521.0,0.0,0.024906201288104057
29522.0,0.0,0.04041016474366188
29523.0,0.0,0.022451452910900116
29524.0,0.0,0.022331207990646362
29525.0,1.0,0.9961143732070923
29526.0,0.0,0.022331207990646362
29527.0,0.0,0.017969094216823578
29528.0,0.0,0.0014513740316033363
29529.0,0.0,0.024501239880919456
29530.0,0.0,0.024717602878808975
29531.0,0.0,0.016435613855719566
29532.0,0.0,0.015375401824712753
29533.0,0.0,0.022331207990646362
29534.0,0.0,0.015413998626172543
29535.0,0.0,0.030141258612275124
29536.0,0.0,0.024880623444914818
29537.0,1.0,0.4532330334186554
29538.0,0.0,0.017378058284521103
29539.0,0.0,0.027234036475419998
29540.0,0.0,0.06368388235569
29541.0,0.0,0.016180245205760002
29542.0,0.0,0.024906201288104057
29543.0,0.0,0.015675872564315796
29544.0,0.0,0.06431885063648224
29545.0,0.0,0.0028884958010166883
29546.0,0.0,0.014027321711182594
29547.0,0.0,0.06722301989793777
29548.0,0.0,0.03922644257545471
29549.0,0.0,0.039073653519153595
29550.0,0.0,0.055439580231904984
29551.0,0.0,0.025771109387278557
29552.0,0.0,0.04230886325240135
29553.0,0.0,0.021657899022102356
29554.0,0.0,0.022847406566143036
29555.0,1.0,0.4342096447944641
29556.0,0.0,0.040483132004737854
29557.0,0.0,0.02314114384353161
29558.0,1.0,0.01678997464478016
29559.0,0.0,0.01722889207303524
29560.0,0.0,0.017008891329169273
29561.0,0.0,0.025873281061649323
29562.0,0.0,0.04041016474366188
29563.0,0.0,0.02663862146437168
29564.0,0.0,0.025873281061649323
29565.0,0.0,0.0014693202683702111
29566.0,0.0,0.019073618575930595
29567.0,0.0,0.01635638438165188
29568.0,0.0,0.07039401680231094
29569.0,0.0,0.015878908336162567
29570.0,0.0,0.022420059889554977
29571.0,0.0,0.014891373924911022
29572.0,0.0,0.024871468544006348
29573.0,0.0,0.022166267037391663
29574.0,0.0,0.019502442330121994
29575.0,0.0,0.025550583377480507
29576.0,0.0,0.04041016474366188
29577.0,0.0,0.018215972930192947
29578.0,0.0,0.024871468544006348
29579.0,0.0,0.02236247807741165
29580.0,0.0,0.03501015901565552
29581.0,0.0,0.036762747913599014
29582.0,0.0,0.001260689808987081
29583.0,0.0,0.022685261443257332
29584.0,0.0,0.016622358933091164
29585.0,0.0,0.024717602878808975
29586.0,0.0,0.025810956954956055
29587.0,0.0,0.016435613855719566
29588.0,0.0,0.024433191865682602
29589.0,0.0,0.025005033239722252
29590.0,0.0,0.024944746866822243
29591.0,0.0,0.0013714581727981567
29592.0,0.0,0.016435613855719566
29593.0,0.0,0.015878908336162567
29594.0,0.0,0.025771109387278557
29595.0,0.0,0.024906201288104057
29596.0,0.0,0.0015549295349046588
29597.0,0.0,0.004028105642646551
29598.0,0.0,0.025771109387278557
29599.0,0.0,0.025873281061649323
29600.0,0.0,0.03710935637354851
29601.0,0.0,0.4455717206001282
29602.0,0.0,0.010266873054206371
29603.0,0.0,0.027234036475419998
29604.0,0.0,0.026744144037365913
29605.0,0.0,0.02854803204536438
29606.0,0.0,0.0013792738318443298
29607.0,0.0,0.025873281061649323
29608.0,0.0,0.026706915348768234
29609.0,0.0,0.05448870733380318
29610.0,0.0,0.02663862146437168
29611.0,0.0,0.015916068106889725
29612.0,0.0,0.04260427877306938
29613.0,0.0,0.004433228634297848
29614.0,0.0,0.025771109387278557
29615.0,0.0,0.024906201288104057
29616.0,0.0,0.06175331398844719
29617.0,1.0,0.06465663015842438
29618.0,0.0,0.017008891329169273
29619.0,0.0,0.01704694889485836
29620.0,0.0,0.01722889207303524
29621.0,0.0,0.017094489187002182
29622.0,0.0,0.01886281929910183
29623.0,0.0,0.04019296169281006
29624.0,0.0,0.02323314920067787
29625.0,0.0,0.06044430285692215
29626.0,0.0,0.026141773909330368
29627.0,0.0,0.03508663550019264
29628.0,0.0,0.016121400520205498
29629.0,0.0,0.05599655583500862
29630.0,0.0,0.025771109387278557
29631.0,0.0,0.016661789268255234
29632.0,0.0,0.025771109387278557
29633.0,0.0,0.02641528844833374
29634.0,0.0,0.3344506025314331
29635.0,0.0,0.0182296484708786
29636.0,0.0,0.017378058284521103
29637.0,0.0,0.0014260467141866684
29638.0,0.0,0.015223466791212559
29639.0,0.0,0.01629883050918579
29640.0,0.0,0.02651994675397873
29641.0,0.0,0.024017333984375
29642.0,0.0,0.011100055649876595
29643.0,0.0,0.02236247807741165
29644.0,0.0,0.05522727221250534
29645.0,0.0,0.0012283599935472012
29646.0,0.0,0.32667824625968933
29647.0,0.0,0.026122327893972397
29648.0,0.0,0.05454898998141289
29649.0,0.0,0.02314114384353161
29650.0,0.0,0.02355126105248928
29651.0,0.0,0.0014202744932845235
29652.0,0.0,0.06021404266357422
29653.0,0.0,0.024717602878808975
29654.0,0.0,0.04097719117999077
29655.0,0.0,0.024906201288104057
29656.0,0.0,0.0014018514193594456
29657.0,0.0,0.05817730352282524
29658.0,0.0,0.02663862146437168
29659.0,1.0,0.06006842106580734
29660.0,0.0,0.025771109387278557
29661.0,0.0,0.05066057667136192
29662.0,0.0,0.025771109387278557
29663.0,0.0,0.06240420788526535
29664.0,1.0,0.9930839538574219
29665.0,0.0,0.003244467545300722
29666.0,0.0,0.024555636569857597
29667.0,0.0,0.056853342801332474
29668.0,0.0,0.014061274006962776
29669.0,1.0,0.04081787168979645
29670.0,0.0,0.017378058284521103
29671.0,0.0,0.025771109387278557
29672.0,0.0,0.027372222393751144
29673.0,0.0,0.025771109387278557
29674.0,0.0,0.018545011058449745
29675.0,0.0,0.02663862146437168
29676.0,0.0,0.05848557502031326
29677.0,0.0,0.02663862146437168
29678.0,0.0,0.014777462929487228
29679.0,0.0,0.017969094216823578
29680.0,0.0,0.01722889207303524
29681.0,0.0,0.025771109387278557
29682.0,0.0,0.01825382560491562
29683.0,0.0,0.025873281061649323
29684.0,0.0,0.03343838080763817
29685.0,0.0,0.0012999485479667783
29686.0,0.0,0.024906201288104057
29687.0,0.0,0.037215910851955414
29688.0,0.0,0.02624538727104664
29689.0,0.0,0.039073653519153595
29690.0,0.0,0.05628763884305954
29691.0,0.0,0.04068289324641228
29692.0,0.0,0.03527308255434036
29693.0,0.0,0.02314114384353161
29694.0,1.0,0.022775495424866676
29695.0,1.0,0.884498655796051
29696.0,0.0,0.011426706798374653
29697.0,0.0,0.013465779833495617
29698.0,0.0,0.02663862146437168
29699.0,0.0,0.025771109387278557
29700.0,0.0,0.025651903823018074
29701.0,0.0,0.025073513388633728
29702.0,1.0,0.018040908500552177
29703.0,0.0,0.0017288743983954191
29704.0,0.0,0.02314114384353161
29705.0,0.0,0.02061801590025425
29706.0,0.0,0.053850870579481125
29707.0,0.0,0.0015030310023576021
29708.0,0.0,0.023730525746941566
29709.0,0.0,0.06021404266357422
29710.0,0.0,0.023730525746941566
29711.0,0.0,0.017969094216823578
29712.0,0.0,0.017336970195174217
29713.0,0.0,0.02710825391113758
29714.0,1.0,0.35456952452659607
29715.0,0.0,0.023887183517217636
29716.0,0.0,0.024906201288104057
29717.0,0.0,0.024906201288104057
29718.0,0.0,0.01766781136393547
29719.0,0.0,0.010952994227409363
29720.0,0.0,0.024717602878808975
29721.0,0.0,0.025005033239722252
29722.0,0.0,0.016435613855719566
29723.0,0.0,0.024871468544006348
29724.0,0.0,0.025771109387278557
29725.0,0.0,0.027234036475419998
29726.0,0.0,0.06208358332514763
29727.0,0.0,0.016435613855719566
29728.0,0.0,0.02654884196817875
29729.0,0.0,0.025771109387278557
29730.0,0.0,0.025771109387278557
29731.0,0.0,0.01704694889485836
29732.0,0.0,0.02628469653427601
29733.0,0.0,0.02481570467352867
29734.0,0.0,0.024717602878808975
29735.0,0.0,0.0013160249218344688
29736.0,0.0,0.026744144037365913
29737.0,0.0,0.02803678810596466
29738.0,0.0,0.018032919615507126
29739.0,0.0,0.02814936637878418
29740.0,0.0,0.027913730591535568
29741.0,0.0,0.025550583377480507
29742.0,0.0,0.0182296484708786
29743.0,0.0,0.04420370236039162
29744.0,0.0,0.42605772614479065
29745.0,0.0,0.024717602878808975
29746.0,1.0,0.4443788528442383
29747.0,0.0,0.01754295639693737
29748.0,0.0,0.06175331398844719
29749.0,0.0,0.028444690629839897
29750.0,0.0,0.025383293628692627
29751.0,0.0,0.017810726538300514
29752.0,0.0,0.017969094216823578
29753.0,0.0,0.024717602878808975
29754.0,0.0,0.0013536671176552773
29755.0,0.0,0.029535578563809395
29756.0,1.0,0.8454277515411377
29757.0,0.0,0.05708349123597145
29758.0,0.0,0.023636609315872192
29759.0,0.0,0.017378058284521103
29760.0,0.0,0.0014202744932845235
29761.0,0.0,0.03969156742095947
29762.0,0.0,0.0597548745572567
29763.0,0.0,0.025229530408978462
29764.0,0.0,0.016435613855719566
29765.0,0.0,0.017115140333771706
29766.0,0.0,0.025550583377480507
29767.0,0.0,0.015856554731726646
29768.0,1.0,0.9763782024383545
29769.0,0.0,0.0014202744932845235
29770.0,0.0,0.016122156754136086
29771.0,0.0,0.027234036475419998
29772.0,0.0,0.03838136047124863
29773.0,0.0,0.06056196615099907
29774.0,0.0,0.027955632656812668
29775.0,0.0,0.02236247807741165
29776.0,0.0,0.011426706798374653
29777.0,0.0,0.02673310600221157
29778.0,1.0,0.4532330334186554
29779.0,0.0,0.023780781775712967
29780.0,0.0,0.04095249995589256
29781.0,0.0,0.034734684973955154
29782.0,0.0,0.0012555853463709354
29783.0,0.0,0.024906201288104057
29784.0,0.0,0.025373326614499092
29785.0,0.0,0.0375516377389431
29786.0,0.0,0.001449301722459495
29787.0,0.0,0.40344616770744324
29788.0,0.0,0.0246882326900959
29789.0,0.0,0.04081599414348602
29790.0,0.0,0.015050983056426048
29791.0,0.0,0.4792129099369049
29792.0,0.0,0.0014202744932845235
29793.0,0.0,0.025771109387278557
29794.0,0.0,0.025771109387278557
29795.0,0.0,0.0013591691385954618
29796.0,0.0,0.02660154178738594
29797.0,0.0,0.03901994973421097
29798.0,0.0,0.0013906233943998814
29799.0,0.0,0.02236247807741165
29800.0,0.0,0.02814936637878418
29801.0,0.0,0.02314114384353161
29802.0,0.0,0.017378058284521103
29803.0,0.0,0.031205356121063232
29804.0,0.0,0.017969094216823578
29805.0,1.0,0.017969094216823578
29806.0,0.0,0.05795514956116676
29807.0,0.0,0.024906201288104057
29808.0,0.0,0.05237181484699249
29809.0,0.0,0.02734609693288803
29810.0,0.0,0.017739813774824142
29811.0,0.0,0.0014202744932845235
29812.0,0.0,0.016435613855719566
29813.0,0.0,0.0016403414774686098
29814.0,0.0,0.015046621672809124
29815.0,0.0,0.02314114384353161
29816.0,0.0,0.059759028255939484
29817.0,0.0,0.06722301989793777
29818.0,0.0,0.3523220121860504
29819.0,0.0,0.05787777155637741
29820.0,0.0,0.02697308547794819
29821.0,0.0,0.03220509737730026
29822.0,0.0,0.02544485405087471
29823.0,0.0,0.02279067598283291
29824.0,0.0,0.026405904442071915
29825.0,0.0,0.024906201288104057
29826.0,0.0,0.06139259412884712
29827.0,0.0,0.40830615162849426
29828.0,1.0,0.5144342184066772
29829.0,0.0,0.02070019766688347
29830.0,1.0,0.6921231746673584
29831.0,0.0,0.016122156754136086
29832.0,0.0,0.025616150349378586
29833.0,0.0,0.016529247164726257
29834.0,0.0,0.027234036475419998
29835.0,0.0,0.02323314920067787
29836.0,0.0,0.025771109387278557
29837.0,0.0,0.038782041519880295
29838.0,1.0,0.05400810018181801
29839.0,0.0,0.02663862146437168
29840.0,0.0,0.013356479816138744
29841.0,1.0,0.44283321499824524
29842.0,0.0,0.024906201288104057
29843.0,0.0,0.013507588766515255
29844.0,1.0,0.025771109387278557
29845.0,0.0,0.02803678810596466
29846.0,0.0,0.0014260467141866684
29847.0,0.0,0.022576697170734406
29848.0,0.0,0.025771109387278557
29849.0,0.0,0.016661789268255234
29850.0,0.0,0.015938570722937584
29851.0,0.0,0.06369338184595108
29852.0,0.0,0.0014202744932845235
29853.0,1.0,0.43485593795776367
29854.0,0.0,0.017969094216823578
29855.0,0.0,0.0015606202650815248
29856.0,1.0,0.9542421102523804
29857.0,0.0,0.06474325805902481
29858.0,1.0,0.4961549639701843
29859.0,0.0,0.05916696786880493
29860.0,0.0,0.0013608243316411972
29861.0,0.0,0.016435613855719566
29862.0,0.0,0.001298092189244926
29863.0,0.0,0.027341853827238083
29864.0,0.0,0.011746438220143318
29865.0,0.0,0.01758851297199726
29866.0,0.0,0.02358420193195343
29867.0,0.0,0.012085461057722569
29868.0,0.0,0.02628469653427601
29869.0,0.0,0.025771109387278557
29870.0,0.0,0.02440434880554676
29871.0,0.0,0.015041153877973557
29872.0,0.0,0.4392189085483551
29873.0,0.0,0.03740875422954559
29874.0,0.0,0.025771109387278557
29875.0,0.0,0.024906201288104057
29876.0,0.0,0.016853002831339836
29877.0,0.0,0.025771109387278557
29878.0,0.0,0.0246882326900959
29879.0,0.0,0.024906201288104057
29880.0,0.0,0.003355857450515032
29881.0,0.0,0.016122156754136086
29882.0,0.0,0.025005033239722252
29883.0,0.0,0.018215972930192947
29884.0,0.0,0.0014909888850525022
29885.0,0.0,0.02632135897874832
29886.0,0.0,0.05902445688843727
29887.0,0.0,0.01562632992863655
29888.0,0.0,0.022331207990646362
29889.0,0.0,0.025771109387278557
29890.0,0.0,0.4300849735736847
29891.0,0.0,0.015413998626172543
29892.0,0.0,0.003358983201906085
29893.0,1.0,0.05515262857079506
29894.0,0.0,0.02651994675397873
29895.0,0.0,0.03574252501130104
29896.0,0.0,0.022847406566143036
29897.0,0.0,0.0013160249218344688
29898.0,0.0,0.016435613855719566
29899.0,0.0,0.05826232582330704
29900.0,0.0,0.36442863941192627
29901.0,0.0,0.01722889207303524
29902.0,0.0,0.0034143375232815742
29903.0,0.0,0.02236247807741165
29904.0,0.0,0.01618671976029873
29905.0,0.0,0.021657899022102356
29906.0,0.0,0.0013770321384072304
29907.0,0.0,0.05812613666057587
29908.0,0.0,0.025771109387278557
29909.0,1.0,0.5166650414466858
29910.0,0.0,0.027021421119570732
29911.0,0.0,0.024717602878808975
29912.0,0.0,0.022166267037391663
29913.0,0.0,0.022331207990646362
29914.0,0.0,0.05815203860402107
29915.0,0.0,0.027234036475419998
29916.0,0.0,0.02355126105248928
29917.0,0.0,0.015878908336162567
29918.0,0.0,0.015878908336162567
29919.0,1.0,0.4392189085483551
29920.0,0.0,0.025245940312743187
29921.0,0.0,0.06266964226961136
29922.0,0.0,0.016225576400756836
29923.0,0.0,0.023721186444163322
29924.0,0.0,0.016435613855719566
29925.0,0.0,0.02663862146437168
29926.0,0.0,0.025346089154481888
29927.0,0.0,0.02481570467352867
29928.0,0.0,0.0273841954767704
29929.0,0.0,0.024906201288104057
29930.0,0.0,0.018040908500552177
29931.0,0.0,0.027234036475419998
29932.0,0.0,0.025771109387278557
29933.0,0.0,0.024906201288104057
29934.0,0.0,0.04475943744182587
29935.0,0.0,0.004011598415672779
29936.0,0.0,0.015223466791212559
29937.0,0.0,0.0012960999738425016
29938.0,0.0,0.02663862146437168
29939.0,0.0,0.02854803204536438
29940.0,0.0,0.018495531752705574
29941.0,0.0,0.024871468544006348
29942.0,0.0,0.028660891577601433
29943.0,0.0,0.052359867841005325
29944.0,0.0,0.02314114384353161
29945.0,0.0,0.03725476562976837
29946.0,0.0,0.03865246847271919
29947.0,0.0,0.02314114384353161
29948.0,0.0,0.05515262857079506
29949.0,0.0,0.017336970195174217
29950.0,0.0,0.016122156754136086
29951.0,0.0,0.019641229882836342
29952.0,0.0,0.025771109387278557
29953.0,0.0,0.025005033239722252
29954.0,0.0,0.06113040819764137
29955.0,0.0,0.028748469427227974
29956.0,1.0,0.40442416071891785
29957.0,0.0,0.025550583377480507
29958.0,0.0,0.02895745076239109
29959.0,0.0,0.025771109387278557
29960.0,0.0,0.023924192413687706
29961.0,0.0,0.06113040819764137
29962.0,1.0,0.44021958112716675
29963.0,0.0,0.016112567856907845
29964.0,0.0,0.015556056052446365
29965.0,1.0,0.4037907123565674
29966.0,0.0,0.058220189064741135
29967.0,0.0,0.02632135897874832
29968.0,0.0,0.026425663381814957
29969.0,0.0,0.0012999485479667783
29970.0,0.0,0.0014202744932845235
29971.0,0.0,0.0012720894301310182
29972.0,0.0,0.02323314920067787
29973.0,0.0,0.05052105709910393
29974.0,0.0,0.026141773909330368
29975.0,0.0,0.026122327893972397
29976.0,0.0,0.06175331398844719
29977.0,0.0,0.0273841954767704
29978.0,0.0,0.026963751763105392
29979.0,0.0,0.015413998626172543
29980.0,0.0,0.4392189085483551
29981.0,0.0,0.016435613855719566
29982.0,0.0,0.023957328870892525
29983.0,1.0,0.4338580071926117
29984.0,0.0,0.024871468544006348
29985.0,0.0,0.024590618908405304
29986.0,0.0,0.023636609315872192
29987.0,0.0,0.015878908336162567
29988.0,0.0,0.026814289391040802
29989.0,0.0,0.0034541932400316
29990.0,1.0,0.4006469249725342
29991.0,0.0,0.0185039434581995
29992.0,0.0,0.015878908336162567
29993.0,0.0,0.04081787168979645
29994.0,0.0,0.0014202744932845235
29995.0,0.0,0.04021724313497543
29996.0,0.0,0.025771109387278557
29997.0,0.0,0.024590618908405304
29998.0,0.0,0.04097719117999077
29999.0,0.0,0.0015030310023576021
30000.0,0.0,0.0031331481877714396
30001.0,0.0,0.015916068106889725
30002.0,0.0,0.024906201288104057
30003.0,0.0,0.44021958112716675
30004.0,0.0,0.07257384061813354
30005.0,0.0,0.07335015386343002
30006.0,0.0,0.013551066629588604
30007.0,0.0,0.041035208851099014
30008.0,0.0,0.026122327893972397
30009.0,0.0,0.027001334354281425
30010.0,0.0,0.05183522403240204
30011.0,0.0,0.06113040819764137
30012.0,0.0,0.016109652817249298
30013.0,0.0,0.03922644257545471
30014.0,0.0,0.0008083566790446639
30015.0,0.0,0.03873663395643234
30016.0,0.0,0.003305581631138921
30017.0,0.0,0.025771109387278557
30018.0,0.0,0.0014752917923033237
30019.0,0.0,0.059954509139060974
30020.0,0.0,0.015202022157609463
30021.0,0.0,0.025642139837145805
30022.0,0.0,0.42014530301094055
30023.0,0.0,0.025283005088567734
30024.0,0.0,0.013825992122292519
30025.0,0.0,0.0013608243316411972
30026.0,0.0,0.0246882326900959
30027.0,0.0,0.0013770321384072304
30028.0,0.0,0.016661789268255234
30029.0,0.0,0.024906201288104057
30030.0,0.0,0.02236247807741165
30031.0,0.0,0.025771109387278557
30032.0,0.0,0.0014202744932845235
30033.0,0.0,0.0629376545548439
30034.0,0.0,0.024906201288104057
30035.0,0.0,0.01575755886733532
30036.0,0.0,0.023887183517217636
30037.0,0.0,0.026141773909330368
30038.0,0.0,0.027234036475419998
30039.0,0.0,0.0014693202683702111
30040.0,0.0,0.024717602878808975
30041.0,0.0,0.025771109387278557
30042.0,0.0,0.0517096146941185
30043.0,0.0,0.016097549349069595
30044.0,0.0,0.016409974545240402
30045.0,0.0,0.01722889207303524
30046.0,0.0,0.025771109387278557
30047.0,0.0,0.061723388731479645
30048.0,0.0,0.02632135897874832
30049.0,0.0,0.001317504676990211
30050.0,0.0,0.025245940312743187
30051.0,0.0,0.024960659444332123
30052.0,0.0,0.026122327893972397
30053.0,0.0,0.022331207990646362
30054.0,0.0,0.024717602878808975
30055.0,0.0,0.018040908500552177
30056.0,0.0,0.02632135897874832
30057.0,0.0,0.02667977847158909
30058.0,0.0,0.016435613855719566
30059.0,0.0,0.02453019469976425
30060.0,0.0,0.0015030310023576021
30061.0,0.0,0.03630084544420242
30062.0,0.0,0.017969094216823578
30063.0,0.0,0.0013694989029318094
30064.0,0.0,0.011022149585187435
30065.0,0.0,0.023697391152381897
30066.0,0.0,0.05522727221250534
30067.0,0.0,0.016179537400603294
30068.0,0.0,0.023887183517217636
30069.0,0.0,0.010880522429943085
30070.0,0.0,0.02544485405087471
30071.0,0.0,0.06344211101531982
30072.0,0.0,0.0012999485479667783
30073.0,0.0,0.010333484970033169
30074.0,0.0,0.05599725991487503
30075.0,0.0,0.06667646765708923
30076.0,0.0,0.031205356121063232
30077.0,0.0,0.01899777166545391
30078.0,0.0,0.025005033239722252
30079.0,0.0,0.025771109387278557
30080.0,0.0,0.02361888997256756
30081.0,0.0,0.022451452910900116
30082.0,1.0,0.4476095139980316
30083.0,0.0,0.036484528332948685
30084.0,0.0,0.061310164630413055
30085.0,0.0,0.04041016474366188
30086.0,0.0,0.015413998626172543
30087.0,0.0,0.029581069946289062
30088.0,0.0,0.02445853315293789
30089.0,0.0,0.025550583377480507
30090.0,0.0,0.05393500626087189
30091.0,0.0,0.015224582515656948
30092.0,0.0,0.02314114384353161
30093.0,0.0,0.037332579493522644
30094.0,0.0,0.014743927866220474
30095.0,0.0,0.019941624253988266
30096.0,0.0,0.02445853315293789
30097.0,0.0,0.030146073549985886
30098.0,0.0,0.018622351810336113
30099.0,0.0,0.015277317725121975
30100.0,0.0,0.015413998626172543
30101.0,0.0,0.0013140484225004911
30102.0,0.0,0.4392189085483551
30103.0,0.0,0.025771109387278557
30104.0,0.0,0.05522727221250534
30105.0,0.0,0.03705824166536331
30106.0,0.0,0.025005033239722252
30107.0,0.0,0.044331323355436325
30108.0,0.0,0.0014513740316033363
30109.0,0.0,0.024717602878808975
30110.0,0.0,0.3493441343307495
30111.0,0.0,0.017969094216823578
30112.0,0.0,0.017008891329169273
30113.0,0.0,0.0597548745572567
30114.0,0.0,0.0032541954424232244
30115.0,0.0,0.01830248348414898
30116.0,0.0,0.0012283599935472012
30117.0,0.0,0.025172991678118706
30118.0,0.0,0.015202022157609463
30119.0,0.0,0.05607227236032486
30120.0,0.0,0.025771109387278557
30121.0,0.0,0.026122327893972397
30122.0,0.0,0.025771109387278557
30123.0,0.0,0.0035966807045042515
30124.0,0.0,0.025771109387278557
30125.0,1.0,0.025771109387278557
30126.0,0.0,0.014870388433337212
30127.0,0.0,0.024906201288104057
30128.0,0.0,0.05730250105261803
30129.0,0.0,0.02481570467352867
30130.0,0.0,0.014743927866220474
30131.0,0.0,0.01766781136393547
30132.0,0.0,0.035130035132169724
30133.0,0.0,0.029652222990989685
30134.0,0.0,0.014680053107440472
30135.0,0.0,0.015041153877973557
30136.0,0.0,0.024590618908405304
30137.0,1.0,0.06465663015842438
30138.0,0.0,0.024906201288104057
30139.0,0.0,0.0014693202683702111
30140.0,1.0,0.02814936637878418
30141.0,0.0,0.045227374881505966
30142.0,0.0,0.0014513740316033363
30143.0,0.0,0.013356479816138744
30144.0,0.0,0.34169960021972656
30145.0,0.0,0.017739813774824142
30146.0,0.0,0.02632135897874832
30147.0,0.0,0.03637295961380005
30148.0,0.0,0.02854803204536438
30149.0,0.0,0.011426706798374653
30150.0,0.0,0.05693892389535904
30151.0,0.0,0.01722889207303524
30152.0,0.0,0.0014202744932845235
30153.0,0.0,0.0014018514193594456
30154.0,0.0,0.02544485405087471
30155.0,0.0,0.025514967739582062
30156.0,1.0,0.4122503101825714
30157.0,0.0,0.05468479543924332
30158.0,0.0,0.06302212178707123
30159.0,0.0,0.0015030310023576021
30160.0,0.0,0.015107985585927963
30161.0,0.0,0.017969094216823578
30162.0,0.0,0.026122327893972397
30163.0,0.0,0.0013462231727316976
30164.0,0.0,0.030163714662194252
30165.0,0.0,0.010113470256328583
30166.0,0.0,0.02544485405087471
30167.0,0.0,0.027234341949224472
30168.0,0.0,0.024104200303554535
30169.0,0.0,0.06021404266357422
30170.0,0.0,0.025771109387278557
30171.0,0.0,0.02632135897874832
30172.0,0.0,0.025771109387278557
30173.0,0.0,0.017115604132413864
30174.0,0.0,0.02445853315293789
30175.0,0.0,0.0034331486094743013
30176.0,0.0,0.0015030310023576021
30177.0,0.0,0.017008891329169273
30178.0,0.0,0.02544485405087471
30179.0,0.0,0.04266770929098129
30180.0,0.0,0.015878908336162567
30181.0,0.0,0.025073513388633728
30182.0,0.0,0.05237181484699249
30183.0,0.0,0.3328491151332855
30184.0,0.0,0.02641528844833374
30185.0,0.0,0.026122327893972397
30186.0,0.0,0.01521681435406208
30187.0,0.0,0.016109652817249298
30188.0,0.0,0.018421942368149757
30189.0,0.0,0.040349941700696945
30190.0,0.0,0.015856554731726646
30191.0,0.0,0.024871468544006348
30192.0,0.0,0.013356479816138744
30193.0,0.0,0.025283005088567734
30194.0,0.0,0.024717602878808975
30195.0,0.0,0.024717602878808975
30196.0,0.0,0.029652222990989685
30197.0,0.0,0.022331207990646362
30198.0,1.0,0.05795514956116676
30199.0,1.0,0.42014530301094055
30200.0,0.0,0.02663862146437168
30201.0,0.0,0.0035778505261987448
30202.0,0.0,0.0246882326900959
30203.0,0.0,0.02314114384353161
30204.0,0.0,0.024871468544006348
30205.0,0.0,0.017861315980553627
30206.0,0.0,0.014621013775467873
30207.0,0.0,0.01575755886733532
30208.0,0.0,0.025771109387278557
30209.0,0.0,0.0008673725533299148
30210.0,0.0,0.025771109387278557
30211.0,0.0,0.003526357701048255
30212.0,0.0,0.06024523451924324
30213.0,0.0,0.026785459369421005
30214.0,0.0,0.017378058284521103
30215.0,0.0,0.025545770302414894
30216.0,0.0,0.0013160249218344688
30217.0,0.0,0.024906201288104057
30218.0,0.0,0.45277318358421326
30219.0,0.0,0.012085461057722569
30220.0,0.0,0.02445853315293789
30221.0,0.0,0.017969094216823578
30222.0,0.0,0.02440434880554676
30223.0,0.0,0.027234036475419998
30224.0,0.0,0.027234036475419998
30225.0,0.0,0.4392189085483551
30226.0,0.0,0.015878908336162567
30227.0,0.0,0.02445853315293789
30228.0,0.0,0.06198906525969505
30229.0,0.0,0.027234036475419998
30230.0,0.0,0.025771109387278557
30231.0,0.0,0.02317703142762184
30232.0,0.0,0.02521074190735817
30233.0,0.0,0.02544485405087471
30234.0,0.0,0.026141773909330368
30235.0,0.0,0.01722889207303524
30236.0,0.0,0.026122327893972397
30237.0,0.0,0.025771109387278557
30238.0,0.0,0.024556316435337067
30239.0,0.0,0.05638376995921135
30240.0,0.0,0.02314114384353161
30241.0,0.0,0.02663862146437168
30242.0,0.0,0.023853830993175507
30243.0,0.0,0.025550583377480507
30244.0,0.0,0.01629883050918579
30245.0,0.0,0.014243694953620434
30246.0,0.0,0.016435613855719566
30247.0,0.0,0.014891373924911022
30248.0,0.0,0.0012283599935472012
30249.0,0.0,0.02445853315293789
30250.0,0.0,0.023568198084831238
30251.0,0.0,0.02323314920067787
30252.0,0.0,0.016298197209835052
30253.0,0.0,0.016435613855719566
30254.0,0.0,0.024871468544006348
30255.0,0.0,0.02526475116610527
30256.0,0.0,0.016435613855719566
30257.0,0.0,0.03710399940609932
30258.0,0.0,0.023985696956515312
30259.0,0.0,0.0012772607151418924
30260.0,0.0,0.015345773659646511
30261.0,0.0,0.027234036475419998
30262.0,0.0,0.03774404153227806
30263.0,0.0,0.06033015251159668
30264.0,0.0,0.017336970195174217
30265.0,0.0,0.031205356121063232
30266.0,0.0,0.05998348444700241
30267.0,0.0,0.03627697005867958
30268.0,0.0,0.023887183517217636
30269.0,0.0,0.027234036475419998
30270.0,0.0,0.024433191865682602
30271.0,0.0,0.05730250105261803
30272.0,0.0,0.01758851297199726
30273.0,0.0,0.04475943744182587
30274.0,0.0,0.058945007622241974
30275.0,0.0,0.06407392770051956
30276.0,0.0,0.02323314920067787
30277.0,0.0,0.027341853827238083
30278.0,0.0,0.025771109387278557
30279.0,1.0,0.4532330334186554
30280.0,0.0,0.05826232582330704
30281.0,0.0,0.02323314920067787
30282.0,0.0,0.003551457542926073
30283.0,1.0,0.994199275970459
30284.0,0.0,0.0246882326900959
30285.0,0.0,0.029535578563809395
30286.0,0.0,0.06428132206201553
30287.0,0.0,0.023697391152381897
30288.0,0.0,0.037215910851955414
30289.0,0.0,0.025550583377480507
30290.0,0.0,0.04266770929098129
30291.0,0.0,0.025771109387278557
30292.0,0.0,0.025771109387278557
30293.0,0.0,0.0013160249218344688
30294.0,0.0,0.06344211101531982
30295.0,0.0,0.029535578563809395
30296.0,0.0,0.025771109387278557
30297.0,0.0,0.023922305554151535
30298.0,0.0,0.024906201288104057
30299.0,0.0,0.015413998626172543
30300.0,0.0,0.02236247807741165
30301.0,0.0,0.024906201288104057
30302.0,0.0,0.06344211101531982
30303.0,0.0,0.022451452910900116
30304.0,0.0,0.02314114384353161
30305.0,0.0,0.022451452910900116
30306.0,0.0,0.029535578563809395
30307.0,0.0,0.06297677010297775
30308.0,0.0,0.025873281061649323
30309.0,0.0,0.06469675898551941
30310.0,0.0,0.02663862146437168
30311.0,0.0,0.4711918830871582
30312.0,0.0,0.02236247807741165
30313.0,1.0,0.43200722336769104
30314.0,0.0,0.0017288743983954191
30315.0,0.0,0.024717602878808975
30316.0,0.0,0.027341853827238083
30317.0,0.0,0.025545770302414894
30318.0,0.0,0.024906201288104057
30319.0,0.0,0.02749258652329445
30320.0,0.0,0.027234036475419998
30321.0,1.0,0.4445684850215912
30322.0,1.0,0.4532330334186554
30323.0,0.0,0.012085461057722569
30324.0,0.0,0.03838136047124863
30325.0,0.0,0.01521681435406208
30326.0,0.0,0.027234036475419998
30327.0,0.0,0.029535578563809395
30328.0,0.0,0.02632135897874832
30329.0,0.0,0.016109652817249298
30330.0,0.0,0.02544485405087471
30331.0,0.0,0.0013714581727981567
30332.0,0.0,0.022775495424866676
30333.0,0.0,0.024906201288104057
30334.0,0.0,0.0014693202683702111
30335.0,0.0,0.05607227236032486
30336.0,0.0,0.010245205834507942
30337.0,0.0,0.024555636569857597
30338.0,0.0,0.05522727221250534
30339.0,0.0,0.05237181484699249
30340.0,0.0,0.027341853827238083
30341.0,0.0,0.0016996038611978292
30342.0,0.0,0.016530299559235573
30343.0,0.0,0.024556316435337067
30344.0,0.0,0.024906201288104057
30345.0,0.0,0.014555196277797222
30346.0,0.0,0.0037912451662123203
30347.0,0.0,0.01608537882566452
30348.0,0.0,0.01729780063033104
30349.0,0.0,0.02440434880554676
30350.0,0.0,0.06368388235569
30351.0,0.0,0.06375277787446976
30352.0,0.0,0.022847406566143036
30353.0,0.0,0.025283005088567734
30354.0,0.0,0.4392189085483551
30355.0,0.0,0.025771109387278557
30356.0,0.0,0.05804179608821869
30357.0,0.0,0.01899777166545391
30358.0,0.0,0.0014202744932845235
30359.0,0.0,0.027341853827238083
30360.0,0.0,0.03278540074825287
30361.0,0.0,0.012085461057722569
30362.0,1.0,0.016097549349069595
30363.0,0.0,0.47871989011764526
30364.0,0.0,0.02803678810596466
30365.0,0.0,0.015675872564315796
30366.0,0.0,0.023888908326625824
30367.0,0.0,0.023721186444163322
30368.0,0.0,0.06420369446277618
30369.0,0.0,0.01629883050918579
30370.0,0.0,0.01899777166545391
30371.0,0.0,0.058220189064741135
30372.0,0.0,0.016435613855719566
30373.0,0.0,0.026744144037365913
30374.0,0.0,0.0624803863465786
30375.0,0.0,0.02361888997256756
30376.0,0.0,0.001298092189244926
30377.0,0.0,0.025771109387278557
30378.0,0.0,0.4476095139980316
30379.0,0.0,0.01506237406283617
30380.0,0.0,0.0629376545548439
30381.0,0.0,0.02663862146437168
30382.0,0.0,0.02632135897874832
30383.0,0.0,0.01722889207303524
30384.0,0.0,0.02829911559820175
30385.0,0.0,0.027234036475419998
30386.0,0.0,0.024717602878808975
30387.0,0.0,0.023474901914596558
30388.0,0.0,0.02672770991921425
30389.0,0.0,0.015638090670108795
30390.0,0.0,0.016435613855719566
30391.0,0.0,0.024906201288104057
30392.0,0.0,0.02663862146437168
30393.0,0.0,0.02445853315293789
30394.0,0.0,0.025771109387278557
30395.0,0.0,0.011022149585187435
30396.0,0.0,0.0031837711576372385
30397.0,0.0,0.01685047335922718
30398.0,0.0,0.039568278938531876
30399.0,0.0,0.041103631258010864
30400.0,1.0,0.0246882326900959
30401.0,0.0,0.0012772607151418924
30402.0,0.0,0.016293639317154884
30403.0,0.0,0.026744144037365913
30404.0,0.0,0.05660359188914299
30405.0,0.0,0.06512225419282913
30406.0,0.0,0.02824964001774788
30407.0,0.0,0.022847406566143036
30408.0,0.0,0.018086470663547516
30409.0,0.0,0.025514967739582062
30410.0,0.0,0.024906201288104057
30411.0,0.0,0.013825992122292519
30412.0,0.0,0.016435613855719566
30413.0,0.0,0.003504489315673709
30414.0,0.0,0.026744144037365913
30415.0,0.0,0.025245940312743187
30416.0,0.0,0.01574668474495411
30417.0,0.0,0.02651994675397873
30418.0,0.0,0.024970166385173798
30419.0,0.0,0.024871468544006348
30420.0,0.0,0.0012720894301310182
30421.0,1.0,0.024871468544006348
30422.0,0.0,0.04885817691683769
30423.0,0.0,0.015675872564315796
30424.0,0.0,0.015553967095911503
30425.0,1.0,0.025873281061649323
30426.0,0.0,0.0013486293610185385
30427.0,0.0,0.023730525746941566
30428.0,0.0,0.05264653265476227
30429.0,0.0,0.02544485405087471
30430.0,0.0,0.02323314920067787
30431.0,0.0,0.06344211101531982
30432.0,0.0,0.02236247807741165
30433.0,0.0,0.4392189085483551
30434.0,0.0,0.02544485405087471
30435.0,0.0,0.0014551917556673288
30436.0,0.0,0.027341853827238083
30437.0,0.0,0.024590618908405304
30438.0,0.0,0.43125638365745544
30439.0,0.0,0.025873281061649323
30440.0,0.0,0.014276108704507351
30441.0,0.0,0.0034331486094743013
30442.0,0.0,0.02632135897874832
30443.0,0.0,0.024906201288104057
30444.0,0.0,0.016122156754136086
30445.0,0.0,0.035236213356256485
30446.0,0.0,0.01575755886733532
30447.0,0.0,0.4532330334186554
30448.0,0.0,0.017378058284521103
30449.0,0.0,0.4122503101825714
30450.0,0.0,0.02504478208720684
30451.0,0.0,0.04019296169281006
30452.0,0.0,0.016435613855719566
30453.0,0.0,0.023420259356498718
30454.0,0.0,0.0015030310023576021
30455.0,0.0,0.025873281061649323
30456.0,0.0,0.05998348444700241
30457.0,0.0,0.025245940312743187
30458.0,0.0,0.024717602878808975
30459.0,0.0,0.022847406566143036
30460.0,0.0,0.025771109387278557
30461.0,0.0,0.001974807819351554
30462.0,1.0,0.318710595369339
30463.0,0.0,0.027234036475419998
30464.0,0.0,0.023887183517217636
30465.0,0.0,0.024717602878808975
30466.0,0.0,0.016435613855719566
30467.0,0.0,0.3513956665992737
30468.0,0.0,0.02663862146437168
30469.0,0.0,0.01722889207303524
30470.0,0.0,0.01924145594239235
30471.0,0.0,0.024501239880919456
30472.0,0.0,0.016435613855719566
30473.0,0.0,0.025771109387278557
30474.0,0.0,0.02660154178738594
30475.0,0.0,0.06175331398844719
30476.0,0.0,0.0013714581727981567
30477.0,0.0,0.03516509383916855
30478.0,0.0,0.014243694953620434
30479.0,0.0,0.010713044553995132
30480.0,0.0,0.022024011239409447
30481.0,0.0,0.06166466325521469
30482.0,0.0,0.017184067517518997
30483.0,0.0,0.028332654386758804
30484.0,0.0,0.05708349123597145
30485.0,0.0,0.015413998626172543
30486.0,0.0,0.0014412200544029474
30487.0,0.0,0.0246882326900959
30488.0,1.0,0.43026041984558105
30489.0,0.0,0.025545770302414894
30490.0,0.0,0.025005033239722252
30491.0,1.0,0.4442150890827179
30492.0,0.0,0.024717602878808975
30493.0,0.0,0.015107985585927963
30494.0,0.0,0.0013714581727981567
30495.0,0.0,0.025550583377480507
30496.0,0.0,0.0014202744932845235
30497.0,0.0,0.02660154178738594
30498.0,0.0,0.02632135897874832
30499.0,0.0,0.014891373924911022
30500.0,0.0,0.024906201288104057
30501.0,0.0,0.025245940312743187
30502.0,0.0,0.025771109387278557
30503.0,0.0,0.01571263000369072
30504.0,0.0,0.04493342712521553
30505.0,0.0,0.017969094216823578
30506.0,0.0,0.028110241517424583
30507.0,0.0,0.025873281061649323
30508.0,0.0,0.05447521060705185
30509.0,1.0,0.016122156754136086
30510.0,0.0,0.025771109387278557
30511.0,0.0,0.015413998626172543
30512.0,0.0,0.014891373924911022
30513.0,0.0,0.02236247807741165
30514.0,0.0,0.0014129901537671685
30515.0,0.0,0.024906201288104057
30516.0,0.0,0.023887183517217636
30517.0,0.0,0.01607489213347435
30518.0,0.0,0.024906201288104057
30519.0,0.0,0.017810726538300514
30520.0,1.0,0.4422444999217987
30521.0,0.0,0.001449301722459495
30522.0,0.0,0.024906201288104057
30523.0,0.0,0.01704694889485836
30524.0,0.0,0.0012999485479667783
30525.0,0.0,0.42605772614479065
30526.0,0.0,0.022135263308882713
30527.0,0.0,0.0015775627689436078
30528.0,0.0,0.03749186545610428
30529.0,0.0,0.02663862146437168
30530.0,0.0,0.03922644257545471
30531.0,0.0,0.027234036475419998
30532.0,1.0,0.4392189085483551
30533.0,0.0,0.022847406566143036
30534.0,0.0,0.0014018514193594456
30535.0,0.0,0.04094049707055092
30536.0,0.0,0.04041016474366188
30537.0,0.0,0.024590618908405304
30538.0,0.0,0.019770890474319458
30539.0,0.0,0.024906201288104057
30540.0,0.0,0.029163094237446785
30541.0,0.0,0.025247754529118538
30542.0,0.0,0.42550188302993774
30543.0,0.0,0.0013447955716401339
30544.0,0.0,0.024906201288104057
30545.0,0.0,0.023730525746941566
30546.0,0.0,0.027234036475419998
30547.0,0.0,0.018489625304937363
30548.0,0.0,0.014255979098379612
30549.0,0.0,0.025651903823018074
30550.0,0.0,0.017739813774824142
30551.0,0.0,0.04081787168979645
30552.0,0.0,0.07612841576337814
30553.0,0.0,0.0012720894301310182
30554.0,0.0,0.025810956954956055
30555.0,0.0,0.029652222990989685
30556.0,0.0,0.023887183517217636
30557.0,0.0,0.022451452910900116
30558.0,0.0,0.023853830993175507
30559.0,0.0,0.03749186545610428
30560.0,0.0,0.024906201288104057
30561.0,0.0,0.025771109387278557
30562.0,0.0,0.02358420193195343
30563.0,0.0,0.0013714581727981567
30564.0,0.0,0.003345412900671363
30565.0,0.0,0.015724515542387962
30566.0,0.0,0.018040908500552177
30567.0,0.0,0.01899777166545391
30568.0,0.0,0.025771109387278557
30569.0,0.0,0.027234036475419998
30570.0,0.0,0.001437790342606604
30571.0,0.0,0.026744144037365913
30572.0,0.0,0.02481570467352867
30573.0,0.0,0.025005033239722252
30574.0,0.0,0.016661789268255234
30575.0,0.0,0.01757531799376011
30576.0,0.0,0.011426706798374653
30577.0,0.0,0.024871468544006348
30578.0,0.0,0.024906201288104057
30579.0,0.0,0.026981834322214127
30580.0,0.0,0.02628469653427601
30581.0,0.0,0.0014459739904850721
30582.0,0.0,0.024590618908405304
30583.0,0.0,0.02314114384353161
30584.0,0.0,0.024906201288104057
30585.0,0.0,0.029535578563809395
30586.0,0.0,0.039172541350126266
30587.0,0.0,0.04627553001046181
30588.0,0.0,0.023887183517217636
30589.0,0.0,0.017969094216823578
30590.0,0.0,0.0013714581727981567
30591.0,0.0,0.02314114384353161
30592.0,0.0,0.027341853827238083
30593.0,0.0,0.01729780063033104
30594.0,0.0,0.016170164570212364
30595.0,0.0,0.023853830993175507
30596.0,0.0,0.02314114384353161
30597.0,0.0,0.025005033239722252
30598.0,0.0,0.025771109387278557
30599.0,0.0,0.027234036475419998
30600.0,0.0,0.02660154178738594
30601.0,0.0,0.015246058814227581
30602.0,0.0,0.03740875422954559
30603.0,0.0,0.011426706798374653
30604.0,0.0,0.022768335416913033
30605.0,0.0,0.024906201288104057
30606.0,0.0,0.02632135897874832
30607.0,0.0,0.0033040205016732216
30608.0,0.0,0.023887183517217636
30609.0,0.0,0.016688881441950798
30610.0,0.0,0.025771109387278557
30611.0,0.0,0.027234036475419998
30612.0,0.0,0.02532712183892727
30613.0,0.0,0.017378058284521103
30614.0,0.0,0.32667824625968933
30615.0,0.0,0.023393183946609497
30616.0,0.0,0.016121400520205498
30617.0,1.0,0.43061134219169617
30618.0,0.0,0.04125974327325821
30619.0,0.0,0.05522727221250534
30620.0,0.0,0.02323314920067787
30621.0,0.0,0.025550583377480507
30622.0,0.0,0.022420059889554977
30623.0,0.0,0.025771109387278557
30624.0,0.0,0.014124889858067036
30625.0,0.0,0.017969094216823578
30626.0,0.0,0.05708349123597145
30627.0,0.0,0.025771109387278557
30628.0,0.0,0.0012999485479667783
30629.0,0.0,0.01766781136393547
30630.0,0.0,0.03927332162857056
30631.0,0.0,0.02445853315293789
30632.0,0.0,0.0013714581727981567
30633.0,0.0,0.02323314920067787
30634.0,0.0,0.02465379238128662
30635.0,0.0,0.017378058284521103
30636.0,0.0,0.056397695094347
30637.0,0.0,0.027021421119570732
30638.0,1.0,0.055439580231904984
30639.0,0.0,0.024590618908405304
30640.0,0.0,0.0262258630245924
30641.0,0.0,0.01575755886733532
30642.0,0.0,0.016661789268255234
30643.0,0.0,0.015223466791212559
30644.0,0.0,0.03513512387871742
30645.0,0.0,0.027341853827238083
30646.0,0.0,0.024906201288104057
30647.0,0.0,0.03513512387871742
30648.0,0.0,0.04596911370754242
30649.0,0.0,0.0014202744932845235
30650.0,0.0,0.02314114384353161
30651.0,0.0,0.04056795686483383
30652.0,1.0,0.4392189085483551
30653.0,0.0,0.027234036475419998
30654.0,0.0,0.025245940312743187
30655.0,0.0,0.014743927866220474
30656.0,0.0,0.024590618908405304
30657.0,0.0,0.0008937077946029603
30658.0,0.0,0.025771109387278557
30659.0,0.0,0.024717602878808975
30660.0,0.0,0.017924074083566666
30661.0,0.0,0.027234036475419998
30662.0,0.0,0.02653190866112709
30663.0,0.0,0.04106668010354042
30664.0,0.0,0.0013714581727981567
30665.0,0.0,0.027234036475419998
30666.0,0.0,0.4392189085483551
30667.0,0.0,0.016225576400756836
30668.0,0.0,0.02445853315293789
30669.0,0.0,0.026425663381814957
30670.0,0.0,0.01722889207303524
30671.0,0.0,0.027234036475419998
30672.0,0.0,0.02663862146437168
30673.0,0.0,0.024717602878808975
30674.0,0.0,0.025245940312743187
30675.0,0.0,0.010713044553995132
30676.0,0.0,0.024906201288104057
30677.0,0.0,0.05741441249847412
30678.0,0.0,0.02481570467352867
30679.0,0.0,0.05522727221250534
30680.0,0.0,0.02314114384353161
30681.0,0.0,0.04408923536539078
30682.0,0.0,0.01574668474495411
30683.0,0.0,0.024717602878808975
30684.0,0.0,0.016994355246424675
30685.0,0.0,0.023780781775712967
30686.0,0.0,0.05834890156984329
30687.0,0.0,0.02663862146437168
30688.0,0.0,0.05522727221250534
30689.0,0.0,0.0014693202683702111
30690.0,0.0,0.028187638148665428
30691.0,0.0,0.014743927866220474
30692.0,0.0,0.011426706798374653
30693.0,0.0,0.017969094216823578
30694.0,0.0,0.02544485405087471
30695.0,0.0,0.014002085663378239
30696.0,0.0,0.023887183517217636
30697.0,0.0,0.02663702517747879
30698.0,0.0,0.02398207224905491
30699.0,0.0,0.062166977673769
30700.0,0.0,0.001396275358274579
30701.0,1.0,0.4158072769641876
30702.0,0.0,0.02314114384353161
30703.0,0.0,0.023887183517217636
30704.0,0.0,0.016122156754136086
30705.0,0.0,0.01629883050918579
30706.0,0.0,0.023853830993175507
30707.0,0.0,0.062166977673769
30708.0,0.0,0.0014693202683702111
30709.0,0.0,0.025005033239722252
30710.0,0.0,0.02358420193195343
30711.0,0.0,0.024909960106015205
30712.0,0.0,0.025771109387278557
30713.0,0.0,0.025771109387278557
30714.0,0.0,0.05708349123597145
30715.0,0.0,0.024590618908405304
30716.0,0.0,0.05708349123597145
30717.0,0.0,0.025771109387278557
30718.0,0.0,0.014870388433337212
30719.0,0.0,0.024906201288104057
30720.0,0.0,0.015878908336162567
30721.0,0.0,0.017739813774824142
30722.0,0.0,0.02236247807741165
30723.0,0.0,0.017739813774824142
30724.0,0.0,0.02526475116610527
30725.0,0.0,0.02663862146437168
30726.0,0.0,0.026301685720682144
30727.0,0.0,0.024906201288104057
30728.0,0.0,0.025346089154481888
30729.0,0.0,0.02481570467352867
30730.0,1.0,0.4122503101825714
30731.0,0.0,0.0013750650687143207
30732.0,0.0,0.02995872125029564
30733.0,0.0,0.025771109387278557
30734.0,0.0,0.0890488252043724
30735.0,0.0,0.025771109387278557
30736.0,0.0,0.037215910851955414
30737.0,0.0,0.025873281061649323
30738.0,0.0,0.024970166385173798
30739.0,0.0,0.0017288743983954191
30740.0,0.0,0.02273487113416195
30741.0,0.0,0.0033106503542512655
30742.0,0.0,0.025771109387278557
30743.0,0.0,0.017008891329169273
30744.0,0.0,0.06131014972925186
30745.0,0.0,0.05834890156984329
30746.0,0.0,0.02481570467352867
30747.0,0.0,0.05607227236032486
30748.0,0.0,0.022331207990646362
30749.0,0.0,0.018040908500552177
30750.0,0.0,0.015878908336162567
30751.0,0.0,0.0035100318491458893
30752.0,0.0,0.05915085971355438
30753.0,0.0,0.025873281061649323
30754.0,0.0,0.02371274307370186
30755.0,0.0,0.02475586347281933
30756.0,1.0,0.025771109387278557
30757.0,0.0,0.04110029339790344
30758.0,0.0,0.02544485405087471
30759.0,0.0,0.024590618908405304
30760.0,0.0,0.040858279913663864
30761.0,1.0,0.43061134219169617
30762.0,0.0,0.05877096205949783
30763.0,0.0,0.018495531752705574
30764.0,0.0,0.05454898998141289
30765.0,0.0,0.03458906710147858
30766.0,0.0,0.0014202744932845235
30767.0,0.0,0.030483517795801163
30768.0,0.0,0.027913730591535568
30769.0,0.0,0.002923316555097699
30770.0,0.0,0.022847406566143036
30771.0,0.0,0.025227047502994537
30772.0,0.0,0.023887183517217636
30773.0,0.0,0.025005033239722252
30774.0,0.0,0.06139259412884712
30775.0,0.0,0.021657899022102356
30776.0,0.0,0.07719261199235916
30777.0,0.0,0.02526475116610527
30778.0,0.0,0.026122327893972397
30779.0,0.0,0.016122156754136086
30780.0,0.0,0.024590618908405304
30781.0,0.0,0.025545770302414894
30782.0,0.0,0.0013694989029318094
30783.0,0.0,0.025771109387278557
30784.0,0.0,0.039624374359846115
30785.0,0.0,0.05522727221250534
30786.0,0.0,0.02314114384353161
30787.0,0.0,0.016293639317154884
30788.0,0.0,0.02398207224905491
30789.0,0.0,0.014700775034725666
30790.0,0.0,0.05708349123597145
30791.0,0.0,0.016435613855719566
30792.0,0.0,0.05139635130763054
30793.0,0.0,0.024906201288104057
30794.0,0.0,0.024906201288104057
30795.0,0.0,0.06266964226961136
30796.0,0.0,0.043226346373558044
30797.0,0.0,0.025873281061649323
30798.0,0.0,0.017969094216823578
30799.0,0.0,0.024017333984375
30800.0,0.0,0.024970166385173798
30801.0,0.0,0.02663862146437168
30802.0,0.0,0.06721670180559158
30803.0,0.0,0.01608537882566452
30804.0,0.0,0.0014202744932845235
30805.0,0.0,0.0262258630245924
30806.0,0.0,0.02641528844833374
30807.0,0.0,0.42969629168510437
30808.0,0.0,0.06124922260642052
30809.0,0.0,0.04407826438546181
30810.0,0.0,0.0014693202683702111
30811.0,0.0,0.022685261443257332
30812.0,0.0,0.01825965754687786
30813.0,0.0,0.0014202744932845235
30814.0,0.0,0.3431324362754822
30815.0,0.0,0.015724515542387962
30816.0,0.0,0.03556228429079056
30817.0,0.0,0.0014959060354158282
30818.0,0.0,0.058941278606653214
30819.0,0.0,0.025873281061649323
30820.0,0.0,0.015856554731726646
30821.0,0.0,0.02691265195608139
30822.0,0.0,0.06175331398844719
30823.0,0.0,0.02544485405087471
30824.0,0.0,0.0012999485479667783
30825.0,1.0,0.025873281061649323
30826.0,0.0,0.02814936637878418
30827.0,0.0,0.024501239880919456
30828.0,0.0,0.02481570467352867
30829.0,0.0,0.027234036475419998
30830.0,1.0,0.3897249698638916
30831.0,0.0,0.024906201288104057
30832.0,0.0,0.024970166385173798
30833.0,0.0,0.0014202744932845235
30834.0,0.0,0.018421942368149757
30835.0,0.0,0.02236247807741165
30836.0,0.0,0.02236247807741165
30837.0,0.0,0.0182296484708786
30838.0,1.0,0.060015689581632614
30839.0,0.0,0.026301685720682144
30840.0,0.0,0.024717602878808975
30841.0,0.0,0.025545770302414894
30842.0,0.0,0.0012720894301310182
30843.0,0.0,0.036484528332948685
30844.0,0.0,0.3275723159313202
30845.0,0.0,0.06326238811016083
30846.0,0.0,0.014743927866220474
30847.0,0.0,0.025771109387278557
30848.0,0.0,0.015675872564315796
30849.0,0.0,0.0013334295945242047
30850.0,0.0,0.017115140333771706
30851.0,0.0,0.02323314920067787
30852.0,0.0,0.01697045937180519
30853.0,0.0,0.025073513388633728
30854.0,1.0,0.43061134219169617
30855.0,0.0,0.024717602878808975
30856.0,0.0,0.025346089154481888
30857.0,0.0,0.023853830993175507
30858.0,1.0,0.3513956665992737
30859.0,0.0,0.015553967095911503
30860.0,0.0,0.04996538162231445
30861.0,0.0,0.03373396769165993
30862.0,0.0,0.02358420193195343
30863.0,0.0,0.02314114384353161
30864.0,0.0,0.022451452910900116
30865.0,0.0,0.02236247807741165
30866.0,0.0,0.4392189085483551
30867.0,0.0,0.023887183517217636
30868.0,0.0,0.02536497637629509
30869.0,0.0,0.03968455269932747
30870.0,0.0,0.022331207990646362
30871.0,0.0,0.0029790604021400213
30872.0,0.0,0.02663862146437168
30873.0,0.0,0.016122156754136086
30874.0,0.0,0.04075709730386734
30875.0,0.0,0.022331207990646362
30876.0,0.0,0.023887183517217636
30877.0,0.0,0.02323314920067787
30878.0,1.0,0.9783385992050171
30879.0,0.0,0.014777462929487228
30880.0,0.0,0.0014459739904850721
30881.0,0.0,0.027234036475419998
30882.0,0.0,0.01704694889485836
30883.0,0.0,0.05436822399497032
30884.0,0.0,0.06021404266357422
30885.0,0.0,0.024906201288104057
30886.0,0.0,0.023730525746941566
30887.0,0.0,0.02624538727104664
30888.0,0.0,0.05812613666057587
30889.0,0.0,0.027234036475419998
30890.0,0.0,0.05697529390454292
30891.0,0.0,0.0014202744932845235
30892.0,0.0,0.024906201288104057
30893.0,0.0,0.0014202744932845235
30894.0,0.0,0.01722889207303524
30895.0,0.0,0.02440434880554676
30896.0,0.0,0.43026041984558105
30897.0,0.0,0.023887183517217636
30898.0,1.0,0.32667824625968933
30899.0,0.0,0.022331207990646362
30900.0,0.0,0.025771109387278557
30901.0,0.0,0.032310549169778824
30902.0,0.0,0.0014115831581875682
30903.0,0.0,0.0015030310023576021
30904.0,0.0,0.05983950197696686
30905.0,1.0,0.023853830993175507
30906.0,0.0,0.024906201288104057
30907.0,0.0,0.027234036475419998
30908.0,1.0,0.04081787168979645
30909.0,0.0,0.02236247807741165
30910.0,0.0,0.05708349123597145
30911.0,0.0,0.027234036475419998
30912.0,0.0,0.026141773909330368
30913.0,0.0,0.027001334354281425
30914.0,0.0,0.026405904442071915
30915.0,0.0,0.024717602878808975
30916.0,0.0,0.024717602878808975
30917.0,0.0,0.01740630343556404
30918.0,0.0,0.05817730352282524
30919.0,0.0,0.02426704578101635
30920.0,0.0,0.027234036475419998
30921.0,0.0,0.027234036475419998
30922.0,0.0,0.02364484779536724
30923.0,0.0,0.0014693202683702111
30924.0,0.0,0.04019296169281006
30925.0,0.0,0.022451452910900116
30926.0,0.0,0.024871468544006348
30927.0,1.0,0.7740375995635986
30928.0,0.0,0.024717602878808975
30929.0,0.0,0.035611413419246674
30930.0,0.0,0.02314114384353161
30931.0,0.0,0.014891373924911022
30932.0,0.0,0.025005033239722252
30933.0,0.0,0.0012333538616076112
30934.0,0.0,0.023887183517217636
30935.0,0.0,0.025771109387278557
30936.0,0.0,0.016994355246424675
30937.0,0.0,0.024590618908405304
30938.0,0.0,0.017739813774824142
30939.0,0.0,0.024717602878808975
30940.0,0.0,0.02536497637629509
30941.0,0.0,0.025810956954956055
30942.0,1.0,0.027234036475419998
30943.0,0.0,0.02854803204536438
30944.0,0.0,0.025873281061649323
30945.0,0.0,0.014891373924911022
30946.0,1.0,0.9958285689353943
30947.0,0.0,0.01635638438165188
30948.0,0.0,0.024717602878808975
30949.0,0.0,0.060015689581632614
30950.0,0.0,0.05708349123597145
30951.0,0.0,0.017228078097105026
30952.0,0.0,0.025771109387278557
30953.0,0.0,0.01899777166545391
30954.0,0.0,0.0014018514193594456
30955.0,0.0,0.05454898998141289
30956.0,0.0,0.02544485405087471
30957.0,0.0,0.024871468544006348
30958.0,0.0,0.025005033239722252
30959.0,0.0,0.022685261443257332
30960.0,0.0,0.016097549349069595
30961.0,0.0,0.024906201288104057
30962.0,0.0,0.023948587477207184
30963.0,0.0,0.024906201288104057
30964.0,1.0,0.42705121636390686
30965.0,0.0,0.024433191865682602
30966.0,0.0,0.02660154178738594
30967.0,0.0,0.016435613855719566
30968.0,0.0,0.018186988309025764
30969.0,0.0,0.027341853827238083
30970.0,0.0,0.003187620546668768
30971.0,0.0,0.015856554731726646
30972.0,0.0,0.02314114384353161
30973.0,0.0,0.02507074922323227
30974.0,0.0,0.0014202744932845235
30975.0,0.0,0.025005033239722252
30976.0,0.0,0.05983950197696686
30977.0,0.0,0.025771109387278557
30978.0,0.0,0.02632135897874832
30979.0,0.0,0.3493441343307495
30980.0,0.0,0.02236247807741165
30981.0,0.0,0.02398207224905491
30982.0,0.0,0.01899777166545391
30983.0,0.0,0.025771109387278557
30984.0,0.0,0.015979811549186707
30985.0,0.0,0.05698017776012421
30986.0,0.0,0.07254078984260559
30987.0,0.0,0.02236247807741165
30988.0,0.0,0.024717602878808975
30989.0,0.0,0.024590618908405304
30990.0,0.0,0.02896132692694664
30991.0,0.0,0.014777462929487228
30992.0,0.0,0.025873281061649323
30993.0,0.0,0.35456952452659607
30994.0,0.0,0.0013140484225004911
30995.0,0.0,0.015938570722937584
30996.0,0.0,0.025771109387278557
30997.0,0.0,0.015223466791212559
30998.0,0.0,0.026481470093131065
30999.0,0.0,0.025873281061649323
31000.0,0.0,0.025310751050710678
31001.0,0.0,0.016661789268255234
31002.0,0.0,0.05515262857079506
31003.0,0.0,0.027234036475419998
31004.0,0.0,0.041035208851099014
31005.0,0.0,0.015590906143188477
31006.0,0.0,0.023922305554151535
31007.0,0.0,0.01704694889485836
31008.0,0.0,0.025771109387278557
31009.0,0.0,0.028003249317407608
31010.0,0.0,0.05607227236032486
31011.0,0.0,0.045855917036533356
31012.0,0.0,0.05795514956116676
31013.0,0.0,0.025771109387278557
31014.0,0.0,0.05993499979376793
31015.0,0.0,0.015590906143188477
31016.0,0.0,0.02653190866112709
31017.0,0.0,0.023677917197346687
31018.0,0.0,0.026122327893972397
31019.0,0.0,0.042855311185121536
31020.0,0.0,0.013825992122292519
31021.0,0.0,0.022331207990646362
31022.0,0.0,0.027234036475419998
31023.0,0.0,0.4392189085483551
31024.0,0.0,0.06113040819764137
31025.0,0.0,0.015878908336162567
31026.0,0.0,0.0014202744932845235
31027.0,0.0,0.02314114384353161
31028.0,0.0,0.01740630343556404
31029.0,0.0,0.02663862146437168
31030.0,0.0,0.010836593806743622
31031.0,0.0,0.02544485405087471
31032.0,0.0,0.02314114384353161
31033.0,0.0,0.2407347410917282
31034.0,0.0,0.025771109387278557
31035.0,0.0,0.011426706798374653
31036.0,0.0,0.05795514956116676
31037.0,0.0,0.024906201288104057
31038.0,0.0,0.017968246713280678
31039.0,0.0,0.0015030310023576021
31040.0,0.0,0.027021421119570732
31041.0,0.0,0.017969094216823578
31042.0,0.0,0.02663862146437168
31043.0,0.0,0.024871468544006348
31044.0,0.0,0.01445102971047163
31045.0,0.0,0.4532330334186554
31046.0,1.0,0.4037907123565674
31047.0,0.0,0.026744144037365913
31048.0,0.0,0.025550583377480507
31049.0,0.0,0.01133112795650959
31050.0,0.0,0.016435613855719566
31051.0,0.0,0.02710825391113758
31052.0,0.0,0.027205243706703186
31053.0,0.0,0.05702126398682594
31054.0,0.0,0.0012720894301310182
31055.0,0.0,0.0031413736287504435
31056.0,0.0,0.03710935637354851
31057.0,0.0,0.02398207224905491
31058.0,0.0,0.018215972930192947
31059.0,0.0,0.016435613855719566
31060.0,0.0,0.02632135897874832
31061.0,0.0,0.029037639498710632
31062.0,0.0,0.017969094216823578
31063.0,0.0,0.02314114384353161
31064.0,0.0,0.015050983056426048
31065.0,0.0,0.030270930379629135
31066.0,0.0,0.024871468544006348
31067.0,0.0,0.0262258630245924
31068.0,0.0,0.0015030310023576021
31069.0,1.0,0.4532330334186554
31070.0,0.0,0.02632135897874832
31071.0,0.0,0.016435613855719566
31072.0,0.0,0.014891373924911022
31073.0,0.0,0.02608109824359417
31074.0,0.0,0.014297300949692726
31075.0,0.0,0.023887183517217636
31076.0,0.0,0.06344211101531982
31077.0,0.0,0.017378058284521103
31078.0,0.0,0.025771109387278557
31079.0,0.0,0.02544485405087471
31080.0,0.0,0.025771109387278557
31081.0,0.0,0.02360360138118267
31082.0,0.0,0.0242068562656641
31083.0,1.0,0.4436468780040741
31084.0,0.0,0.017378058284521103
31085.0,0.0,0.027234036475419998
31086.0,0.0,0.054758843034505844
31087.0,0.0,0.025771109387278557
31088.0,0.0,0.03574252501130104
31089.0,0.0,0.06540492177009583
31090.0,0.0,0.024727489799261093
31091.0,0.0,0.025229530408978462
31092.0,0.0,0.024556316435337067
31093.0,0.0,0.023888908326625824
31094.0,0.0,0.017102519050240517
31095.0,0.0,0.025073513388633728
31096.0,0.0,0.0013714581727981567
31097.0,0.0,0.016293639317154884
31098.0,0.0,0.02663862146437168
31099.0,0.0,0.0334741547703743
31100.0,0.0,0.062166977673769
31101.0,0.0,0.015107985585927963
31102.0,0.0,0.02663862146437168
31103.0,0.0,0.015878908336162567
31104.0,1.0,0.05533820390701294
31105.0,0.0,0.025771109387278557
31106.0,0.0,0.03740875422954559
31107.0,0.0,0.01729780063033104
31108.0,0.0,0.017968246713280678
31109.0,0.0,0.023616880178451538
31110.0,0.0,0.026122327893972397
31111.0,0.0,0.024871468544006348
31112.0,0.0,0.05915085971355438
31113.0,0.0,0.026301685720682144
31114.0,0.0,0.02519186958670616
31115.0,0.0,0.023887183517217636
31116.0,0.0,0.03624822944402695
31117.0,0.0,0.42705121636390686
31118.0,0.0,0.017969094216823578
31119.0,0.0,0.06175331398844719
31120.0,0.0,0.018330127000808716
31121.0,0.0,0.02314114384353161
31122.0,0.0,0.001298092189244926
31123.0,0.0,0.025771109387278557
31124.0,0.0,0.02689267322421074
31125.0,1.0,0.43061134219169617
31126.0,0.0,0.02314114384353161
31127.0,0.0,0.016435613855719566
31128.0,0.0,0.06502611190080643
31129.0,0.0,0.02893596701323986
31130.0,0.0,0.03458906710147858
31131.0,0.0,0.02314114384353161
31132.0,0.0,0.023887183517217636
31133.0,0.0,0.016122156754136086
31134.0,0.0,0.02314114384353161
31135.0,0.0,0.023887183517217636
31136.0,0.0,0.02440434880554676
31137.0,0.0,0.013356479816138744
31138.0,0.0,0.014743927866220474
31139.0,0.0,0.015413998626172543
31140.0,0.0,0.44283321499824524
31141.0,1.0,0.4595222473144531
31142.0,0.0,0.05594518408179283
31143.0,0.0,0.05514055863022804
31144.0,0.0,0.05105408653616905
31145.0,0.0,0.05795514956116676
31146.0,0.0,0.024906201288104057
31147.0,1.0,0.06175331398844719
31148.0,0.0,0.02323314920067787
31149.0,0.0,0.023298293352127075
31150.0,1.0,0.03806187957525253
31151.0,0.0,0.02663862146437168
31152.0,0.0,0.024017333984375
31153.0,0.0,0.017969094216823578
31154.0,0.0,0.05066057667136192
31155.0,0.0,0.025005033239722252
31156.0,0.0,0.024555636569857597
31157.0,0.0,0.025642139837145805
31158.0,0.0,0.023887183517217636
31159.0,0.0,0.026122327893972397
31160.0,0.0,0.05085766315460205
31161.0,1.0,0.3390358090400696
31162.0,0.0,0.025873281061649323
31163.0,0.0,0.016435613855719566
31164.0,0.0,0.0014693202683702111
31165.0,0.0,0.018040908500552177
31166.0,1.0,0.4205121099948883
31167.0,0.0,0.023887183517217636
31168.0,0.0,0.01722889207303524
31169.0,0.0,0.04094049707055092
31170.0,0.0,0.02236247807741165
31171.0,0.0,0.05708349123597145
31172.0,1.0,0.4691859781742096
31173.0,0.0,0.026141773909330368
31174.0,0.0,0.027234036475419998
31175.0,0.0,0.0263888631016016
31176.0,0.0,0.001392714912071824
31177.0,0.0,0.0030848050955682993
31178.0,0.0,0.025873281061649323
31179.0,0.0,0.02632135897874832
31180.0,0.0,0.02481570467352867
31181.0,0.0,0.0014202744932845235
31182.0,0.0,0.016994355246424675
31183.0,0.0,0.02314114384353161
31184.0,1.0,0.025771109387278557
31185.0,0.0,0.02323314920067787
31186.0,0.0,0.0033106503542512655
31187.0,0.0,0.0159847903996706
31188.0,0.0,0.014743927866220474
31189.0,0.0,0.01618671976029873
31190.0,0.0,0.4392189085483551
31191.0,0.0,0.022331207990646362
31192.0,0.0,0.0012555853463709354
31193.0,0.0,0.024906201288104057
31194.0,0.0,0.025771109387278557
31195.0,0.0,0.015413998626172543
31196.0,0.0,0.058941278606653214
31197.0,0.0,0.027234036475419998
31198.0,0.0,0.027234036475419998
31199.0,0.0,0.01442502997815609
31200.0,0.0,0.025245940312743187
31201.0,0.0,0.025771109387278557
31202.0,0.0,0.018199829384684563
31203.0,0.0,0.060643456876277924
31204.0,0.0,0.024871468544006348
31205.0,0.0,0.024717602878808975
31206.0,1.0,0.4649137854576111
31207.0,0.0,0.014093264937400818
31208.0,0.0,0.015916068106889725
31209.0,0.0,0.016158010810613632
31210.0,0.0,0.016446709632873535
31211.0,0.0,0.027234036475419998
31212.0,0.0,0.0014202744932845235
31213.0,0.0,0.024871468544006348
31214.0,0.0,0.025771109387278557
31215.0,0.0,0.024970166385173798
31216.0,0.0,0.015445958822965622
31217.0,0.0,0.025771109387278557
31218.0,0.0,0.024906201288104057
31219.0,0.0,0.0629376545548439
31220.0,0.0,0.025873281061649323
31221.0,0.0,0.028895776718854904
31222.0,0.0,0.025771109387278557
31223.0,0.0,0.024871468544006348
31224.0,0.0,0.02398207224905491
31225.0,0.0,0.02632135897874832
31226.0,0.0,0.015246058814227581
31227.0,1.0,0.05998837947845459
31228.0,0.0,0.04266770929098129
31229.0,0.0,0.025873281061649323
31230.0,0.0,0.027234036475419998
31231.0,0.0,0.014243694953620434
31232.0,0.0,0.027234036475419998
31233.0,0.0,0.026744144037365913
31234.0,0.0,0.038599807769060135
31235.0,0.0,0.025283005088567734
31236.0,0.0,0.023924192413687706
31237.0,0.0,0.016435613855719566
31238.0,0.0,0.019121738150715828
31239.0,0.0,0.02632135897874832
31240.0,0.0,0.02663862146437168
31241.0,0.0,0.0244136955589056
31242.0,1.0,0.05330885201692581
31243.0,0.0,0.014891373924911022
31244.0,0.0,0.022613143548369408
31245.0,0.0,0.06100006029009819
31246.0,0.0,0.025771109387278557
31247.0,0.0,0.027341853827238083
31248.0,0.0,0.014891373924911022
31249.0,0.0,0.027234036475419998
31250.0,0.0,0.003972181119024754
31251.0,0.0,0.024906201288104057
31252.0,0.0,0.02632135897874832
31253.0,0.0,0.012660186737775803
31254.0,0.0,0.017969094216823578
31255.0,0.0,0.0014018514193594456
31256.0,0.0,0.027234036475419998
31257.0,0.0,0.01133112795650959
31258.0,1.0,0.4090858995914459
31259.0,0.0,0.015938570722937584
31260.0,0.0,0.0013160249218344688
31261.0,0.0,0.07447658479213715
31262.0,0.0,0.06175331398844719
31263.0,0.0,0.017969094216823578
31264.0,0.0,0.0036289540585130453
31265.0,0.0,0.05530938133597374
31266.0,0.0,0.026744144037365913
31267.0,0.0,0.016661789268255234
31268.0,0.0,0.024717602878808975
31269.0,0.0,0.0012970002135261893
31270.0,0.0,0.0036289540585130453
31271.0,0.0,0.0263888631016016
31272.0,0.0,0.026141773909330368
31273.0,0.0,0.024302981793880463
31274.0,0.0,0.0013916846364736557
31275.0,0.0,0.24774743616580963
31276.0,0.0,0.02445853315293789
31277.0,0.0,0.026425663381814957
31278.0,0.0,0.003244467545300722
31279.0,0.0,0.024906201288104057
31280.0,0.0,0.024871468544006348
31281.0,0.0,0.017810726538300514
31282.0,0.0,0.04156623035669327
31283.0,0.0,0.032254889607429504
31284.0,0.0,0.015856554731726646
31285.0,0.0,0.017969094216823578
31286.0,0.0,0.0263888631016016
31287.0,0.0,0.02697308547794819
31288.0,0.0,0.022486286237835884
31289.0,0.0,0.32667824625968933
31290.0,0.0,0.022331207990646362
31291.0,1.0,0.994199275970459
31292.0,0.0,0.05522727221250534
31293.0,0.0,0.02361888997256756
31294.0,0.0,0.013825992122292519
31295.0,0.0,0.024906201288104057
31296.0,0.0,0.33927401900291443
31297.0,0.0,0.02314114384353161
31298.0,0.0,0.03859657794237137
31299.0,0.0,0.0013431700645014644
31300.0,0.0,0.02061801590025425
31301.0,0.0,0.025642139837145805
31302.0,0.0,0.025771109387278557
31303.0,0.0,0.02314114384353161
31304.0,0.0,0.0014018514193594456
31305.0,0.0,0.015616292133927345
31306.0,1.0,0.43061134219169617
31307.0,0.0,0.025771109387278557
31308.0,0.0,0.015413998626172543
31309.0,0.0,0.024017333984375
31310.0,0.0,0.02544485405087471
31311.0,0.0,0.017378058284521103
31312.0,0.0,0.024944746866822243
31313.0,0.0,0.025005033239722252
31314.0,0.0,0.022166267037391663
31315.0,0.0,0.041035208851099014
31316.0,0.0,0.062320515513420105
31317.0,0.0,0.05522727221250534
31318.0,0.0,0.02663862146437168
31319.0,0.0,0.027234036475419998
31320.0,0.0,0.023721186444163322
31321.0,0.0,0.031205356121063232
31322.0,0.0,0.023948587477207184
31323.0,0.0,0.02207839861512184
31324.0,0.0,0.016435613855719566
31325.0,0.0,0.015878908336162567
31326.0,0.0,0.015734784305095673
31327.0,0.0,0.0014693202683702111
31328.0,0.0,0.0182296484708786
31329.0,0.0,0.06474325805902481
31330.0,0.0,0.06511613726615906
31331.0,0.0,0.0270198043435812
31332.0,0.0,0.01729780063033104
31333.0,0.0,0.014255979098379612
31334.0,0.0,0.023677917197346687
31335.0,1.0,0.022451452910900116
31336.0,0.0,0.02440434880554676
31337.0,0.0,0.01608537882566452
31338.0,0.0,0.027234036475419998
31339.0,0.0,0.01571263000369072
31340.0,0.0,0.0019452678970992565
31341.0,0.0,0.027234036475419998
31342.0,0.0,0.02632135897874832
31343.0,0.0,0.016674311831593513
31344.0,0.0,0.015782184898853302
31345.0,0.0,0.0014513740316033363
31346.0,0.0,0.06139259412884712
31347.0,0.0,0.024556316435337067
31348.0,0.0,0.06113040819764137
31349.0,0.0,0.45241183042526245
31350.0,0.0,0.02236247807741165
31351.0,0.0,0.0246882326900959
31352.0,0.0,0.01629883050918579
31353.0,0.0,0.01618671976029873
31354.0,0.0,0.023922305554151535
31355.0,1.0,0.058099646121263504
31356.0,0.0,0.017478905618190765
31357.0,0.0,0.030282769352197647
31358.0,0.0,0.011426706798374653
31359.0,0.0,0.017969094216823578
31360.0,0.0,0.014061274006962776
31361.0,0.0,0.0376441553235054
31362.0,0.0,0.010713044553995132
31363.0,0.0,0.0033917976543307304
31364.0,0.0,0.03901994973421097
31365.0,0.0,0.05846336856484413
31366.0,0.0,0.024717602878808975
31367.0,0.0,0.12991154193878174
31368.0,0.0,0.0013080606004223228
31369.0,0.0,0.01678997464478016
31370.0,0.0,0.34019145369529724
31371.0,0.0,0.026141773909330368
31372.0,0.0,0.015878908336162567
31373.0,0.0,0.0015030310023576021
31374.0,0.0,0.016435613855719566
31375.0,0.0,0.015916068106889725
31376.0,1.0,0.45508915185928345
31377.0,0.0,0.01685047335922718
31378.0,0.0,0.02521074190735817
31379.0,0.0,0.01575755886733532
31380.0,0.0,0.025771109387278557
31381.0,0.0,0.02445853315293789
31382.0,0.0,0.04475943744182587
31383.0,0.0,0.01629883050918579
31384.0,0.0,0.0036289540585130453
31385.0,0.0,0.027341853827238083
31386.0,0.0,0.01899777166545391
31387.0,0.0,0.0399782694876194
31388.0,0.0,0.023887183517217636
31389.0,0.0,0.025771109387278557
31390.0,0.0,0.021046500653028488
31391.0,0.0,0.02544485405087471
31392.0,0.0,0.027234036475419998
31393.0,0.0,0.037017326802015305
31394.0,0.0,0.02697308547794819
31395.0,0.0,0.024717602878808975
31396.0,0.0,0.024717602878808975
31397.0,0.0,0.01618671976029873
31398.0,0.0,0.027021421119570732
31399.0,0.0,0.025771109387278557
31400.0,0.0,0.06998661160469055
31401.0,1.0,0.7712129354476929
31402.0,0.0,0.0014672224642708898
31403.0,0.0,0.02544485405087471
31404.0,0.0,0.018074018880724907
31405.0,1.0,0.06113040819764137
31406.0,0.0,0.022847406566143036
31407.0,0.0,0.02624538727104664
31408.0,1.0,0.05515262857079506
31409.0,0.0,0.025545770302414894
31410.0,0.0,0.01629883050918579
31411.0,0.0,0.023853830993175507
31412.0,0.0,0.024871468544006348
31413.0,0.0,0.016435613855719566
31414.0,1.0,0.027234036475419998
31415.0,1.0,0.5773564577102661
31416.0,0.0,0.02663862146437168
31417.0,0.0,0.017474841326475143
31418.0,0.0,0.014777462929487228
31419.0,0.0,0.020228760316967964
31420.0,0.0,0.0014513740316033363
31421.0,0.0,0.034646641463041306
31422.0,0.0,0.023887183517217636
31423.0,0.0,0.024906201288104057
31424.0,0.0,0.0013408642262220383
31425.0,0.0,0.03556228429079056
31426.0,0.0,0.025771109387278557
31427.0,0.0,0.025245940312743187
31428.0,0.0,0.015444842167198658
31429.0,0.0,0.025873281061649323
31430.0,0.0,0.0013770321384072304
31431.0,0.0,0.03805461898446083
31432.0,0.0,0.022451452910900116
31433.0,0.0,0.023636609315872192
31434.0,0.0,0.022166267037391663
31435.0,0.0,0.0013140484225004911
31436.0,0.0,0.02547396719455719
31437.0,0.0,0.015116751194000244
31438.0,0.0,0.023888908326625824
31439.0,0.0,0.036940768361091614
31440.0,0.0,0.0013714581727981567
31441.0,0.0,0.055439580231904984
31442.0,0.0,0.027234036475419998
31443.0,0.0,0.024555636569857597
31444.0,0.0,0.024231432005763054
31445.0,0.0,0.01521681435406208
31446.0,0.0,0.023636609315872192
31447.0,0.0,0.02544485405087471
31448.0,0.0,0.06813625991344452
31449.0,0.0,0.024871468544006348
31450.0,1.0,0.43061134219169617
31451.0,0.0,0.025245940312743187
31452.0,0.0,0.0013121713418513536
31453.0,0.0,0.02070019766688347
31454.0,0.0,0.026141773909330368
31455.0,0.0,0.02814936637878418
31456.0,0.0,0.025873281061649323
31457.0,0.0,0.03761137276887894
31458.0,0.0,0.44764772057533264
31459.0,0.0,0.025873281061649323
31460.0,0.0,0.014743927866220474
31461.0,0.0,0.023887183517217636
31462.0,0.0,0.0597548745572567
31463.0,0.0,0.025005033239722252
31464.0,0.0,0.02663862146437168
31465.0,0.0,0.0013160249218344688
31466.0,0.0,0.022653555497527122
31467.0,0.0,0.025005033239722252
31468.0,0.0,0.02475586347281933
31469.0,0.0,0.016109652817249298
31470.0,0.0,0.015856554731726646
31471.0,0.0,0.015938570722937584
31472.0,0.0,0.015556056052446365
31473.0,0.0,0.027913730591535568
31474.0,0.0,0.015413998626172543
31475.0,0.0,0.027341853827238083
31476.0,0.0,0.025873281061649323
31477.0,0.0,0.024906201288104057
31478.0,0.0,0.01629883050918579
31479.0,0.0,0.0012772607151418924
31480.0,0.0,0.016122156754136086
31481.0,0.0,0.010836593806743622
31482.0,0.0,0.025771109387278557
31483.0,0.0,0.0008860183879733086
31484.0,0.0,0.4445684850215912
31485.0,0.0,0.34169960021972656
31486.0,1.0,0.43501991033554077
31487.0,0.0,0.06113040819764137
31488.0,0.0,0.017969094216823578
31489.0,0.0,0.027234036475419998
31490.0,0.0,0.06512225419282913
31491.0,0.0,0.023474901914596558
31492.0,0.0,0.025771109387278557
31493.0,0.0,0.017968246713280678
31494.0,1.0,0.41323480010032654
31495.0,0.0,0.014777462929487228
31496.0,0.0,0.02445853315293789
31497.0,0.0,0.02314114384353161
31498.0,0.0,0.013825992122292519
31499.0,0.0,0.026301685720682144
31500.0,0.0,0.4616709053516388
31501.0,0.0,0.02632135897874832
31502.0,0.0,0.026301685720682144
31503.0,0.0,0.015638090670108795
31504.0,0.0,0.019073618575930595
31505.0,0.0,0.02236247807741165
31506.0,0.0,0.024906201288104057
31507.0,0.0,0.027341853827238083
31508.0,0.0,0.025771109387278557
31509.0,0.0,0.0013770321384072304
31510.0,0.0,0.018544992431998253
31511.0,0.0,0.022451452910900116
31512.0,0.0,0.02445853315293789
31513.0,0.0,0.015223466791212559
31514.0,0.0,0.025771109387278557
31515.0,1.0,0.43026041984558105
31516.0,0.0,0.026405904442071915
31517.0,0.0,0.024906201288104057
31518.0,0.0,0.026122327893972397
31519.0,0.0,0.025771109387278557
31520.0,0.0,0.024906201288104057
31521.0,0.0,0.060015689581632614
31522.0,1.0,0.43402186036109924
31523.0,0.0,0.019268490374088287
31524.0,0.0,0.025771109387278557
31525.0,0.0,0.03752155229449272
31526.0,0.0,0.05712168663740158
31527.0,0.0,0.003196687437593937
31528.0,0.0,0.05708349123597145
31529.0,0.0,0.01685047335922718
31530.0,0.0,0.02445853315293789
31531.0,1.0,0.4512373208999634
31532.0,0.0,0.07444261014461517
31533.0,0.0,0.023853830993175507
31534.0,0.0,0.027234036475419998
31535.0,0.0,0.025771109387278557
31536.0,0.0,0.027234036475419998
31537.0,0.0,0.025873281061649323
31538.0,0.0,0.04423268511891365
31539.0,0.0,0.0023437642958015203
31540.0,0.0,0.032254889607429504
31541.0,0.0,0.02440434880554676
31542.0,0.0,0.015202022157609463
31543.0,1.0,0.4287012219429016
31544.0,0.0,0.4966900944709778
31545.0,0.0,0.023677917197346687
31546.0,0.0,0.029969602823257446
31547.0,0.0,0.04239273816347122
31548.0,1.0,0.027341853827238083
31549.0,0.0,0.022938264533877373
31550.0,0.0,0.016435613855719566
31551.0,0.0,0.023888908326625824
31552.0,0.0,0.06428132206201553
31553.0,0.0,0.025005033239722252
31554.0,0.0,0.022365860641002655
31555.0,0.0,0.03669736534357071
31556.0,0.0,0.010861334390938282
31557.0,0.0,0.059472110122442245
31558.0,0.0,0.01575755886733532
31559.0,0.0,0.023780781775712967
31560.0,0.0,0.04354483634233475
31561.0,0.0,0.024906201288104057
31562.0,0.0,0.034646641463041306
31563.0,0.0,0.0014260467141866684
31564.0,0.0,0.0015775627689436078
31565.0,1.0,0.9938628673553467
31566.0,1.0,0.34842145442962646
31567.0,0.0,0.08049488067626953
31568.0,0.0,0.0014078195672482252
31569.0,0.0,0.024871468544006348
31570.0,1.0,0.9934011101722717
31571.0,0.0,0.02264479734003544
31572.0,0.0,0.023887183517217636
31573.0,0.0,0.025771109387278557
31574.0,0.0,0.061544325202703476
31575.0,0.0,0.016674311831593513
31576.0,0.0,0.015463081188499928
31577.0,0.0,0.016435613855719566
31578.0,0.0,0.0007881945348344743
31579.0,0.0,0.017992932349443436
31580.0,0.0,0.02445853315293789
31581.0,0.0,0.0012772607151418924
31582.0,0.0,0.016512542963027954
31583.0,0.0,0.02453019469976425
31584.0,0.0,0.0012720894301310182
31585.0,0.0,0.025873281061649323
31586.0,0.0,0.02660154178738594
31587.0,0.0,0.016661789268255234
31588.0,0.0,0.01575755886733532
31589.0,0.0,0.027372222393751144
31590.0,0.0,0.3513956665992737
31591.0,0.0,0.0012283599935472012
31592.0,0.0,0.017969094216823578
31593.0,0.0,0.06131014972925186
31594.0,0.0,0.015878908336162567
31595.0,0.0,0.06344211101531982
31596.0,0.0,0.015413998626172543
31597.0,0.0,0.0015923171304166317
31598.0,0.0,0.0014202744932845235
31599.0,0.0,0.025005033239722252
31600.0,0.0,0.025005033239722252
31601.0,0.0,0.04052376374602318
31602.0,0.0,0.019073618575930595
31603.0,1.0,0.023887183517217636
31604.0,0.0,0.02814936637878418
31605.0,0.0,0.030146073549985886
31606.0,0.0,0.016122156754136086
31607.0,0.0,0.025005033239722252
31608.0,1.0,0.34169960021972656
31609.0,0.0,0.025873281061649323
31610.0,0.0,0.06021404266357422
31611.0,0.0,0.04464530199766159
31612.0,0.0,0.015878908336162567
31613.0,0.0,0.015675872564315796
31614.0,0.0,0.029535578563809395
31615.0,0.0,0.058760810643434525
31616.0,0.0,0.02663862146437168
31617.0,0.0,0.025550583377480507
31618.0,0.0,0.04041016474366188
31619.0,0.0,0.026122327893972397
31620.0,0.0,0.05454898998141289
31621.0,0.0,0.025771109387278557
31622.0,0.0,0.02628469653427601
31623.0,0.0,0.029535578563809395
31624.0,0.0,0.0013121713418513536
31625.0,0.0,0.026814289391040802
31626.0,0.0,0.4392189085483551
31627.0,0.0,0.025642139837145805
31628.0,0.0,0.024906201288104057
31629.0,0.0,0.05795514956116676
31630.0,0.0,0.037017326802015305
31631.0,0.0,0.038059405982494354
31632.0,0.0,0.02641528844833374
31633.0,0.0,0.0015549295349046588
31634.0,0.0,0.038809921592473984
31635.0,0.0,0.02544485405087471
31636.0,0.0,0.02445853315293789
31637.0,0.0,0.017969094216823578
31638.0,0.0,0.031328391283750534
31639.0,0.0,0.025771109387278557
31640.0,0.0,0.025771109387278557
31641.0,0.0,0.003459122497588396
31642.0,0.0,0.02814936637878418
31643.0,0.0,0.017739813774824142
31644.0,0.0,0.02536497637629509
31645.0,0.0,0.01899777166545391
31646.0,0.0,0.0015403785509988666
31647.0,0.0,0.0013140484225004911
31648.0,0.0,0.024717602878808975
31649.0,1.0,0.025005033239722252
31650.0,0.0,0.014777462929487228
31651.0,0.0,0.016674311831593513
31652.0,0.0,0.025005033239722252
31653.0,0.0,0.015878908336162567
31654.0,0.0,0.022653555497527122
31655.0,0.0,0.0242068562656641
31656.0,0.0,0.016097549349069595
31657.0,0.0,0.02663862146437168
31658.0,0.0,0.016435613855719566
31659.0,0.0,0.02398207224905491
31660.0,0.0,0.02398207224905491
31661.0,0.0,0.06175331398844719
31662.0,0.0,0.01574668474495411
31663.0,0.0,0.024906201288104057
31664.0,0.0,0.02544485405087471
31665.0,0.0,0.0472479946911335
31666.0,0.0,0.023887183517217636
31667.0,0.0,0.0015091396635398269
31668.0,0.0,0.01574668474495411
31669.0,0.0,0.005536369513720274
31670.0,0.0,0.018630200996994972
31671.0,0.0,0.01629883050918579
31672.0,0.0,0.012085461057722569
31673.0,0.0,0.05592164024710655
31674.0,0.0,0.003364135045558214
31675.0,0.0,0.05059177801012993
31676.0,0.0,0.0014513740316033363
31677.0,0.0,0.015878908336162567
31678.0,0.0,0.041395772248506546
31679.0,0.0,0.026141773909330368
31680.0,0.0,0.01899777166545391
31681.0,0.0,0.024906201288104057
31682.0,0.0,0.026865417137742043
31683.0,0.0,0.02628469653427601
31684.0,0.0,0.0014513740316033363
31685.0,0.0,0.01575755886733532
31686.0,0.0,0.023636609315872192
31687.0,0.0,0.02628469653427601
31688.0,0.0,0.06240420788526535
31689.0,0.0,0.03876886144280434
31690.0,0.0,0.025771109387278557
31691.0,0.0,0.02398207224905491
31692.0,0.0,0.025771109387278557
31693.0,0.0,0.017378058284521103
31694.0,0.0,0.017969094216823578
31695.0,0.0,0.023887183517217636
31696.0,1.0,0.4510480761528015
31697.0,0.0,0.025771109387278557
31698.0,0.0,0.05902445688843727
31699.0,0.0,0.011593515053391457
31700.0,0.0,0.0014572733780369163
31701.0,0.0,0.02544485405087471
31702.0,0.0,0.015246058814227581
31703.0,0.0,0.04536348581314087
31704.0,0.0,0.01788308285176754
31705.0,0.0,0.028748469427227974
31706.0,0.0,0.01587403006851673
31707.0,0.0,0.02314114384353161
31708.0,0.0,0.024906201288104057
31709.0,0.0,0.023887183517217636
31710.0,0.0,0.025771109387278557
31711.0,0.0,0.015675872564315796
31712.0,1.0,0.4773422181606293
31713.0,0.0,0.02481570467352867
31714.0,0.0,0.025073513388633728
31715.0,0.0,0.04081787168979645
31716.0,0.0,0.02445853315293789
31717.0,0.0,0.0014202744932845235
31718.0,0.0,0.0246882326900959
31719.0,0.0,0.025771109387278557
31720.0,0.0,0.05237181484699249
31721.0,0.0,0.024906201288104057
31722.0,0.0,0.01740630343556404
31723.0,0.0,0.015916068106889725
31724.0,0.0,0.026141773909330368
31725.0,0.0,0.03653378039598465
31726.0,0.0,0.0012970002135261893
31727.0,0.0,0.4384027123451233
31728.0,0.0,0.016435613855719566
31729.0,0.0,0.0008083566790446639
31730.0,0.0,0.024906201288104057
31731.0,0.0,0.026481470093131065
31732.0,0.0,0.06536997854709625
31733.0,0.0,0.0008444725535809994
31734.0,0.0,0.025346089154481888
31735.0,0.0,0.024906201288104057
31736.0,0.0,0.023887183517217636
31737.0,0.0,0.024906201288104057
31738.0,0.0,0.024717602878808975
31739.0,0.0,0.022451452910900116
31740.0,0.0,0.027234036475419998
31741.0,0.0,0.025771109387278557
31742.0,0.0,0.027234036475419998
31743.0,0.0,0.026425663381814957
31744.0,0.0,0.0036346931010484695
31745.0,0.0,0.01685047335922718
31746.0,0.0,0.027234036475419998
31747.0,0.0,0.026265054941177368
31748.0,0.0,0.025651903823018074
31749.0,0.0,0.02641528844833374
31750.0,0.0,0.02236247807741165
31751.0,0.0,0.024906201288104057
31752.0,0.0,0.025810956954956055
31753.0,0.0,0.06815726310014725
31754.0,0.0,0.02236247807741165
31755.0,1.0,0.010880522429943085
31756.0,0.0,0.024717602878808975
31757.0,0.0,0.02544485405087471
31758.0,0.0,0.06610185652971268
31759.0,0.0,0.02331724390387535
31760.0,0.0,0.024906201288104057
31761.0,0.0,0.026744144037365913
31762.0,0.0,0.02358420193195343
31763.0,0.0,0.05638376995921135
31764.0,0.0,0.02663862146437168
31765.0,0.0,0.4392189085483551
31766.0,0.0,0.015640918165445328
31767.0,0.0,0.02398207224905491
31768.0,0.0,0.015734784305095673
31769.0,0.0,0.022847406566143036
31770.0,0.0,0.05616211146116257
31771.0,0.0,0.03663180395960808
31772.0,0.0,0.02824964001774788
31773.0,0.0,0.02797490544617176
31774.0,0.0,0.04166874289512634
31775.0,0.0,0.04047170281410217
31776.0,1.0,0.9910832643508911
31777.0,0.0,0.02544485405087471
31778.0,0.0,0.017969094216823578
31779.0,0.0,0.025346089154481888
31780.0,0.0,0.02371274307370186
31781.0,1.0,0.4476095139980316
31782.0,0.0,0.014743927866220474
31783.0,0.0,0.02803678810596466
31784.0,0.0,0.014743927866220474
31785.0,0.0,0.017378058284521103
31786.0,0.0,0.4392189085483551
31787.0,0.0,0.015223466791212559
31788.0,1.0,0.05522727221250534
31789.0,0.0,0.02421925775706768
31790.0,0.0,0.024854116141796112
31791.0,0.0,0.03794029727578163
31792.0,0.0,0.0013714581727981567
31793.0,0.0,0.01747695542871952
31794.0,0.0,0.02854803204536438
31795.0,0.0,0.00330717652104795
31796.0,0.0,0.016994355246424675
31797.0,0.0,0.017739813774824142
31798.0,0.0,0.02544485405087471
31799.0,0.0,0.017378058284521103
31800.0,0.0,0.02360360138118267
31801.0,0.0,0.02314114384353161
31802.0,0.0,0.025771109387278557
31803.0,0.0,0.0012720894301310182
31804.0,0.0,0.01757531799376011
31805.0,0.0,0.015938570722937584
31806.0,0.0,0.025771109387278557
31807.0,0.0,0.02814936637878418
31808.0,0.0,0.05708349123597145
31809.0,0.0,0.0015030310023576021
31810.0,0.0,0.031205356121063232
31811.0,0.0,0.017969094216823578
31812.0,0.0,0.06986517459154129
31813.0,0.0,0.0375923290848732
31814.0,0.0,0.04266770929098129
31815.0,0.0,0.025771109387278557
31816.0,0.0,0.02314114384353161
31817.0,0.0,0.01678997464478016
31818.0,0.0,0.04285508766770363
31819.0,0.0,0.02632135897874832
31820.0,0.0,0.4392189085483551
31821.0,0.0,0.027234036475419998
31822.0,0.0,0.0626082718372345
31823.0,0.0,0.022331207990646362
31824.0,0.0,0.04041016474366188
31825.0,0.0,0.025771109387278557
31826.0,0.0,0.022653555497527122
31827.0,0.0,0.025771109387278557
31828.0,0.0,0.054562490433454514
31829.0,0.0,0.013920778408646584
31830.0,0.0,0.02323314920067787
31831.0,0.0,0.02525683492422104
31832.0,0.0,0.052849479019641876
31833.0,0.0,0.024970166385173798
31834.0,0.0,0.3426138460636139
31835.0,0.0,0.027341853827238083
31836.0,0.0,0.04169211909174919
31837.0,0.0,0.04161853343248367
31838.0,0.0,0.04095249995589256
31839.0,0.0,0.01678997464478016
31840.0,0.0,0.015986574813723564
31841.0,0.0,0.01678997464478016
31842.0,0.0,0.015878908336162567
31843.0,0.0,0.02663862146437168
31844.0,0.0,0.023636609315872192
31845.0,0.0,0.014992437325417995
31846.0,0.0,0.0014202744932845235
31847.0,0.0,0.016622358933091164
31848.0,0.0,0.4472556412220001
31849.0,0.0,0.02632135897874832
31850.0,0.0,0.02663862146437168
31851.0,0.0,0.07619859278202057
31852.0,0.0,0.024906201288104057
31853.0,0.0,0.02632135897874832
31854.0,0.0,0.018542252480983734
31855.0,0.0,0.017336970195174217
31856.0,0.0,0.03627697005867958
31857.0,0.0,0.017739813774824142
31858.0,0.0,0.02358420193195343
31859.0,0.0,0.0014202744932845235
31860.0,0.0,0.018040908500552177
31861.0,0.0,0.025873281061649323
31862.0,0.0,0.06549248099327087
31863.0,0.0,0.04243891313672066
31864.0,0.0,0.02617223933339119
31865.0,0.0,0.01521681435406208
31866.0,0.0,0.01678997464478016
31867.0,0.0,0.023730525746941566
31868.0,0.0,0.01506237406283617
31869.0,0.0,0.014891373924911022
31870.0,0.0,0.05916696786880493
31871.0,0.0,0.02632135897874832
31872.0,0.0,0.043028999119997025
31873.0,0.0,0.001694551552645862
31874.0,0.0,0.025771109387278557
31875.0,0.0,0.025771109387278557
31876.0,0.0,0.061544325202703476
31877.0,0.0,0.025771109387278557
31878.0,0.0,0.029535578563809395
31879.0,0.0,0.001336937421001494
31880.0,1.0,0.461662620306015
31881.0,0.0,0.0007870682748034596
31882.0,1.0,0.8282559514045715
31883.0,0.0,0.05628763884305954
31884.0,0.0,0.02507074922323227
31885.0,0.0,0.02355126105248928
31886.0,0.0,0.02663862146437168
31887.0,1.0,0.05400810018181801
31888.0,0.0,0.040483132004737854
31889.0,0.0,0.02323314920067787
31890.0,0.0,0.04360976815223694
31891.0,0.0,0.02314114384353161
31892.0,0.0,0.04081599414348602
31893.0,0.0,0.015413998626172543
31894.0,0.0,0.02360360138118267
31895.0,0.0,0.02398207224905491
31896.0,0.0,0.017968246713280678
31897.0,0.0,0.011426706798374653
31898.0,0.0,0.022331207990646362
31899.0,0.0,0.0014202744932845235
31900.0,0.0,0.024871468544006348
31901.0,0.0,0.0229489766061306
31902.0,0.0,0.0013714581727981567
31903.0,0.0,0.024717602878808975
31904.0,0.0,0.023393183946609497
31905.0,0.0,0.026141773909330368
31906.0,0.0,0.017969094216823578
31907.0,0.0,0.025771109387278557
31908.0,0.0,0.0014693202683702111
31909.0,0.0,0.001305232523009181
31910.0,0.0,0.02544485405087471
31911.0,0.0,0.030163714662194252
31912.0,0.0,0.015413998626172543
31913.0,0.0,0.016435613855719566
31914.0,0.0,0.05522727221250534
31915.0,0.0,0.0014909888850525022
31916.0,0.0,0.025771109387278557
31917.0,0.0,0.011618051677942276
31918.0,0.0,0.025005033239722252
31919.0,0.0,0.013825992122292519
31920.0,0.0,0.017969094216823578
31921.0,0.0,0.016122156754136086
31922.0,0.0,0.0014018514193594456
31923.0,0.0,0.05916696786880493
31924.0,0.0,0.02663862146437168
31925.0,0.0,0.0014260467141866684
31926.0,0.0,0.024717602878808975
31927.0,0.0,0.015556056052446365
31928.0,0.0,0.017969094216823578
31929.0,0.0,0.024871468544006348
31930.0,0.0,0.04041016474366188
31931.0,0.0,0.015280703082680702
31932.0,0.0,0.016766361892223358
31933.0,0.0,0.02236247807741165
31934.0,0.0,0.003296883078292012
31935.0,0.0,0.42113515734672546
31936.0,0.0,0.02314114384353161
31937.0,1.0,0.0649944394826889
31938.0,0.0,0.024017333984375
31939.0,0.0,0.023887183517217636
31940.0,0.0,0.024906201288104057
31941.0,0.0,0.03761137276887894
31942.0,0.0,0.025771109387278557
31943.0,1.0,0.4834911823272705
31944.0,0.0,0.02314114384353161
31945.0,0.0,0.023887183517217636
31946.0,0.0,0.02526475116610527
31947.0,0.0,0.023922305554151535
31948.0,0.0,0.02660154178738594
31949.0,0.0,0.02507074922323227
31950.0,0.0,0.02504478208720684
31951.0,0.0,0.02398207224905491
31952.0,0.0,0.015553967095911503
31953.0,0.0,0.0014693202683702111
31954.0,0.0,0.42605772614479065
31955.0,0.0,0.017969094216823578
31956.0,0.0,0.025873281061649323
31957.0,0.0,0.02628469653427601
31958.0,0.0,0.017336970195174217
31959.0,0.0,0.07066027820110321
31960.0,0.0,0.02314114384353161
31961.0,0.0,0.024906201288104057
31962.0,0.0,0.04056795686483383
31963.0,0.0,0.02663862146437168
31964.0,0.0,0.01722889207303524
31965.0,0.0,0.03710935637354851
31966.0,0.0,0.024717602878808975
31967.0,0.0,0.022331207990646362
31968.0,0.0,0.01722889207303524
31969.0,0.0,0.0013160249218344688
31970.0,0.0,0.01068609207868576
31971.0,0.0,0.025005033239722252
31972.0,0.0,0.01924145594239235
31973.0,0.0,0.025873281061649323
31974.0,0.0,0.0263888631016016
31975.0,1.0,0.42605772614479065
31976.0,0.0,0.016435613855719566
31977.0,0.0,0.011022149585187435
31978.0,0.0,0.02999349683523178
31979.0,0.0,0.024871468544006348
31980.0,0.0,0.015413998626172543
31981.0,0.0,0.052798327058553696
31982.0,0.0,0.026744144037365913
31983.0,0.0,0.05530938133597374
31984.0,0.0,0.024231432005763054
31985.0,0.0,0.04475943744182587
31986.0,0.0,0.03740875422954559
31987.0,1.0,0.025771109387278557
31988.0,0.0,0.016352578997612
31989.0,0.0,0.016122156754136086
31990.0,0.0,0.06175331398844719
31991.0,0.0,0.0013770321384072304
31992.0,0.0,0.02641528844833374
31993.0,0.0,0.02445853315293789
31994.0,0.0,0.029535578563809395
31995.0,0.0,0.02591816894710064
31996.0,0.0,0.025873281061649323
31997.0,0.0,0.023887183517217636
31998.0,1.0,0.057245396077632904
31999.0,0.0,0.026122327893972397
32000.0,0.0,0.024970166385173798
32001.0,0.0,0.02264479734003544
32002.0,0.0,0.058760810643434525
32003.0,0.0,0.0014018514193594456
32004.0,1.0,0.34169960021972656
32005.0,1.0,0.6448092460632324
32006.0,0.0,0.0014078195672482252
32007.0,0.0,0.010113470256328583
32008.0,0.0,0.02314114384353161
32009.0,0.0,0.024556316435337067
32010.0,1.0,0.8454277515411377
32011.0,1.0,0.4486140012741089
32012.0,1.0,0.05237181484699249
32013.0,0.0,0.015202022157609463
32014.0,1.0,0.025229530408978462
32015.0,0.0,0.023887183517217636
32016.0,0.0,0.0013714581727981567
32017.0,0.0,0.025771109387278557
32018.0,0.0,0.017969094216823578
32019.0,0.0,0.009619723074138165
32020.0,0.0,0.021197669208049774
32021.0,1.0,0.4185042083263397
32022.0,0.0,0.04081787168979645
32023.0,0.0,0.06610185652971268
32024.0,0.0,0.06113040819764137
32025.0,0.0,0.01521681435406208
32026.0,0.0,0.06175331398844719
32027.0,0.0,0.022487236186861992
32028.0,0.0,0.017739813774824142
32029.0,0.0,0.024906201288104057
32030.0,0.0,0.0262258630245924
32031.0,0.0,0.023922305554151535
32032.0,0.0,0.024906201288104057
32033.0,0.0,0.03740875422954559
32034.0,0.0,0.06428132206201553
32035.0,0.0,0.024906201288104057
32036.0,0.0,0.024717602878808975
32037.0,0.0,0.05538422241806984
32038.0,1.0,0.4122503101825714
32039.0,0.0,0.02521074190735817
32040.0,0.0,0.025771109387278557
32041.0,0.0,0.04518317058682442
32042.0,0.0,0.027234036475419998
32043.0,0.0,0.02236247807741165
32044.0,0.0,0.015202022157609463
32045.0,0.0,0.025771109387278557
32046.0,0.0,0.017969094216823578
32047.0,0.0,0.02323314920067787
32048.0,0.0,0.011022149585187435
32049.0,0.0,0.06344211101531982
32050.0,0.0,0.023697391152381897
32051.0,0.0,0.014743927866220474
32052.0,0.0,0.0013140484225004911
32053.0,0.0,0.023922305554151535
32054.0,0.0,0.02663862146437168
32055.0,0.0,0.024906201288104057
32056.0,0.0,0.017969094216823578
32057.0,0.0,0.055439580231904984
32058.0,0.0,0.025005033239722252
32059.0,0.0,0.03960162028670311
32060.0,0.0,0.025550583377480507
32061.0,0.0,0.017969094216823578
32062.0,0.0,0.0014018514193594456
32063.0,0.0,0.3653699457645416
32064.0,0.0,0.017255766317248344
32065.0,0.0,0.0159847903996706
32066.0,0.0,0.018700268119573593
32067.0,1.0,0.023887183517217636
32068.0,0.0,0.011426706798374653
32069.0,0.0,0.023922305554151535
32070.0,0.0,0.0014513740316033363
32071.0,0.0,0.027234036475419998
32072.0,0.0,0.01574668474495411
32073.0,0.0,0.04371431842446327
32074.0,0.0,0.02445853315293789
32075.0,0.0,0.026301685720682144
32076.0,0.0,0.33927401900291443
32077.0,0.0,0.024871468544006348
32078.0,0.0,0.014844920486211777
32079.0,0.0,0.014743927866220474
32080.0,0.0,0.016122156754136086
32081.0,0.0,0.025593344122171402
32082.0,0.0,0.024906201288104057
32083.0,0.0,0.015556056052446365
32084.0,0.0,0.015938570722937584
32085.0,0.0,0.036484528332948685
32086.0,0.0,0.0246882326900959
32087.0,0.0,0.024906201288104057
32088.0,0.0,0.01729780063033104
32089.0,0.0,0.025771109387278557
32090.0,0.0,0.025771109387278557
32091.0,0.0,0.016122156754136086
32092.0,0.0,0.03650267422199249
32093.0,0.0,0.022847406566143036
32094.0,0.0,0.027537278831005096
32095.0,0.0,0.4122503101825714
32096.0,0.0,0.027001334354281425
32097.0,0.0,0.014743927866220474
32098.0,0.0,0.039598796516656876
32099.0,0.0,0.024906201288104057
32100.0,0.0,0.025771109387278557
32101.0,0.0,0.01575755886733532
32102.0,0.0,0.06021404266357422
32103.0,0.0,0.016435613855719566
32104.0,0.0,0.018040908500552177
32105.0,0.0,0.016994355246424675
32106.0,0.0,0.01722889207303524
32107.0,0.0,0.018040908500552177
32108.0,0.0,0.02323314920067787
32109.0,0.0,0.026744144037365913
32110.0,0.0,0.015878908336162567
32111.0,0.0,0.04021095857024193
32112.0,0.0,0.023922305554151535
32113.0,0.0,0.017378058284521103
32114.0,0.0,0.024717602878808975
32115.0,0.0,0.06722301989793777
32116.0,0.0,0.03834217041730881
32117.0,0.0,0.025005033239722252
32118.0,0.0,0.025684760883450508
32119.0,1.0,0.34169960021972656
32120.0,0.0,0.02314114384353161
32121.0,0.0,0.0263888631016016
32122.0,0.0,0.024906201288104057
32123.0,0.0,0.027234036475419998
32124.0,0.0,0.022390134632587433
32125.0,0.0,0.016435613855719566
32126.0,0.0,0.05264653265476227
32127.0,0.0,0.02521074190735817
32128.0,0.0,0.010113470256328583
32129.0,0.0,0.025873281061649323
32130.0,1.0,0.488776296377182
32131.0,0.0,0.017997104674577713
32132.0,0.0,0.026405904442071915
32133.0,0.0,0.024231432005763054
32134.0,0.0,0.015878908336162567
32135.0,0.0,0.014175931923091412
32136.0,0.0,0.05817730352282524
32137.0,0.0,0.0013140484225004911
32138.0,1.0,0.025771109387278557
32139.0,0.0,0.05066057667136192
32140.0,0.0,0.06100006029009819
32141.0,1.0,0.992598295211792
32142.0,0.0,0.02663862146437168
32143.0,0.0,0.016293639317154884
32144.0,0.0,0.07039401680231094
32145.0,0.0,0.02236247807741165
32146.0,0.0,0.003705400275066495
32147.0,0.0,0.016661789268255234
32148.0,0.0,0.02440434880554676
32149.0,0.0,0.025771109387278557
32150.0,0.0,0.003202098421752453
32151.0,0.0,0.024590618908405304
32152.0,0.0,0.0015091396635398269
32153.0,0.0,0.016293639317154884
32154.0,0.0,0.017378058284521103
32155.0,0.0,0.02445853315293789
32156.0,0.0,0.024590618908405304
32157.0,0.0,0.02663862146437168
32158.0,0.0,0.02236247807741165
32159.0,0.0,0.02017914690077305
32160.0,0.0,0.02854803204536438
32161.0,1.0,0.34169960021972656
32162.0,0.0,0.0013714581727981567
32163.0,0.0,0.017336970195174217
32164.0,0.0,0.0262258630245924
32165.0,0.0,0.030918296426534653
32166.0,0.0,0.010952994227409363
32167.0,0.0,0.025980269536376
32168.0,0.0,0.023730525746941566
32169.0,0.0,0.035611413419246674
32170.0,0.0,0.4532330334186554
32171.0,0.0,0.016122156754136086
32172.0,0.0,0.015938570722937584
32173.0,0.0,0.024906201288104057
32174.0,0.0,0.02526475116610527
32175.0,0.0,0.0013140484225004911
32176.0,0.0,0.025810956954956055
32177.0,0.0,0.003909769002348185
32178.0,0.0,0.0036289540585130453
32179.0,0.0,0.014743927866220474
32180.0,0.0,0.02360360138118267
32181.0,0.0,0.05708349123597145
32182.0,1.0,0.5049108862876892
32183.0,0.0,0.02691265195608139
32184.0,0.0,0.0016125161200761795
32185.0,0.0,0.06175331398844719
32186.0,0.0,0.0014018514193594456
32187.0,0.0,0.023922305554151535
32188.0,0.0,0.022331207990646362
32189.0,0.0,0.025005033239722252
32190.0,0.0,0.0013536671176552773
32191.0,0.0,0.016435613855719566
32192.0,0.0,0.03901994973421097
32193.0,1.0,0.06474325805902481
32194.0,0.0,0.003753985045477748
32195.0,0.0,0.025005033239722252
32196.0,0.0,0.0015549295349046588
32197.0,0.0,0.015223466791212559
32198.0,0.0,0.027234036475419998
32199.0,0.0,0.025873281061649323
32200.0,0.0,0.02651994675397873
32201.0,0.0,0.040762387216091156
32202.0,0.0,0.018330127000808716
32203.0,0.0,0.02360360138118267
32204.0,0.0,0.38089001178741455
32205.0,0.0,0.43061134219169617
32206.0,0.0,0.01521681435406208
32207.0,1.0,0.3513956665992737
32208.0,0.0,0.02481570467352867
32209.0,0.0,0.025771109387278557
32210.0,0.0,0.024906201288104057
32211.0,0.0,0.026122327893972397
32212.0,0.0,0.05983950197696686
32213.0,0.0,0.0036289540585130453
32214.0,0.0,0.01574668474495411
32215.0,0.0,0.024906201288104057
32216.0,0.0,0.06428132206201553
32217.0,0.0,0.025550583377480507
32218.0,0.0,0.017969094216823578
32219.0,0.0,0.02749258652329445
32220.0,0.0,0.3431324362754822
32221.0,0.0,0.0013750650687143207
32222.0,0.0,0.025873281061649323
32223.0,0.0,0.024970166385173798
32224.0,0.0,0.024871468544006348
32225.0,0.0,0.025873281061649323
32226.0,0.0,0.025771109387278557
32227.0,0.0,0.018040908500552177
32228.0,0.0,0.024970166385173798
32229.0,0.0,0.02663862146437168
32230.0,0.0,0.014555196277797222
32231.0,0.0,0.025550583377480507
32232.0,0.0,0.024590618908405304
32233.0,0.0,0.025771109387278557
32234.0,0.0,0.42840272188186646
32235.0,0.0,0.02440434880554676
32236.0,0.0,0.025283005088567734
32237.0,0.0,0.02536497637629509
32238.0,1.0,0.027001334354281425
32239.0,0.0,0.025771109387278557
32240.0,0.0,0.025873281061649323
32241.0,0.0,0.0013047066750004888
32242.0,0.0,0.0017288743983954191
32243.0,0.0,0.028024164959788322
32244.0,0.0,0.016661789268255234
32245.0,0.0,0.03675099089741707
32246.0,1.0,0.3523220121860504
32247.0,0.0,0.026141773909330368
32248.0,0.0,0.024906201288104057
32249.0,0.0,0.02236247807741165
32250.0,0.0,0.05522727221250534
32251.0,0.0,0.023730525746941566
32252.0,0.0,0.025771109387278557
32253.0,0.0,0.0014752917923033237
32254.0,0.0,0.0014513740316033363
32255.0,0.0,0.02663862146437168
32256.0,0.0,0.015413998626172543
32257.0,0.0,0.02314114384353161
32258.0,0.0,0.023983800783753395
32259.0,1.0,0.05708349123597145
32260.0,0.0,0.030525844544172287
32261.0,0.0,0.02314114384353161
32262.0,0.0,0.015856554731726646
32263.0,0.0,0.02236247807741165
32264.0,0.0,0.027913730591535568
32265.0,1.0,0.06456372141838074
32266.0,0.0,0.0012772607151418924
32267.0,0.0,0.02632135897874832
32268.0,0.0,0.06549248099327087
32269.0,0.0,0.015107985585927963
32270.0,0.0,0.015413998626172543
32271.0,0.0,0.024906201288104057
32272.0,0.0,0.027341853827238083
32273.0,0.0,0.02632135897874832
32274.0,0.0,0.011776643805205822
32275.0,0.0,0.05414264649152756
32276.0,0.0,0.011426706798374653
32277.0,0.0,0.025771109387278557
32278.0,0.0,0.025771109387278557
32279.0,0.0,0.0013694989029318094
32280.0,0.0,0.05746499449014664
32281.0,0.0,0.026744144037365913
32282.0,1.0,0.4392189085483551
32283.0,0.0,0.022425996139645576
32284.0,0.0,0.023474901914596558
32285.0,1.0,0.3879939615726471
32286.0,0.0,0.01575755886733532
32287.0,0.0,0.016097549349069595
32288.0,0.0,0.02314114384353161
32289.0,0.0,0.01521681435406208
32290.0,0.0,0.025545770302414894
32291.0,0.0,0.04043019190430641
32292.0,0.0,0.024556316435337067
32293.0,0.0,0.017336970195174217
32294.0,0.0,0.024231432005763054
32295.0,0.0,0.01704694889485836
32296.0,0.0,0.0013431700645014644
32297.0,0.0,0.026425663381814957
32298.0,0.0,0.027234036475419998
32299.0,0.0,0.03000187687575817
32300.0,0.0,0.025545770302414894
32301.0,0.0,0.06344211101531982
32302.0,0.0,0.02628469653427601
32303.0,0.0,0.024871468544006348
32304.0,0.0,0.04125974327325821
32305.0,0.0,0.016435613855719566
32306.0,0.0,0.02445853315293789
32307.0,0.0,0.06113040819764137
32308.0,0.0,0.030163714662194252
32309.0,0.0,0.024717602878808975
32310.0,0.0,0.003296883078292012
32311.0,0.0,0.017969094216823578
32312.0,0.0,0.025771109387278557
32313.0,0.0,0.06131014972925186
32314.0,1.0,0.05638376995921135
32315.0,1.0,0.4169633090496063
32316.0,0.0,0.022331207990646362
32317.0,0.0,0.014243694953620434
32318.0,0.0,0.015878908336162567
32319.0,0.0,0.02364484779536724
32320.0,0.0,0.02236247807741165
32321.0,0.0,0.01685047335922718
32322.0,0.0,0.01830248348414898
32323.0,0.0,0.02481570467352867
32324.0,0.0,0.06136394292116165
32325.0,0.0,0.026425663381814957
32326.0,1.0,0.4532330334186554
32327.0,0.0,0.05400810018181801
32328.0,0.0,0.024906201288104057
32329.0,0.0,0.02323314920067787
32330.0,0.0,0.018225423991680145
32331.0,0.0,0.026141773909330368
32332.0,0.0,0.02445853315293789
32333.0,0.0,0.05730250105261803
32334.0,0.0,0.013825992122292519
32335.0,0.0,0.02481570467352867
32336.0,0.0,0.03574252501130104
32337.0,0.0,0.038312822580337524
32338.0,0.0,0.014223608188331127
32339.0,0.0,0.024906201288104057
32340.0,0.0,0.06131014972925186
32341.0,0.0,0.05795514956116676
32342.0,0.0,0.05955221503973007
32343.0,0.0,0.024906201288104057
32344.0,0.0,0.037215910851955414
32345.0,0.0,0.016225576400756836
32346.0,0.0,0.04110029339790344
32347.0,0.0,0.014680053107440472
32348.0,0.0,0.01729780063033104
32349.0,0.0,0.04235314950346947
32350.0,0.0,0.017739813774824142
32351.0,0.0,0.025771109387278557
32352.0,0.0,0.055364664644002914
32353.0,0.0,0.030525844544172287
32354.0,0.0,0.024906201288104057
32355.0,0.0,0.025771109387278557
32356.0,0.0,0.02632135897874832
32357.0,0.0,0.023887183517217636
32358.0,0.0,0.02825978770852089
32359.0,0.0,0.02323314920067787
32360.0,0.0,0.027234036475419998
32361.0,0.0,0.010836593806743622
32362.0,0.0,0.06512225419282913
32363.0,0.0,0.025545770302414894
32364.0,0.0,0.03859657794237137
32365.0,0.0,0.018032919615507126
32366.0,1.0,0.9938541650772095
32367.0,0.0,0.015878908336162567
32368.0,0.0,0.02314114384353161
32369.0,0.0,0.014621013775467873
32370.0,0.0,0.05400810018181801
32371.0,1.0,0.4476095139980316
32372.0,0.0,0.02814936637878418
32373.0,0.0,0.02814936637878418
32374.0,0.0,0.0014693202683702111
32375.0,0.0,0.024906201288104057
32376.0,0.0,0.04019296169281006
32377.0,0.0,0.025771109387278557
32378.0,0.0,0.024871468544006348
32379.0,0.0,0.48860985040664673
32380.0,0.0,0.028444690629839897
32381.0,0.0,0.0597548745572567
32382.0,0.0,0.0015455215470865369
32383.0,0.0,0.025771109387278557
32384.0,0.0,0.05628763884305954
32385.0,0.0,0.06100006029009819
32386.0,0.0,0.024717602878808975
32387.0,0.0,0.0013462231727316976
32388.0,0.0,0.024641184136271477
32389.0,0.0,0.4179510176181793
32390.0,0.0,0.016435613855719566
32391.0,0.0,0.014093264937400818
32392.0,0.0,0.022775495424866676
32393.0,0.0,0.03752155229449272
32394.0,0.0,0.023887183517217636
32395.0,0.0,0.05730250105261803
32396.0,0.0,0.024906201288104057
32397.0,0.0,0.015938570722937584
32398.0,0.0,0.06969044357538223
32399.0,0.0,0.024906201288104057
32400.0,0.0,0.0012999485479667783
32401.0,0.0,0.022331207990646362
32402.0,0.0,0.03248637169599533
32403.0,0.0,0.024906201288104057
32404.0,0.0,0.024717602878808975
32405.0,0.0,0.025550583377480507
32406.0,0.0,0.0014401210937649012
32407.0,0.0,0.02236247807741165
32408.0,0.0,0.0013608243316411972
32409.0,0.0,0.02814936637878418
32410.0,0.0,0.0345752015709877
32411.0,0.0,0.0012720894301310182
32412.0,0.0,0.018330127000808716
32413.0,0.0,0.017378058284521103
32414.0,0.0,0.02236247807741165
32415.0,0.0,0.42605772614479065
32416.0,1.0,0.024590618908405304
32417.0,0.0,0.024590618908405304
32418.0,0.0,0.025172991678118706
32419.0,0.0,0.011426706798374653
32420.0,0.0,0.025229530408978462
32421.0,0.0,0.0013193896738812327
32422.0,0.0,0.027234036475419998
32423.0,0.0,0.05795514956116676
32424.0,0.0,0.024871468544006348
32425.0,0.0,0.025771109387278557
32426.0,0.0,0.015878908336162567
32427.0,0.0,0.02314114384353161
32428.0,1.0,0.36442863941192627
32429.0,0.0,0.027341853827238083
32430.0,0.0,0.022938264533877373
32431.0,0.0,0.024906201288104057
32432.0,0.0,0.022331207990646362
32433.0,0.0,0.015574609860777855
32434.0,0.0,0.023721186444163322
32435.0,0.0,0.02632135897874832
32436.0,0.0,0.024555636569857597
32437.0,0.0,0.015856554731726646
32438.0,0.0,0.016122156754136086
32439.0,0.0,0.0013770321384072304
32440.0,0.0,0.024717602878808975
32441.0,0.0,0.022775495424866676
32442.0,0.0,0.010245205834507942
32443.0,0.0,0.015413998626172543
32444.0,0.0,0.0014202744932845235
32445.0,0.0,0.058099646121263504
32446.0,0.0,0.01678997464478016
32447.0,0.0,0.025005033239722252
32448.0,0.0,0.02445853315293789
32449.0,0.0,0.02544485405087471
32450.0,0.0,0.014621013775467873
32451.0,0.0,0.028953054919838905
32452.0,1.0,0.025771109387278557
32453.0,0.0,0.0014412200544029474
32454.0,0.0,0.41323480010032654
32455.0,0.0,0.024906201288104057
32456.0,0.0,0.027128420770168304
32457.0,0.0,0.024501239880919456
32458.0,0.0,0.01575755886733532
32459.0,0.0,0.014870388433337212
32460.0,0.0,0.02207839861512184
32461.0,0.0,0.01678997464478016
32462.0,0.0,0.0016565273981541395
32463.0,0.0,0.023853830993175507
32464.0,0.0,0.026122327893972397
32465.0,0.0,0.062486059963703156
32466.0,0.0,0.01704694889485836
32467.0,0.0,0.02660154178738594
32468.0,0.0,0.028444690629839897
32469.0,0.0,0.05708349123597145
32470.0,0.0,0.003244467545300722
32471.0,0.0,0.025771109387278557
32472.0,0.0,0.024906201288104057
32473.0,0.0,0.05812613666057587
32474.0,0.0,0.02481570467352867
32475.0,0.0,0.44283321499824524
32476.0,0.0,0.0012720894301310182
32477.0,0.0,0.0014693202683702111
32478.0,0.0,0.026744144037365913
32479.0,0.0,0.06431885063648224
32480.0,0.0,0.015878908336162567
32481.0,0.0,0.025873281061649323
32482.0,0.0,0.0031331481877714396
32483.0,0.0,0.01899777166545391
32484.0,0.0,0.01830248348414898
32485.0,0.0,0.41760286688804626
32486.0,0.0,0.02628469653427601
32487.0,0.0,0.03889988735318184
32488.0,0.0,0.022365860641002655
32489.0,0.0,0.02323314920067787
32490.0,0.0,0.05199820175766945
32491.0,0.0,0.024906201288104057
32492.0,0.0,0.024717602878808975
32493.0,0.0,0.02236247807741165
32494.0,0.0,0.06452606618404388
32495.0,1.0,0.022938264533877373
32496.0,0.0,0.0014898506924510002
32497.0,0.0,0.026301685720682144
32498.0,0.0,0.03683403134346008
32499.0,0.0,0.016777299344539642
32500.0,0.0,0.025771109387278557
32501.0,0.0,0.02536497637629509
32502.0,0.0,0.0014202744932845235
32503.0,0.0,0.0013140484225004911
32504.0,0.0,0.022822577506303787
32505.0,0.0,0.013551066629588604
32506.0,0.0,0.024717602878808975
32507.0,0.0,0.02632135897874832
32508.0,0.0,0.022420059889554977
32509.0,0.0,0.02544485405087471
32510.0,0.0,0.022420059889554977
32511.0,0.0,0.014555196277797222
32512.0,0.0,0.015556056052446365
32513.0,0.0,0.058220189064741135
32514.0,0.0,0.02526475116610527
32515.0,0.0,0.026425663381814957
32516.0,0.0,0.025771109387278557
32517.0,0.0,0.023636609315872192
32518.0,0.0,0.01722889207303524
32519.0,0.0,0.025873281061649323
32520.0,0.0,0.025810956954956055
32521.0,0.0,0.01678997464478016
32522.0,0.0,0.030163714662194252
32523.0,0.0,0.015856554731726646
32524.0,0.0,0.0014202744932845235
32525.0,0.0,0.025771109387278557
32526.0,0.0,0.0014260467141866684
32527.0,0.0,0.01618671976029873
32528.0,0.0,0.037862952798604965
32529.0,0.0,0.026301685720682144
32530.0,0.0,0.0013916846364736557
32531.0,0.0,0.016122156754136086
32532.0,1.0,0.4739935100078583
32533.0,0.0,0.03813564404845238
32534.0,0.0,0.05522727221250534
32535.0,0.0,0.024906201288104057
32536.0,0.0,0.029163094237446785
32537.0,0.0,0.04041016474366188
32538.0,0.0,0.024854116141796112
32539.0,0.0,0.0014412200544029474
32540.0,0.0,0.057193923741579056
32541.0,0.0,0.024906201288104057
32542.0,0.0,0.017969094216823578
32543.0,0.0,0.010713044553995132
32544.0,0.0,0.0013213740894570947
32545.0,0.0,0.02663862146437168
32546.0,0.0,0.029535578563809395
32547.0,0.0,0.023636609315872192
32548.0,0.0,0.02544485405087471
32549.0,0.0,0.0597548745572567
32550.0,0.0,0.024871468544006348
32551.0,0.0,0.02663862146437168
32552.0,0.0,0.01722889207303524
32553.0,0.0,0.018040908500552177
32554.0,0.0,0.023474901914596558
32555.0,0.0,0.025771109387278557
32556.0,0.0,0.024556316435337067
32557.0,0.0,0.025771109387278557
32558.0,0.0,0.016225576400756836
32559.0,0.0,0.02632135897874832
32560.0,0.0,0.02236247807741165
32561.0,0.0,0.05826232582330704
32562.0,0.0,0.4476095139980316
32563.0,0.0,0.023887183517217636
32564.0,0.0,0.02653190866112709
32565.0,0.0,0.025005033239722252
32566.0,0.0,0.037497278302907944
32567.0,0.0,0.016994355246424675
32568.0,0.0,0.0012464794563129544
32569.0,0.0,0.02481570467352867
32570.0,1.0,0.9795085191726685
32571.0,0.0,0.026301685720682144
32572.0,0.0,0.01729780063033104
32573.0,0.0,0.01826796494424343
32574.0,0.0,0.01899777166545391
32575.0,0.0,0.016661789268255234
32576.0,0.0,0.024590618908405304
32577.0,1.0,0.025005033239722252
32578.0,0.0,0.0015030310023576021
32579.0,0.0,0.04081396758556366
32580.0,0.0,0.01692560501396656
32581.0,0.0,0.05522727221250534
32582.0,0.0,0.04806945472955704
32583.0,0.0,0.017969094216823578
32584.0,0.0,0.010333484970033169
32585.0,0.0,0.016435613855719566
32586.0,0.0,0.025005033239722252
32587.0,0.0,0.039917442947626114
32588.0,0.0,0.036167774349451065
32589.0,0.0,0.02824964001774788
32590.0,0.0,0.02814936637878418
32591.0,0.0,0.4047689437866211
32592.0,0.0,0.028003249317407608
32593.0,0.0,0.027021421119570732
32594.0,0.0,0.017378058284521103
32595.0,0.0,0.01575755886733532
32596.0,0.0,0.026744144037365913
32597.0,1.0,0.4037907123565674
32598.0,0.0,0.014700775034725666
32599.0,0.0,0.025873281061649323
32600.0,0.0,0.017969094216823578
32601.0,0.0,0.01575755886733532
32602.0,0.0,0.0012720894301310182
32603.0,0.0,0.022847406566143036
32604.0,0.0,0.055439580231904984
32605.0,0.0,0.025005033239722252
32606.0,0.0,0.02314114384353161
32607.0,0.0,0.17081980407238007
32608.0,1.0,0.06319379061460495
32609.0,0.0,0.02814936637878418
32610.0,0.0,0.015574609860777855
32611.0,0.0,0.01766781136393547
32612.0,0.0,0.036940768361091614
32613.0,0.0,0.023420259356498718
32614.0,0.0,0.023888908326625824
32615.0,0.0,0.0014078195672482252
32616.0,0.0,0.05795514956116676
32617.0,0.0,0.014621013775467873
32618.0,1.0,0.42605772614479065
32619.0,0.0,0.027341853827238083
32620.0,0.0,0.025383293628692627
32621.0,1.0,0.03928789868950844
32622.0,0.0,0.02507074922323227
32623.0,0.0,0.0014018514193594456
32624.0,0.0,0.025771109387278557
32625.0,0.0,0.025771109387278557
32626.0,0.0,0.02314114384353161
32627.0,0.0,0.04046642780303955
32628.0,0.0,0.02133302018046379
32629.0,0.0,0.01574668474495411
32630.0,0.0,0.06344211101531982
32631.0,0.0,0.026301685720682144
32632.0,0.0,0.03630084544420242
32633.0,0.0,0.025771109387278557
32634.0,0.0,0.31959325075149536
32635.0,0.0,0.04081787168979645
32636.0,0.0,0.015780072659254074
32637.0,0.0,0.015878908336162567
32638.0,0.0,0.028187638148665428
32639.0,0.0,0.015413998626172543
32640.0,0.0,0.06639550626277924
32641.0,0.0,0.016293639317154884
32642.0,0.0,0.017969094216823578
32643.0,0.0,0.01722889207303524
32644.0,0.0,0.039624374359846115
32645.0,0.0,0.025245940312743187
32646.0,0.0,0.024906201288104057
32647.0,0.0,0.023922305554151535
32648.0,0.0,0.03876886144280434
32649.0,0.0,0.023887183517217636
32650.0,0.0,0.024590618908405304
32651.0,0.0,0.0375516377389431
32652.0,0.0,0.017739813774824142
32653.0,0.0,0.003060255665332079
32654.0,0.0,0.018040908500552177
32655.0,0.0,0.036484528332948685
32656.0,0.0,0.024590618908405304
32657.0,0.0,0.01404144149273634
32658.0,0.0,0.026122327893972397
32659.0,0.0,0.029769327491521835
32660.0,0.0,0.024906201288104057
32661.0,0.0,0.017969094216823578
32662.0,0.0,0.023922305554151535
32663.0,0.0,0.05607227236032486
32664.0,1.0,0.43061134219169617
32665.0,0.0,0.042148660868406296
32666.0,0.0,0.02814936637878418
32667.0,0.0,0.058941278606653214
32668.0,0.0,0.016435613855719566
32669.0,0.0,0.05264653265476227
32670.0,0.0,0.015413998626172543
32671.0,0.0,0.025771109387278557
32672.0,0.0,0.038085129112005234
32673.0,0.0,0.025005033239722252
32674.0,0.0,0.0013714581727981567
32675.0,1.0,0.4490063190460205
32676.0,0.0,0.02358420193195343
32677.0,0.0,0.02371274307370186
32678.0,0.0,0.02628469653427601
32679.0,0.0,0.0012772607151418924
32680.0,0.0,0.024717602878808975
32681.0,0.0,0.027234036475419998
32682.0,1.0,0.04354483634233475
32683.0,0.0,0.4287012219429016
32684.0,0.0,0.00336131127551198
32685.0,0.0,0.024871468544006348
32686.0,0.0,0.048402342945337296
32687.0,0.0,0.016109652817249298
32688.0,0.0,0.025771109387278557
32689.0,0.0,0.026572909206151962
32690.0,0.0,0.02314114384353161
32691.0,0.0,0.024906201288104057
32692.0,0.0,0.010713044553995132
32693.0,0.0,0.0034053996205329895
32694.0,0.0,0.025771109387278557
32695.0,0.0,0.05817730352282524
32696.0,0.0,0.016225576400756836
32697.0,0.0,0.06113040819764137
32698.0,0.0,0.02314114384353161
32699.0,0.0,0.461662620306015
32700.0,0.0,0.014743927866220474
32701.0,0.0,0.0242068562656641
32702.0,0.0,0.04120316356420517
32703.0,0.0,0.05708349123597145
32704.0,0.0,0.025005033239722252
32705.0,1.0,0.6288897395133972
32706.0,0.0,0.011022149585187435
32707.0,0.0,0.06044430285692215
32708.0,0.0,0.023433061316609383
32709.0,0.0,0.025005033239722252
32710.0,0.0,0.025873281061649323
32711.0,1.0,0.47986260056495667
32712.0,1.0,0.42014530301094055
32713.0,0.0,0.07213820517063141
32714.0,0.0,0.025771109387278557
32715.0,0.0,0.025771109387278557
32716.0,0.0,0.03511656075716019
32717.0,0.0,0.023474901914596558
32718.0,0.0,0.027234036475419998
32719.0,0.0,0.0015373285859823227
32720.0,0.0,0.029278311878442764
32721.0,0.0,0.04081787168979645
32722.0,0.0,0.02663862146437168
32723.0,0.0,0.02814936637878418
32724.0,0.0,0.02544485405087471
32725.0,0.0,0.02902810275554657
32726.0,0.0,0.04596468061208725
32727.0,0.0,0.05730250105261803
32728.0,0.0,0.027341853827238083
32729.0,0.0,0.02360360138118267
32730.0,0.0,0.05616211146116257
32731.0,0.0,0.06512225419282913
32732.0,0.0,0.025771109387278557
32733.0,0.0,0.010713044553995132
32734.0,0.0,0.02632135897874832
32735.0,0.0,0.42840272188186646
32736.0,1.0,0.9764194488525391
32737.0,0.0,0.017969094216823578
32738.0,0.0,0.05730250105261803
32739.0,0.0,0.0013714581727981567
32740.0,1.0,0.06175331398844719
32741.0,0.0,0.027046462520956993
32742.0,1.0,0.4532330334186554
32743.0,1.0,0.9940728545188904
32744.0,0.0,0.029535578563809395
32745.0,0.0,0.02624538727104664
32746.0,1.0,0.04046642780303955
32747.0,0.0,0.025771109387278557
32748.0,0.0,0.03627697005867958
32749.0,0.0,0.06456372141838074
32750.0,0.0,0.0159847903996706
32751.0,0.0,0.024717602878808975
32752.0,0.0,0.017969094216823578
32753.0,0.0,0.031328391283750534
32754.0,0.0,0.023922305554151535
32755.0,0.0,0.01692560501396656
32756.0,0.0,0.01607489213347435
32757.0,0.0,0.024906201288104057
32758.0,0.0,0.018086470663547516
32759.0,0.0,0.02555767446756363
32760.0,0.0,0.01899777166545391
32761.0,0.0,0.06175331398844719
32762.0,0.0,0.0013608243316411972
32763.0,0.0,0.02663862146437168
32764.0,0.0,0.01678997464478016
32765.0,0.0,0.02663862146437168
32766.0,0.0,0.02628469653427601
32767.0,0.0,0.04081787168979645
32768.0,0.0,0.0013608243316411972
32769.0,0.0,0.025005033239722252
32770.0,0.0,0.023433061316609383
32771.0,0.0,0.028376350179314613
32772.0,0.0,0.0375923290848732
32773.0,0.0,0.024871468544006348
32774.0,0.0,0.027234036475419998
32775.0,0.0,0.013166645541787148
32776.0,0.0,0.02475586347281933
32777.0,0.0,0.028376350179314613
32778.0,0.0,0.010970188304781914
32779.0,0.0,0.01521681435406208
32780.0,0.0,0.026122327893972397
32781.0,0.0,0.06465663015842438
32782.0,0.0,0.06498962640762329
32783.0,0.0,0.02314114384353161
32784.0,0.0,0.015413998626172543
32785.0,0.0,0.02481570467352867
32786.0,0.0,0.02608109824359417
32787.0,0.0,0.029283806681632996
32788.0,0.0,0.47073468565940857
32789.0,0.0,0.0012720894301310182
32790.0,0.0,0.01757531799376011
32791.0,0.0,0.0012960999738425016
32792.0,0.0,0.015878908336162567
32793.0,0.0,0.025172991678118706
32794.0,0.0,0.02632135897874832
32795.0,0.0,0.02360360138118267
32796.0,0.0,0.0013865068322047591
32797.0,0.0,0.02398207224905491
32798.0,0.0,0.02641528844833374
32799.0,0.0,0.023922305554151535
32800.0,0.0,0.04075709730386734
32801.0,0.0,0.016435613855719566
32802.0,0.0,0.027234036475419998
32803.0,0.0,0.030163714662194252
32804.0,0.0,0.018040908500552177
32805.0,0.0,0.06689666211605072
32806.0,0.0,0.02314114384353161
32807.0,0.0,0.023887183517217636
32808.0,0.0,0.014777462929487228
32809.0,0.0,0.059674497693777084
32810.0,0.0,0.02236247807741165
32811.0,0.0,0.016225576400756836
32812.0,0.0,0.023887183517217636
32813.0,0.0,0.02513364516198635
32814.0,0.0,0.003551457542926073
32815.0,0.0,0.016435613855719566
32816.0,0.0,0.03634200617671013
32817.0,0.0,0.014891373924911022
32818.0,0.0,0.013356479816138744
32819.0,0.0,0.02814936637878418
32820.0,0.0,0.023636609315872192
32821.0,0.0,0.022331207990646362
32822.0,0.0,0.001449301722459495
32823.0,1.0,0.4384027123451233
32824.0,0.0,0.015726160258054733
32825.0,0.0,0.02298109605908394
32826.0,0.0,0.016674311831593513
32827.0,0.0,0.02826070226728916
32828.0,0.0,0.02710825391113758
32829.0,0.0,0.025771109387278557
32830.0,0.0,0.025005033239722252
32831.0,0.0,0.01158476434648037
32832.0,0.0,0.025771109387278557
32833.0,0.0,0.024871468544006348
32834.0,0.0,0.01685047335922718
32835.0,0.0,0.06431885063648224
32836.0,1.0,0.01635638438165188
32837.0,0.0,0.017968246713280678
32838.0,0.0,0.023636609315872192
32839.0,0.0,0.016435613855719566
32840.0,0.0,0.025771109387278557
32841.0,0.0,0.02399485558271408
32842.0,0.0,0.017969094216823578
32843.0,0.0,0.014743927866220474
32844.0,0.0,0.0018368932651355863
32845.0,0.0,0.024970166385173798
32846.0,0.0,0.01692560501396656
32847.0,0.0,0.02236247807741165
32848.0,0.0,0.024970166385173798
32849.0,0.0,0.01618671976029873
32850.0,0.0,0.05708349123597145
32851.0,0.0,0.025245940312743187
32852.0,0.0,0.02445853315293789
32853.0,0.0,0.055597104132175446
32854.0,0.0,0.02663862146437168
32855.0,1.0,0.46952298283576965
32856.0,0.0,0.05795514956116676
32857.0,0.0,0.0013160249218344688
32858.0,0.0,0.015246058814227581
32859.0,0.0,0.024906201288104057
32860.0,0.0,0.029535578563809395
32861.0,0.0,0.025233358144760132
32862.0,0.0,0.02598465420305729
32863.0,0.0,0.025771109387278557
32864.0,0.0,0.024970166385173798
32865.0,0.0,0.001297096605412662
32866.0,0.0,0.013825992122292519
32867.0,0.0,0.02777940407395363
32868.0,0.0,0.02309388853609562
32869.0,0.0,0.4360010325908661
32870.0,1.0,0.4287012219429016
32871.0,0.0,0.4122503101825714
32872.0,0.0,0.023677917197346687
32873.0,0.0,0.027341853827238083
32874.0,0.0,0.02663862146437168
32875.0,0.0,0.025373326614499092
32876.0,0.0,0.035611413419246674
32877.0,0.0,0.05522727221250534
32878.0,0.0,0.03769870847463608
32879.0,0.0,0.0014078195672482252
32880.0,0.0,0.06139259412884712
32881.0,0.0,0.015223466791212559
32882.0,0.0,0.06689666211605072
32883.0,0.0,0.025771109387278557
32884.0,0.0,0.024906201288104057
32885.0,0.0,0.015246058814227581
32886.0,0.0,0.04041016474366188
32887.0,0.0,0.024906201288104057
32888.0,0.0,0.015445958822965622
32889.0,0.0,0.3513956665992737
32890.0,0.0,0.03563554584980011
32891.0,0.0,0.024555636569857597
32892.0,0.0,0.015223466791212559
32893.0,0.0,0.0032541954424232244
32894.0,0.0,0.024590618908405304
32895.0,0.0,0.027341853827238083
32896.0,0.0,0.023721186444163322
32897.0,0.0,0.05958195775747299
32898.0,0.0,0.017969094216823578
32899.0,0.0,0.030099445953965187
32900.0,0.0,0.050298530608415604
32901.0,0.0,0.024871468544006348
32902.0,0.0,0.02445853315293789
32903.0,0.0,0.35474446415901184
32904.0,0.0,0.01722889207303524
32905.0,0.0,0.0263888631016016
32906.0,0.0,0.03761137276887894
32907.0,0.0,0.018040908500552177
32908.0,0.0,0.017008891329169273
32909.0,0.0,0.0013886369997635484
32910.0,1.0,0.02532961592078209
32911.0,0.0,0.017968246713280678
32912.0,0.0,0.014958435669541359
32913.0,0.0,0.0242068562656641
32914.0,0.0,0.06512225419282913
32915.0,0.0,0.010245205834507942
32916.0,0.0,0.026481470093131065
32917.0,0.0,0.027341853827238083
32918.0,0.0,0.015223466791212559
32919.0,0.0,0.022847406566143036
32920.0,0.0,0.030282769352197647
32921.0,0.0,0.017969094216823578
32922.0,0.0,0.4616709053516388
32923.0,0.0,0.016435613855719566
32924.0,1.0,0.9795085191726685
32925.0,0.0,0.015119008719921112
32926.0,0.0,0.024302981793880463
32927.0,0.0,0.061311814934015274
32928.0,0.0,0.01899777166545391
32929.0,0.0,0.0013121713418513536
32930.0,0.0,0.0016645281575620174
32931.0,0.0,0.01575755886733532
32932.0,1.0,0.49090445041656494
32933.0,0.0,0.01629883050918579
32934.0,0.0,0.025771109387278557
32935.0,0.0,0.018225423991680145
32936.0,0.0,0.015916068106889725
32937.0,0.0,0.023853830993175507
32938.0,0.0,0.015202022157609463
32939.0,0.0,0.02314114384353161
32940.0,0.0,0.015724515542387962
32941.0,0.0,0.03740875422954559
32942.0,0.0,0.01165784988552332
32943.0,0.0,0.06865513324737549
32944.0,0.0,0.0031937125604599714
32945.0,0.0,0.02323314920067787
32946.0,0.0,0.02314114384353161
32947.0,0.0,0.028508367016911507
32948.0,0.0,0.016327014192938805
32949.0,0.0,0.01086955051869154
32950.0,0.0,0.027234036475419998
32951.0,0.0,0.015028689987957478
32952.0,0.0,0.001298092189244926
32953.0,0.0,0.014223608188331127
32954.0,0.0,0.0357380211353302
32955.0,0.0,0.025771109387278557
32956.0,0.0,0.027234036475419998
32957.0,0.0,0.023887183517217636
32958.0,0.0,0.025771109387278557
32959.0,0.0,0.04081787168979645
32960.0,0.0,0.0373862199485302
32961.0,0.0,0.017378058284521103
32962.0,0.0,0.014276108704507351
32963.0,0.0,0.01678997464478016
32964.0,0.0,0.010952994227409363
32965.0,0.0,0.026141773909330368
32966.0,0.0,0.061627063900232315
32967.0,0.0,0.02663862146437168
32968.0,0.0,0.025873281061649323
32969.0,0.0,0.015878908336162567
32970.0,0.0,0.014605714939534664
32971.0,0.0,0.015903720632195473
32972.0,0.0,0.05993393808603287
32973.0,0.0,0.025873281061649323
32974.0,0.0,0.025771109387278557
32975.0,0.0,0.022331207990646362
32976.0,0.0,0.026425663381814957
32977.0,0.0,0.012085461057722569
32978.0,0.0,0.015556056052446365
32979.0,0.0,0.027234036475419998
32980.0,0.0,0.016710296273231506
32981.0,0.0,0.02632135897874832
32982.0,0.0,0.018040908500552177
32983.0,0.0,0.025550583377480507
32984.0,0.0,0.027341853827238083
32985.0,0.0,0.024906201288104057
32986.0,0.0,0.016435613855719566
32987.0,0.0,0.023636609315872192
32988.0,0.0,0.028660891577601433
32989.0,0.0,0.0015571024268865585
32990.0,0.0,0.025245940312743187
32991.0,0.0,0.02632135897874832
32992.0,0.0,0.016674311831593513
32993.0,0.0,0.02236247807741165
32994.0,0.0,0.0015030310023576021
32995.0,0.0,0.016298197209835052
32996.0,0.0,0.00146260648034513
32997.0,0.0,0.029535578563809395
32998.0,0.0,0.06175331398844719
32999.0,0.0,0.022847406566143036
33000.0,0.0,0.040349941700696945
33001.0,0.0,0.05522727221250534
33002.0,0.0,0.01729780063033104
33003.0,0.0,0.0035300124436616898
33004.0,0.0,0.024906201288104057
33005.0,0.0,0.014621013775467873
33006.0,0.0,0.025550583377480507
33007.0,0.0,0.02440434880554676
33008.0,0.0,0.0013714581727981567
33009.0,0.0,0.027234036475419998
33010.0,0.0,0.023922305554151535
33011.0,0.0,0.022331207990646362
33012.0,0.0,0.025073513388633728
33013.0,0.0,0.037344515323638916
33014.0,0.0,0.05522727221250534
33015.0,0.0,0.02544485405087471
33016.0,0.0,0.02481570467352867
33017.0,0.0,0.027234036475419998
33018.0,0.0,0.025771109387278557
33019.0,0.0,0.015856554731726646
33020.0,0.0,0.0014401210937649012
33021.0,0.0,0.024906201288104057
33022.0,0.0,0.059325143694877625
33023.0,0.0,0.02624538727104664
33024.0,0.0,0.01585134118795395
33025.0,0.0,0.06397228688001633
33026.0,0.0,0.02596247009932995
33027.0,0.0,0.022451452910900116
33028.0,0.0,0.02632135897874832
33029.0,0.0,0.024871468544006348
33030.0,0.0,0.02663862146437168
33031.0,0.0,0.023922305554151535
33032.0,0.0,0.03480932489037514
33033.0,0.0,0.06839460879564285
33034.0,0.0,0.024871468544006348
33035.0,0.0,0.015224582515656948
33036.0,0.0,0.0035631826613098383
33037.0,1.0,0.8444064259529114
33038.0,0.0,0.026122327893972397
33039.0,0.0,0.03859657794237137
33040.0,0.0,0.025245940312743187
33041.0,0.0,0.01899777166545391
33042.0,0.0,0.026425663381814957
33043.0,0.0,0.062166977673769
33044.0,0.0,0.054758843034505844
33045.0,0.0,0.06175331398844719
33046.0,0.0,0.023780781775712967
33047.0,0.0,0.016122156754136086
33048.0,0.0,0.023730525746941566
33049.0,0.0,0.04081787168979645
33050.0,0.0,0.016777299344539642
33051.0,0.0,0.02663862146437168
33052.0,0.0,0.024717602878808975
33053.0,0.0,0.023579120635986328
33054.0,0.0,0.02465379238128662
33055.0,1.0,0.016435613855719566
33056.0,0.0,0.023887183517217636
33057.0,1.0,0.977886438369751
33058.0,0.0,0.05447521060705185
33059.0,0.0,0.025771109387278557
33060.0,0.0,0.024854116141796112
33061.0,0.0,0.017378058284521103
33062.0,0.0,0.016293639317154884
33063.0,0.0,0.024906201288104057
33064.0,0.0,0.02608109824359417
33065.0,0.0,0.02314114384353161
33066.0,0.0,0.01521681435406208
33067.0,0.0,0.031921353191137314
33068.0,0.0,0.025771109387278557
33069.0,0.0,0.024906201288104057
33070.0,0.0,0.02314114384353161
33071.0,0.0,0.024906201288104057
33072.0,0.0,0.015675872564315796
33073.0,0.0,0.06431885063648224
33074.0,0.0,0.02632135897874832
33075.0,0.0,0.014124889858067036
33076.0,0.0,0.025873281061649323
33077.0,0.0,0.02544485405087471
33078.0,0.0,0.023616880178451538
33079.0,0.0,0.015050983056426048
33080.0,0.0,0.024717602878808975
33081.0,0.0,0.016170164570212364
33082.0,0.0,0.017969094216823578
33083.0,0.0,0.024717602878808975
33084.0,0.0,0.026301685720682144
33085.0,0.0,0.01724802330136299
33086.0,0.0,0.023721186444163322
33087.0,0.0,0.02445853315293789
33088.0,0.0,0.024717602878808975
33089.0,0.0,0.029283806681632996
33090.0,0.0,0.0014202744932845235
33091.0,1.0,0.4532330334186554
33092.0,0.0,0.02854803204536438
33093.0,0.0,0.05708349123597145
33094.0,0.0,0.026405904442071915
33095.0,0.0,0.04081787168979645
33096.0,0.0,0.023636609315872192
33097.0,0.0,0.02445853315293789
33098.0,0.0,0.011013035662472248
33099.0,0.0,0.011716638691723347
33100.0,0.0,0.02351333759725094
33101.0,0.0,0.025771109387278557
33102.0,0.0,0.024717602878808975
33103.0,1.0,0.4532330334186554
33104.0,0.0,0.02398207224905491
33105.0,0.0,0.025383293628692627
33106.0,0.0,0.05915085971355438
33107.0,0.0,0.025771109387278557
33108.0,0.0,0.02814936637878418
33109.0,0.0,0.023474901914596558
33110.0,0.0,0.05826232582330704
33111.0,0.0,0.0014566865283995867
33112.0,0.0,0.030076995491981506
33113.0,0.0,0.02544485405087471
33114.0,0.0,0.017378058284521103
33115.0,0.0,0.003394956700503826
33116.0,0.0,0.04493342712521553
33117.0,0.0,0.0012720894301310182
33118.0,0.0,0.015413998626172543
33119.0,0.0,0.02236247807741165
33120.0,0.0,0.02526475116610527
33121.0,0.0,0.014027321711182594
33122.0,1.0,0.8307777643203735
33123.0,0.0,0.015878908336162567
33124.0,0.0,0.017378058284521103
33125.0,0.0,0.02440434880554676
33126.0,1.0,0.6008943915367126
33127.0,0.0,0.0014202744932845235
33128.0,0.0,0.016122156754136086
33129.0,0.0,0.0013608243316411972
33130.0,0.0,0.022779585793614388
33131.0,0.0,0.017968246713280678
33132.0,0.0,0.027234036475419998
33133.0,0.0,0.003405652241781354
33134.0,0.0,0.022451452910900116
33135.0,0.0,0.03740875422954559
33136.0,0.0,0.01575755886733532
33137.0,0.0,0.013825992122292519
33138.0,0.0,0.027234036475419998
33139.0,0.0,0.01704694889485836
33140.0,0.0,0.0013608243316411972
33141.0,1.0,0.025771109387278557
33142.0,0.0,0.025172991678118706
33143.0,0.0,0.02536497637629509
33144.0,0.0,0.0013714581727981567
33145.0,0.0,0.02207839861512184
33146.0,0.0,0.02323314920067787
33147.0,0.0,0.0014401210937649012
33148.0,0.0,0.017969094216823578
33149.0,0.0,0.023636609315872192
33150.0,0.0,0.01899777166545391
33151.0,1.0,0.43704754114151
33152.0,0.0,0.0597548745572567
33153.0,0.0,0.025771109387278557
33154.0,0.0,0.4197966754436493
33155.0,0.0,0.0036289540585130453
33156.0,0.0,0.015107985585927963
33157.0,1.0,0.027234036475419998
33158.0,0.0,0.02663862146437168
33159.0,0.0,0.025873281061649323
33160.0,0.0,0.02398207224905491
33161.0,0.0,0.024970166385173798
33162.0,0.0,0.02641528844833374
33163.0,0.0,0.023474901914596558
33164.0,0.0,0.014743927866220474
33165.0,0.0,0.026146462187170982
33166.0,0.0,0.003202454885467887
33167.0,1.0,0.022331207990646362
33168.0,0.0,0.026425663381814957
33169.0,0.0,0.03702034801244736
33170.0,0.0,0.24774743616580963
33171.0,0.0,0.05525912344455719
33172.0,0.0,0.014297300949692726
33173.0,0.0,0.02608109824359417
33174.0,0.0,0.017810726538300514
33175.0,1.0,0.47445109486579895
33176.0,1.0,0.4205121099948883
33177.0,0.0,0.015413998626172543
33178.0,0.0,0.06428132206201553
33179.0,0.0,0.02663862146437168
33180.0,0.0,0.025073513388633728
33181.0,0.0,0.015724515542387962
33182.0,1.0,0.050926804542541504
33183.0,0.0,0.04081787168979645
33184.0,0.0,0.017810726538300514
33185.0,0.0,0.025283005088567734
33186.0,0.0,0.05264653265476227
33187.0,0.0,0.02655457705259323
33188.0,0.0,0.023853830993175507
33189.0,0.0,0.017336970195174217
33190.0,0.0,0.035611413419246674
33191.0,1.0,0.4545174837112427
33192.0,0.0,0.017969094216823578
33193.0,0.0,0.05522727221250534
33194.0,0.0,0.036682356148958206
33195.0,0.0,0.0182296484708786
33196.0,0.0,0.016435613855719566
33197.0,0.0,0.025771109387278557
33198.0,0.0,0.014073389582335949
33199.0,0.0,0.026301685720682144
33200.0,0.0,0.43026041984558105
33201.0,0.0,0.014243694953620434
33202.0,0.0,0.04125974327325821
33203.0,0.0,0.016122156754136086
33204.0,0.0,0.014743927866220474
33205.0,0.0,0.05515262857079506
33206.0,1.0,0.4122503101825714
33207.0,0.0,0.02826070226728916
33208.0,0.0,0.05795514956116676
33209.0,0.0,0.02336050570011139
33210.0,0.0,0.023616880178451538
33211.0,0.0,0.027341853827238083
33212.0,0.0,0.015223466791212559
33213.0,0.0,0.024906201288104057
33214.0,0.0,0.058941278606653214
33215.0,0.0,0.0014202744932845235
33216.0,0.0,0.02632135897874832
33217.0,0.0,0.017739813774824142
33218.0,0.0,0.01899777166545391
33219.0,0.0,0.01629883050918579
33220.0,1.0,0.35549959540367126
33221.0,0.0,0.0016048408579081297
33222.0,0.0,0.024231432005763054
33223.0,0.0,0.024555636569857597
33224.0,0.0,0.026178205385804176
33225.0,0.0,0.025245940312743187
33226.0,0.0,0.030304472893476486
33227.0,0.0,0.01574668474495411
33228.0,0.0,0.02544485405087471
33229.0,0.0,0.02663862146437168
33230.0,0.0,0.02453019469976425
33231.0,0.0,0.024590618908405304
33232.0,0.0,0.017478905618190765
33233.0,0.0,0.03513512387871742
33234.0,1.0,0.43061134219169617
33235.0,0.0,0.0012999485479667783
33236.0,0.0,0.05730250105261803
33237.0,0.0,0.01704694889485836
33238.0,0.0,0.03683403134346008
33239.0,0.0,0.025873281061649323
33240.0,0.0,0.023721186444163322
33241.0,0.0,0.016753703355789185
33242.0,0.0,0.025583310052752495
33243.0,0.0,0.01899777166545391
33244.0,0.0,0.010333484970033169
33245.0,0.0,0.017378058284521103
33246.0,0.0,0.05023019388318062
33247.0,0.0,0.024717602878808975
33248.0,0.0,0.025651903823018074
33249.0,0.0,0.03343838080763817
33250.0,0.0,0.003581981873139739
33251.0,0.0,0.017378058284521103
33252.0,0.0,0.023636609315872192
33253.0,0.0,0.024906201288104057
33254.0,0.0,0.027234036475419998
33255.0,0.0,0.024590618908405304
33256.0,0.0,0.01678997464478016
33257.0,0.0,0.01899777166545391
33258.0,0.0,0.0014572733780369163
33259.0,1.0,0.4392189085483551
33260.0,0.0,0.024871468544006348
33261.0,0.0,0.02440434880554676
33262.0,0.0,0.016122156754136086
33263.0,0.0,0.024555636569857597
33264.0,0.0,0.02445853315293789
33265.0,0.0,0.0013080606004223228
33266.0,0.0,0.02389991655945778
33267.0,0.0,0.4287012219429016
33268.0,0.0,0.039073653519153595
33269.0,0.0,0.015803491696715355
33270.0,0.0,0.0219366904348135
33271.0,0.0,0.02663862146437168
33272.0,0.0,0.0012106910580769181
33273.0,0.0,0.04321913793683052
33274.0,0.0,0.03638214245438576
33275.0,0.0,0.02663862146437168
33276.0,0.0,0.01722889207303524
33277.0,0.0,0.02360360138118267
33278.0,0.0,0.06006842106580734
33279.0,0.0,0.3513956665992737
33280.0,0.0,0.025005033239722252
33281.0,1.0,0.4520539343357086
33282.0,0.0,0.05834890156984329
33283.0,0.0,0.014777462929487228
33284.0,1.0,0.030025148764252663
33285.0,0.0,0.024871468544006348
33286.0,0.0,0.026122327893972397
33287.0,0.0,0.0013663552235811949
33288.0,0.0,0.01562632992863655
33289.0,0.0,0.015574609860777855
33290.0,0.0,0.015556056052446365
33291.0,0.0,0.03774204105138779
33292.0,0.0,0.035611413419246674
33293.0,1.0,0.029535578563809395
33294.0,0.0,0.04114246368408203
33295.0,0.0,0.027234036475419998
33296.0,0.0,0.025771109387278557
33297.0,0.0,0.019894592463970184
33298.0,0.0,0.01899777166545391
33299.0,0.0,0.015878908336162567
33300.0,0.0,0.0015839730622246861
33301.0,0.0,0.023853830993175507
33302.0,0.0,0.02628469653427601
33303.0,0.0,0.001871652901172638
33304.0,0.0,0.014093264937400818
33305.0,0.0,0.015103204175829887
33306.0,1.0,0.3523220121860504
33307.0,0.0,0.02663862146437168
33308.0,0.0,0.023887183517217636
33309.0,0.0,0.01899777166545391
33310.0,0.0,0.024906201288104057
33311.0,0.0,0.3653699457645416
33312.0,0.0,0.025873281061649323
33313.0,0.0,0.015413998626172543
33314.0,0.0,0.016122156754136086
33315.0,0.0,0.027234036475419998
33316.0,0.0,0.04266770929098129
33317.0,0.0,0.016109652817249298
33318.0,0.0,0.018215972930192947
33319.0,0.0,0.06610185652971268
33320.0,0.0,0.02236247807741165
33321.0,0.0,0.04182461276650429
33322.0,0.0,0.026744144037365913
33323.0,0.0,0.024906201288104057
33324.0,0.0,0.025771109387278557
33325.0,1.0,0.8221122622489929
33326.0,0.0,0.027234036475419998
33327.0,1.0,0.996327817440033
33328.0,0.0,0.023636609315872192
33329.0,0.0,0.02358420193195343
33330.0,0.0,0.02608109824359417
33331.0,0.0,0.0597548745572567
33332.0,0.0,0.002962704747915268
33333.0,0.0,0.05637425184249878
33334.0,0.0,0.022847406566143036
33335.0,0.0,0.0014202744932845235
33336.0,0.0,0.4436468780040741
33337.0,0.0,0.06344211101531982
33338.0,0.0,0.017969094216823578
33339.0,1.0,0.433670312166214
33340.0,0.0,0.0013591691385954618
33341.0,0.0,0.0015030310023576021
33342.0,0.0,0.02207839861512184
33343.0,0.0,0.0013906233943998814
33344.0,0.0,0.024717602878808975
33345.0,0.0,0.01445102971047163
33346.0,0.0,0.022420059889554977
33347.0,0.0,0.023887183517217636
33348.0,0.0,0.015028689987957478
33349.0,0.0,0.02544485405087471
33350.0,0.0,0.0013714581727981567
33351.0,0.0,0.025771109387278557
33352.0,0.0,0.026744144037365913
33353.0,0.0,0.01867956854403019
33354.0,0.0,0.09791187196969986
33355.0,0.0,0.01899777166545391
33356.0,0.0,0.025005033239722252
33357.0,0.0,0.022331207990646362
33358.0,0.0,0.010442474856972694
33359.0,0.0,0.024871468544006348
33360.0,0.0,0.02358420193195343
33361.0,0.0,0.023887183517217636
33362.0,0.0,0.013185258023440838
33363.0,0.0,0.01678997464478016
33364.0,0.0,0.02323314920067787
33365.0,0.0,0.4445684850215912
33366.0,0.0,0.022331207990646362
33367.0,0.0,0.01704694889485836
33368.0,0.0,0.0008202852914109826
33369.0,0.0,0.024123454466462135
33370.0,0.0,0.024555636569857597
33371.0,0.0,0.7952932119369507
33372.0,0.0,0.02314114384353161
33373.0,0.0,0.0016565273981541395
33374.0,0.0,0.4287012219429016
33375.0,0.0,0.02632135897874832
33376.0,0.0,0.025545770302414894
33377.0,0.0,0.056600261479616165
33378.0,0.0,0.016435613855719566
33379.0,0.0,0.0012772607151418924
33380.0,0.0,0.01899777166545391
33381.0,0.0,0.027341853827238083
33382.0,0.0,0.02236247807741165
33383.0,0.0,0.056853342801332474
33384.0,0.0,0.025545770302414894
33385.0,0.0,0.34169960021972656
33386.0,1.0,0.42605772614479065
33387.0,1.0,0.43026041984558105
33388.0,0.0,0.027234036475419998
33389.0,0.0,0.02481570467352867
33390.0,0.0,0.0015549295349046588
33391.0,0.0,0.05812613666057587
33392.0,0.0,0.04122937470674515
33393.0,0.0,0.014777462929487228
33394.0,0.0,0.003388325683772564
33395.0,0.0,0.05237181484699249
33396.0,0.0,0.05582575500011444
33397.0,0.0,0.02814936637878418
33398.0,0.0,0.04181283712387085
33399.0,0.0,0.02481570467352867
33400.0,0.0,0.014891373924911022
33401.0,0.0,0.017969094216823578
33402.0,0.0,0.024906201288104057
33403.0,0.0,0.04095249995589256
33404.0,0.0,0.026265054941177368
33405.0,0.0,0.016435613855719566
33406.0,0.0,0.041240986436605453
33407.0,0.0,0.02632135897874832
33408.0,1.0,0.023730525746941566
33409.0,0.0,0.025873281061649323
33410.0,0.0,0.0015115386340767145
33411.0,0.0,0.028226213529706
33412.0,0.0,0.024717602878808975
33413.0,0.0,0.4532330334186554
33414.0,0.0,0.024556316435337067
33415.0,0.0,0.015878908336162567
33416.0,0.0,0.0166352316737175
33417.0,0.0,0.022678134962916374
33418.0,0.0,0.02814936637878418
33419.0,0.0,0.025873281061649323
33420.0,0.0,0.057258300483226776
33421.0,0.0,0.01899777166545391
33422.0,0.0,0.01608537882566452
33423.0,0.0,0.03391548618674278
33424.0,0.0,0.01729780063033104
33425.0,0.0,0.023474901914596558
33426.0,0.0,0.015553967095911503
33427.0,0.0,0.02826070226728916
33428.0,0.0,0.0014018514193594456
33429.0,1.0,0.6684423685073853
33430.0,0.0,0.025346089154481888
33431.0,0.0,0.02521074190735817
33432.0,0.0,0.06512225419282913
33433.0,0.0,0.0597548745572567
33434.0,0.0,0.04095249995589256
33435.0,0.0,0.0012720894301310182
33436.0,0.0,0.024906201288104057
33437.0,0.0,0.024017333984375
33438.0,0.0,0.0013714581727981567
33439.0,0.0,0.022047515958547592
33440.0,0.0,0.024717602878808975
33441.0,0.0,0.0016615756321698427
33442.0,0.0,0.02236247807741165
33443.0,0.0,0.027001334354281425
33444.0,0.0,0.022420059889554977
33445.0,0.0,0.02236247807741165
33446.0,0.0,0.025771109387278557
33447.0,0.0,0.0013808943331241608
33448.0,0.0,0.02641528844833374
33449.0,0.0,0.017739813774824142
33450.0,0.0,0.02663862146437168
33451.0,0.0,0.01506237406283617
33452.0,0.0,0.3523220121860504
33453.0,0.0,0.02314114384353161
33454.0,0.0,0.0021877882536500692
33455.0,0.0,0.02236247807741165
33456.0,0.0,0.02273487113416195
33457.0,0.0,0.018215972930192947
33458.0,0.0,0.0015091396635398269
33459.0,1.0,0.02360360138118267
33460.0,0.0,0.040258701890707016
33461.0,0.0,0.014002085663378239
33462.0,0.0,0.01754879392683506
33463.0,0.0,0.025245940312743187
33464.0,0.0,0.011426706798374653
33465.0,0.0,0.05730250105261803
33466.0,0.0,0.03611791133880615
33467.0,0.0,0.43061134219169617
33468.0,0.0,0.018069032579660416
33469.0,0.0,0.025771109387278557
33470.0,0.0,0.01629883050918579
33471.0,0.0,0.025873281061649323
33472.0,0.0,0.05708349123597145
33473.0,0.0,0.02236247807741165
33474.0,0.0,0.028332654386758804
33475.0,0.0,0.018074018880724907
33476.0,0.0,0.026425663381814957
33477.0,0.0,0.019640684127807617
33478.0,0.0,0.03624822944402695
33479.0,0.0,0.023298293352127075
33480.0,1.0,0.4532330334186554
33481.0,0.0,0.025642139837145805
33482.0,0.0,0.0014260467141866684
33483.0,0.0,0.05697529390454292
33484.0,0.0,0.04019296169281006
33485.0,0.0,0.025873281061649323
33486.0,0.0,0.023474901914596558
33487.0,0.0,0.02766358107328415
33488.0,0.0,0.0015030310023576021
33489.0,0.0,0.02314114384353161
33490.0,0.0,0.03556228429079056
33491.0,0.0,0.016121400520205498
33492.0,0.0,0.02360360138118267
33493.0,0.0,0.014621013775467873
33494.0,0.0,0.025771109387278557
33495.0,0.0,0.025771109387278557
33496.0,0.0,0.02632135897874832
33497.0,0.0,0.022047515958547592
33498.0,0.0,0.026141773909330368
33499.0,0.0,0.06390997022390366
33500.0,0.0,0.02236247807741165
33501.0,0.0,0.015413998626172543
33502.0,0.0,0.02521074190735817
33503.0,0.0,0.024906201288104057
33504.0,0.0,0.05741441249847412
33505.0,0.0,0.003526357701048255
33506.0,0.0,0.01670941896736622
33507.0,0.0,0.024556316435337067
33508.0,0.0,0.024871468544006348
33509.0,0.0,0.02632135897874832
33510.0,0.0,0.06021404266357422
33511.0,0.0,0.0008371466537937522
33512.0,0.0,0.029021726921200752
33513.0,0.0,0.03761137276887894
33514.0,0.0,0.024717602878808975
33515.0,1.0,0.4392189085483551
33516.0,0.0,0.025771109387278557
33517.0,0.0,0.0014202744932845235
33518.0,0.0,0.02314114384353161
33519.0,1.0,0.4676893949508667
33520.0,0.0,0.0014513740316033363
33521.0,0.0,0.026425663381814957
33522.0,0.0,0.021197669208049774
33523.0,1.0,0.4426445960998535
33524.0,0.0,0.016529247164726257
33525.0,1.0,0.8570403456687927
33526.0,0.0,0.013648834079504013
33527.0,0.0,0.02440434880554676
33528.0,0.0,0.028332654386758804
33529.0,0.0,0.014743927866220474
33530.0,0.0,0.023887183517217636
33531.0,0.0,0.0038601644337177277
33532.0,0.0,0.025771109387278557
33533.0,0.0,0.014297300949692726
33534.0,0.0,0.01506237406283617
33535.0,0.0,0.024717602878808975
33536.0,0.0,0.0012515462003648281
33537.0,0.0,0.01886281929910183
33538.0,0.0,0.02521074190735817
33539.0,0.0,0.0013694989029318094
33540.0,0.0,0.026425663381814957
33541.0,0.0,0.01241949200630188
33542.0,1.0,0.02521074190735817
33543.0,0.0,0.0013517334591597319
33544.0,0.0,0.024501239880919456
33545.0,0.0,0.34179195761680603
33546.0,0.0,0.06457332521677017
33547.0,0.0,0.031205356121063232
33548.0,0.0,0.0032541954424232244
33549.0,0.0,0.025771109387278557
33550.0,0.0,0.05795514956116676
33551.0,0.0,0.016921885311603546
33552.0,0.0,0.024433191865682602
33553.0,0.0,0.025873281061649323
33554.0,0.0,0.024555636569857597
33555.0,0.0,0.03901994973421097
33556.0,0.0,0.023636609315872192
33557.0,0.0,0.02440434880554676
33558.0,0.0,0.024590618908405304
33559.0,0.0,0.025873281061649323
33560.0,0.0,0.02663862146437168
33561.0,1.0,0.9931517839431763
33562.0,0.0,0.025005033239722252
33563.0,0.0,0.014621013775467873
33564.0,1.0,0.43026041984558105
33565.0,0.0,0.027128420770168304
33566.0,0.0,0.02544485405087471
33567.0,0.0,0.024556316435337067
33568.0,0.0,0.024906201288104057
33569.0,0.0,0.026301685720682144
33570.0,0.0,0.024871468544006348
33571.0,0.0,0.029163094237446785
33572.0,0.0,0.024871468544006348
33573.0,0.0,0.025245940312743187
33574.0,0.0,0.022451452910900116
33575.0,0.0,0.03740875422954559
33576.0,1.0,0.43061134219169617
33577.0,0.0,0.06574150919914246
33578.0,0.0,0.02314114384353161
33579.0,0.0,0.024871468544006348
33580.0,0.0,0.0013536671176552773
33581.0,0.0,0.06066964566707611
33582.0,0.0,0.0014202744932845235
33583.0,0.0,0.05708349123597145
33584.0,0.0,0.022047515958547592
33585.0,0.0,0.00308176944963634
33586.0,0.0,0.0036773942410945892
33587.0,0.0,0.03829755261540413
33588.0,0.0,0.0016565273981541395
33589.0,0.0,0.024906201288104057
33590.0,0.0,0.02632135897874832
33591.0,1.0,0.4532330334186554
33592.0,0.0,0.02663862146437168
33593.0,0.0,0.015007514506578445
33594.0,0.0,0.023474901914596558
33595.0,0.0,0.024717602878808975
33596.0,0.0,0.3426138460636139
33597.0,0.0,0.016435613855719566
33598.0,0.0,0.01899777166545391
33599.0,0.0,0.024944746866822243
33600.0,0.0,0.015202022157609463
33601.0,0.0,0.015553967095911503
33602.0,0.0,0.02323314920067787
33603.0,0.0,0.015916135162115097
33604.0,0.0,0.025873281061649323
33605.0,0.0,0.0012720894301310182
33606.0,0.0,0.025771109387278557
33607.0,0.0,0.06154433637857437
33608.0,0.0,0.024906201288104057
33609.0,0.0,0.03559589013457298
33610.0,1.0,0.977295458316803
33611.0,0.0,0.017378058284521103
33612.0,0.0,0.027234036475419998
33613.0,0.0,0.024906201288104057
33614.0,0.0,0.0014693202683702111
33615.0,0.0,0.028508367016911507
33616.0,1.0,0.02357242815196514
33617.0,0.0,0.05468802899122238
33618.0,1.0,0.9959450364112854
33619.0,0.0,0.02323314920067787
33620.0,0.0,0.02314114384353161
33621.0,0.0,0.4624745547771454
33622.0,0.0,0.042148660868406296
33623.0,0.0,0.015979811549186707
33624.0,0.0,0.024906201288104057
33625.0,0.0,0.02426704578101635
33626.0,0.0,0.05515262857079506
33627.0,0.0,0.053454283624887466
33628.0,0.0,0.02481570467352867
33629.0,0.0,0.0014260467141866684
33630.0,0.0,0.017378058284521103
33631.0,0.0,0.016122156754136086
33632.0,0.0,0.0030272032599896193
33633.0,0.0,0.014777462929487228
33634.0,0.0,0.023922305554151535
33635.0,0.0,0.03740875422954559
33636.0,0.0,0.003296883078292012
33637.0,0.0,0.0014078195672482252
33638.0,0.0,0.0014202744932845235
33639.0,0.0,0.0016577912028878927
33640.0,0.0,0.02526475116610527
33641.0,0.0,0.016225576400756836
33642.0,0.0,0.01565380021929741
33643.0,0.0,0.02632135897874832
33644.0,0.0,0.02632135897874832
33645.0,0.0,0.02995872125029564
33646.0,0.0,0.027234036475419998
33647.0,1.0,0.44283321499824524
33648.0,0.0,0.01769597828388214
33649.0,0.0,0.018040908500552177
33650.0,0.0,0.025771109387278557
33651.0,0.0,0.025771109387278557
33652.0,0.0,0.024906201288104057
33653.0,0.0,0.013825992122292519
33654.0,1.0,0.4465901553630829
33655.0,0.0,0.016435613855719566
33656.0,0.0,0.03749186545610428
33657.0,0.0,0.05844329297542572
33658.0,0.0,0.017336970195174217
33659.0,0.0,0.017969094216823578
33660.0,0.0,0.06344211101531982
33661.0,0.0,0.027913730591535568
33662.0,0.0,0.02544368989765644
33663.0,0.0,0.0012720894301310182
33664.0,0.0,0.039624374359846115
33665.0,0.0,0.024717602878808975
33666.0,0.0,0.4338580071926117
33667.0,0.0,0.024590618908405304
33668.0,0.0,0.0013193896738812327
33669.0,0.0,0.028508367016911507
33670.0,0.0,0.025873281061649323
33671.0,0.0,0.022331207990646362
33672.0,1.0,0.06021404266357422
33673.0,0.0,0.025550583377480507
33674.0,0.0,0.02663862146437168
33675.0,0.0,0.02814936637878418
33676.0,0.0,0.015878908336162567
33677.0,0.0,0.02663862146437168
33678.0,0.0,0.024871468544006348
33679.0,1.0,0.0013978133210912347
33680.0,0.0,0.0015606202650815248
33681.0,0.0,0.02314114384353161
33682.0,0.0,0.014588294550776482
33683.0,0.0,0.026141773909330368
33684.0,0.0,0.024556316435337067
33685.0,0.0,0.022532787173986435
33686.0,0.0,0.0262258630245924
33687.0,0.0,0.025771109387278557
33688.0,0.0,0.040478743612766266
33689.0,0.0,0.015979811549186707
33690.0,0.0,0.01574668474495411
33691.0,0.0,0.015803491696715355
33692.0,0.0,0.023888908326625824
33693.0,0.0,0.0014693202683702111
33694.0,0.0,0.015413998626172543
33695.0,1.0,0.8395562767982483
33696.0,0.0,0.0013694989029318094
33697.0,0.0,0.010245205834507942
33698.0,0.0,0.0597548745572567
33699.0,1.0,0.4455717206001282
33700.0,0.0,0.02663862146437168
33701.0,0.0,0.025771109387278557
33702.0,0.0,0.016225576400756836
33703.0,0.0,0.36442863941192627
33704.0,0.0,0.024906201288104057
33705.0,1.0,0.43026041984558105
33706.0,0.0,0.025873281061649323
33707.0,0.0,0.02632135897874832
33708.0,1.0,0.43061134219169617
33709.0,0.0,0.0014202744932845235
33710.0,0.0,0.025514967739582062
33711.0,0.0,0.025771109387278557
33712.0,0.0,0.04174934700131416
33713.0,0.0,0.051072195172309875
33714.0,0.0,0.04339463636279106
33715.0,1.0,0.47821998596191406
33716.0,0.0,0.025771109387278557
33717.0,0.0,0.03752155229449272
33718.0,0.0,0.022486286237835884
33719.0,0.0,0.024717602878808975
33720.0,0.0,0.02323314920067787
33721.0,0.0,0.04155724495649338
33722.0,0.0,0.014891373924911022
33723.0,0.0,0.025771109387278557
33724.0,0.0,0.01685047335922718
33725.0,0.0,0.013791310600936413
33726.0,0.0,0.02445853315293789
33727.0,0.0,0.4532330334186554
33728.0,0.0,0.02521074190735817
33729.0,0.0,0.023730525746941566
33730.0,0.0,0.022847406566143036
33731.0,0.0,0.01678997464478016
33732.0,0.0,0.024906201288104057
33733.0,0.0,0.0015753095503896475
33734.0,0.0,0.015878908336162567
33735.0,0.0,0.0015091396635398269
33736.0,0.0,0.024906201288104057
33737.0,0.0,0.026425663381814957
33738.0,0.0,0.016225576400756836
33739.0,1.0,0.42550188302993774
33740.0,0.0,0.0012937381397932768
33741.0,0.0,0.025771403685212135
33742.0,0.0,0.03077930398285389
33743.0,0.0,0.024717602878808975
33744.0,0.0,0.01766781136393547
33745.0,0.0,0.06021404266357422
33746.0,0.0,0.0014202744932845235
33747.0,0.0,0.010713044553995132
33748.0,0.0,0.022847406566143036
33749.0,0.0,0.022397181019186974
33750.0,0.0,0.026425663381814957
33751.0,0.0,0.02663862146437168
33752.0,0.0,0.039073653519153595
33753.0,0.0,0.02314114384353161
33754.0,0.0,0.07497172057628632
33755.0,0.0,0.02314114384353161
33756.0,0.0,0.024123454466462135
33757.0,0.0,0.016158010810613632
33758.0,0.0,0.06487949937582016
33759.0,0.0,0.02632135897874832
33760.0,0.0,0.023853830993175507
33761.0,0.0,0.023853830993175507
33762.0,0.0,0.02660154178738594
33763.0,0.0,0.013356479816138744
33764.0,0.0,0.0036034060176461935
33765.0,0.0,0.022847406566143036
33766.0,0.0,0.014223608188331127
33767.0,0.0,0.014223608188331127
33768.0,0.0,0.02236247807741165
33769.0,0.0,0.025873281061649323
33770.0,0.0,0.0013770321384072304
33771.0,0.0,0.02797490544617176
33772.0,0.0,0.01133112795650959
33773.0,0.0,0.01607489213347435
33774.0,0.0,0.023922305554151535
33775.0,0.0,0.06823190301656723
33776.0,0.0,0.026141773909330368
33777.0,0.0,0.0013714581727981567
33778.0,0.0,0.0013714581727981567
33779.0,0.0,0.003839910728856921
33780.0,1.0,0.05730250105261803
33781.0,0.0,0.01899777166545391
33782.0,0.0,0.015202022157609463
33783.0,0.0,0.06344211101531982
33784.0,0.0,0.022653555497527122
33785.0,0.0,0.01142064854502678
33786.0,0.0,0.022166267037391663
33787.0,0.0,0.016435613855719566
33788.0,0.0,0.0014941769186407328
33789.0,0.0,0.41751599311828613
33790.0,0.0,0.024854116141796112
33791.0,0.0,0.013825992122292519
33792.0,0.0,0.025873281061649323
33793.0,0.0,0.025771109387278557
33794.0,0.0,0.010836593806743622
33795.0,0.0,0.01685047335922718
33796.0,0.0,0.017094489187002182
33797.0,0.0,0.0013714581727981567
33798.0,0.0,0.023730525746941566
33799.0,0.0,0.015028689987957478
33800.0,0.0,0.0033137043938040733
33801.0,0.0,0.025771109387278557
33802.0,0.0,0.05607227236032486
33803.0,0.0,0.003302098950371146
33804.0,1.0,0.026141773909330368
33805.0,0.0,0.025873281061649323
33806.0,1.0,0.023730525746941566
33807.0,0.0,0.024906201288104057
33808.0,0.0,0.026405904442071915
33809.0,0.0,0.024906201288104057
33810.0,0.0,0.014777462929487228
33811.0,0.0,0.015878908336162567
33812.0,0.0,0.016766361892223358
33813.0,0.0,0.05582575500011444
33814.0,0.0,0.02544485405087471
33815.0,0.0,0.02663862146437168
33816.0,0.0,0.025346089154481888
33817.0,0.0,0.030375132337212563
33818.0,0.0,0.027234036475419998
33819.0,0.0,0.0013694989029318094
33820.0,0.0,0.04910919815301895
33821.0,0.0,0.001622081850655377
33822.0,0.0,0.011426706798374653
33823.0,0.0,0.025771109387278557
33824.0,0.0,0.024970166385173798
33825.0,0.0,0.03740875422954559
33826.0,0.0,0.015878908336162567
33827.0,0.0,0.016435613855719566
33828.0,0.0,0.0013462231727316976
33829.0,0.0,0.02632135897874832
33830.0,0.0,0.0014513740316033363
33831.0,0.0,0.026425663381814957
33832.0,0.0,0.014678625389933586
33833.0,0.0,0.025369521230459213
33834.0,0.0,0.023433061316609383
33835.0,0.0,0.017478905618190765
33836.0,0.0,0.039532795548439026
33837.0,0.0,0.05257376283407211
33838.0,0.0,0.014276108704507351
33839.0,0.0,0.025005033239722252
33840.0,1.0,0.05975745990872383
33841.0,0.0,0.01899777166545391
33842.0,0.0,0.04428699612617493
33843.0,0.0,0.024906201288104057
33844.0,0.0,0.03391440957784653
33845.0,0.0,0.01722889207303524
33846.0,0.0,0.027341853827238083
33847.0,0.0,0.024624401703476906
33848.0,0.0,0.016564786434173584
33849.0,0.0,0.02663862146437168
33850.0,0.0,0.024556316435337067
33851.0,0.0,0.014870388433337212
33852.0,0.0,0.025771109387278557
33853.0,0.0,0.015556056052446365
33854.0,0.0,0.0014513740316033363
33855.0,0.0,0.0008335117599926889
33856.0,0.0,0.04565148428082466
33857.0,0.0,0.017969094216823578
33858.0,0.0,0.027234036475419998
33859.0,0.0,0.025771109387278557
33860.0,0.0,0.01704694889485836
33861.0,0.0,0.02207839861512184
33862.0,0.0,0.022822577506303787
33863.0,0.0,0.04243891313672066
33864.0,0.0,0.010268616490066051
33865.0,0.0,0.062166977673769
33866.0,0.0,0.010245205834507942
33867.0,0.0,0.02628469653427601
33868.0,0.0,0.05172668769955635
33869.0,0.0,0.0013572274474427104
33870.0,0.0,0.024906201288104057
33871.0,0.0,0.025771109387278557
33872.0,0.0,0.001552709611132741
33873.0,0.0,0.02398207224905491
33874.0,0.0,0.024871468544006348
33875.0,0.0,0.023853830993175507
33876.0,0.0,0.014124889858067036
33877.0,0.0,0.02445853315293789
33878.0,0.0,0.0012772607151418924
33879.0,0.0,0.018330127000808716
33880.0,0.0,0.016688881441950798
33881.0,0.0,0.017969094216823578
33882.0,0.0,0.06490270048379898
33883.0,0.0,0.04075709730386734
33884.0,0.0,0.023887183517217636
33885.0,0.0,0.02481570467352867
33886.0,0.0,0.027913730591535568
33887.0,0.0,0.06175331398844719
33888.0,0.0,0.02314114384353161
33889.0,0.0,0.01562632992863655
33890.0,0.0,0.0013462231727316976
33891.0,0.0,0.022451452910900116
33892.0,0.0,0.01158476434648037
33893.0,1.0,0.4445684850215912
33894.0,0.0,0.01724102534353733
33895.0,0.0,0.01724102534353733
33896.0,0.0,0.024590618908405304
33897.0,0.0,0.018421942368149757
33898.0,0.0,0.026141773909330368
33899.0,0.0,0.024717602878808975
33900.0,0.0,0.01575755886733532
33901.0,0.0,0.4532330334186554
33902.0,0.0,0.025771109387278557
33903.0,0.0,0.0182296484708786
33904.0,0.0,0.024717602878808975
33905.0,0.0,0.05599655583500862
33906.0,0.0,0.025073513388633728
33907.0,0.0,0.039414212107658386
33908.0,0.0,0.027341853827238083
33909.0,0.0,0.036484528332948685
33910.0,0.0,0.02632135897874832
33911.0,0.0,0.022543804720044136
33912.0,0.0,0.06777822971343994
33913.0,0.0,0.024717602878808975
33914.0,0.0,0.001509379711933434
33915.0,0.0,0.05929740518331528
33916.0,0.0,0.025771109387278557
33917.0,1.0,0.05889163166284561
33918.0,0.0,0.0262258630245924
33919.0,1.0,0.041395772248506546
33920.0,0.0,0.025771109387278557
33921.0,0.0,0.015246058814227581
33922.0,0.0,0.027341853827238083
33923.0,0.0,0.022847406566143036
33924.0,0.0,0.027725663036108017
33925.0,0.0,0.016122156754136086
33926.0,0.0,0.04019296169281006
33927.0,0.0,0.0012720894301310182
33928.0,0.0,0.025771109387278557
33929.0,0.0,0.022331207990646362
33930.0,0.0,0.0014260467141866684
33931.0,0.0,0.017969094216823578
33932.0,0.0,0.02361888997256756
33933.0,0.0,0.019784780219197273
33934.0,0.0,0.0014078195672482252
33935.0,0.0,0.024906201288104057
33936.0,0.0,0.014555196277797222
33937.0,0.0,0.03683403134346008
33938.0,0.0,0.06813625991344452
33939.0,0.0,0.0262258630245924
33940.0,0.0,0.016777299344539642
33941.0,0.0,0.0263888631016016
33942.0,1.0,0.9795085191726685
33943.0,0.0,0.02608109824359417
33944.0,0.0,0.025227047502994537
33945.0,0.0,0.026405904442071915
33946.0,0.0,0.017336970195174217
33947.0,0.0,0.0012741065584123135
33948.0,0.0,0.0014018514193594456
33949.0,0.0,0.024717602878808975
33950.0,0.0,0.023853830993175507
33951.0,0.0,0.027234036475419998
33952.0,0.0,0.05638376995921135
33953.0,0.0,0.001488251960836351
33954.0,0.0,0.055040765553712845
33955.0,0.0,0.015878908336162567
33956.0,0.0,0.02361888997256756
33957.0,0.0,0.025005033239722252
33958.0,0.0,0.0012720894301310182
33959.0,0.0,0.017969094216823578
33960.0,0.0,0.017336970195174217
33961.0,0.0,0.015878908336162567
33962.0,0.0,0.023887183517217636
33963.0,0.0,0.010713044553995132
33964.0,0.0,0.02632135897874832
33965.0,0.0,0.023677917197346687
33966.0,0.0,0.0179430041462183
33967.0,0.0,0.025873281061649323
33968.0,1.0,0.4436468780040741
33969.0,0.0,0.02398207224905491
33970.0,0.0,0.0262258630245924
33971.0,0.0,0.024717602878808975
33972.0,0.0,0.041854701936244965
33973.0,1.0,0.4907330572605133
33974.0,0.0,0.4392189085483551
33975.0,0.0,0.014870388433337212
33976.0,0.0,0.02398207224905491
33977.0,0.0,0.02323314920067787
33978.0,0.0,0.025122351944446564
33979.0,0.0,0.015856554731726646
33980.0,0.0,0.015050983056426048
33981.0,0.0,0.014245864003896713
33982.0,0.0,0.02663862146437168
33983.0,0.0,0.024970166385173798
33984.0,0.0,0.018040908500552177
33985.0,0.0,0.0013140484225004911
33986.0,0.0,0.0015030310023576021
33987.0,1.0,0.017968246713280678
33988.0,0.0,0.016994355246424675
33989.0,0.0,0.025771109387278557
33990.0,0.0,0.022397181019186974
33991.0,0.0,0.01562632992863655
33992.0,0.0,0.024906201288104057
33993.0,0.0,0.024906201288104057
33994.0,0.0,0.028661828488111496
33995.0,0.0,0.025945642963051796
33996.0,0.0,0.025229530408978462
33997.0,0.0,0.022135263308882713
33998.0,0.0,0.02663862146437168
33999.0,0.0,0.06266964226961136
34000.0,0.0,0.014891373924911022
34001.0,0.0,0.027234036475419998
34002.0,1.0,0.4069797396659851
34003.0,0.0,0.0263888631016016
34004.0,0.0,0.01722889207303524
34005.0,0.0,0.02521074190735817
34006.0,0.0,0.025771109387278557
34007.0,0.0,0.05848557502031326
34008.0,0.0,0.01678997464478016
34009.0,0.0,0.026744144037365913
34010.0,0.0,0.02628469653427601
34011.0,0.0,0.8590901494026184
34012.0,0.0,0.017450282350182533
34013.0,0.0,0.025771109387278557
34014.0,0.0,0.014743927866220474
34015.0,0.0,0.02632135897874832
34016.0,0.0,0.02663862146437168
34017.0,0.0,0.02061801590025425
34018.0,0.0,0.017478905618190765
34019.0,0.0,0.023887183517217636
34020.0,0.0,0.02909746579825878
34021.0,0.0,0.02660154178738594
34022.0,0.0,0.01575755886733532
34023.0,0.0,0.025873281061649323
34024.0,1.0,0.4316074550151825
34025.0,0.0,0.05795514956116676
34026.0,0.0,0.025873281061649323
34027.0,0.0,0.024871468544006348
34028.0,0.0,0.023887183517217636
34029.0,0.0,0.016122156754136086
34030.0,0.0,0.05823454260826111
34031.0,0.0,0.02445853315293789
34032.0,0.0,0.011426706798374653
34033.0,0.0,0.0014018514193594456
34034.0,0.0,0.02591816894710064
34035.0,0.0,0.02628469653427601
34036.0,0.0,0.06297677010297775
34037.0,0.0,0.024717602878808975
34038.0,1.0,0.7782144546508789
34039.0,0.0,0.025771109387278557
34040.0,0.0,0.0014693202683702111
34041.0,0.0,0.025172991678118706
34042.0,0.0,0.0013140484225004911
34043.0,0.0,0.01678997464478016
34044.0,0.0,0.02445853315293789
34045.0,0.0,0.027424313127994537
34046.0,0.0,0.0015030310023576021
34047.0,0.0,0.02628469653427601
34048.0,0.0,0.027234036475419998
34049.0,0.0,0.037497278302907944
34050.0,0.0,0.025005033239722252
34051.0,0.0,0.4360010325908661
34052.0,0.0,0.05741441249847412
34053.0,0.0,0.38397806882858276
34054.0,0.0,0.0013694989029318094
34055.0,0.0,0.017969094216823578
34056.0,0.0,0.0273841954767704
34057.0,0.0,0.016122156754136086
34058.0,0.0,0.017969094216823578
34059.0,0.0,0.0013694989029318094
34060.0,0.0,0.06883339583873749
34061.0,0.0,0.01678997464478016
34062.0,0.0,0.023636609315872192
34063.0,0.0,0.022775495424866676
34064.0,0.0,0.0018661250360310078
34065.0,0.0,0.014061274006962776
34066.0,0.0,0.025550583377480507
34067.0,0.0,0.05834890156984329
34068.0,0.0,0.027341853827238083
34069.0,0.0,0.01704694889485836
34070.0,0.0,0.0013916846364736557
34071.0,0.0,0.024970166385173798
34072.0,0.0,0.05817730352282524
34073.0,0.0,0.01662774570286274
34074.0,0.0,0.029645780101418495
34075.0,0.0,0.0012283599935472012
34076.0,0.0,0.4476095139980316
34077.0,0.0,0.017969094216823578
34078.0,0.0,0.029283806681632996
34079.0,0.0,0.04174934700131416
34080.0,0.0,0.025550583377480507
34081.0,0.0,0.025771109387278557
34082.0,0.0,0.0014202744932845235
34083.0,0.0,0.023887183517217636
34084.0,0.0,0.027001334354281425
34085.0,0.0,0.03634200617671013
34086.0,0.0,0.029535578563809395
34087.0,0.0,0.015878908336162567
34088.0,1.0,0.05708349123597145
34089.0,0.0,0.02663862146437168
34090.0,0.0,0.025771109387278557
34091.0,0.0,0.02514415606856346
34092.0,0.0,0.0015030310023576021
34093.0,0.0,0.025771109387278557
34094.0,0.0,0.001447077956981957
34095.0,0.0,0.027341853827238083
34096.0,0.0,0.06511613726615906
34097.0,0.0,0.010245205834507942
34098.0,0.0,0.016435613855719566
34099.0,0.0,0.025873281061649323
34100.0,0.0,0.0015199633780866861
34101.0,0.0,0.023636609315872192
34102.0,1.0,0.4522433280944824
34103.0,0.0,0.003393161343410611
34104.0,0.0,0.024717602878808975
34105.0,0.0,0.04019296169281006
34106.0,0.0,0.025550583377480507
34107.0,0.0,0.07066027820110321
34108.0,0.0,0.06344211101531982
34109.0,1.0,0.4600815176963806
34110.0,0.0,0.022685261443257332
34111.0,0.0,0.022047515958547592
34112.0,0.0,0.0014260467141866684
34113.0,0.0,0.02544485405087471
34114.0,0.0,0.02445853315293789
34115.0,0.0,0.03683403134346008
34116.0,0.0,0.025005033239722252
34117.0,0.0,0.029535578563809395
34118.0,0.0,0.061544325202703476
34119.0,0.0,0.02544485405087471
34120.0,0.0,0.023922305554151535
34121.0,0.0,0.025743823498487473
34122.0,0.0,0.0033663581125438213
34123.0,0.0,0.024906201288104057
34124.0,0.0,0.0273841954767704
34125.0,0.0,0.017810726538300514
34126.0,0.0,0.01562632992863655
34127.0,0.0,0.026141773909330368
34128.0,0.0,0.02632135897874832
34129.0,0.0,0.023636609315872192
34130.0,0.0,0.017997104674577713
34131.0,0.0,0.02314114384353161
34132.0,0.0,0.017228078097105026
34133.0,0.0,0.015856554731726646
34134.0,0.0,0.035611413419246674
34135.0,0.0,0.0597548745572567
34136.0,0.0,0.03893374651670456
34137.0,0.0,0.01899777166545391
34138.0,0.0,0.024017333984375
34139.0,0.0,0.35456952452659607
34140.0,0.0,0.023697391152381897
34141.0,0.0,0.022847406566143036
34142.0,0.0,0.025771109387278557
34143.0,0.0,0.0036823537666350603
34144.0,0.0,0.02236247807741165
34145.0,0.0,0.015590906143188477
34146.0,0.0,0.01704694889485836
34147.0,0.0,0.013791310600936413
34148.0,0.0,0.02814936637878418
34149.0,0.0,0.05795514956116676
34150.0,0.0,0.015028689987957478
34151.0,0.0,0.02663862146437168
34152.0,0.0,0.025005033239722252
34153.0,0.0,0.0013714581727981567
34154.0,0.0,0.03858567029237747
34155.0,0.0,0.02236247807741165
34156.0,0.0,0.027234036475419998
34157.0,0.0,0.058847613632678986
34158.0,0.0,0.0242068562656641
34159.0,0.0,0.02358420193195343
34160.0,0.0,0.01899777166545391
34161.0,0.0,0.024590618908405304
34162.0,0.0,0.0012908532517030835
34163.0,0.0,0.017816275358200073
34164.0,0.0,0.02398207224905491
34165.0,0.0,0.0015030310023576021
34166.0,0.0,0.03847310692071915
34167.0,0.0,0.024556316435337067
34168.0,0.0,0.04165147617459297
34169.0,0.0,0.026141773909330368
34170.0,0.0,0.03556228429079056
34171.0,0.0,0.44021958112716675
34172.0,0.0,0.02663862146437168
34173.0,0.0,0.058760810643434525
34174.0,0.0,0.04019296169281006
34175.0,0.0,0.024555636569857597
34176.0,0.0,0.0016125161200761795
34177.0,0.0,0.02323314920067787
34178.0,0.0,0.022913336753845215
34179.0,0.0,0.02544485405087471
34180.0,0.0,0.023888908326625824
34181.0,0.0,0.02895745076239109
34182.0,0.0,0.027234036475419998
34183.0,0.0,0.01689310371875763
34184.0,0.0,0.06302212178707123
34185.0,0.0,0.01230571698397398
34186.0,0.0,0.04095249995589256
34187.0,0.0,0.0015030310023576021
34188.0,0.0,0.025873281061649323
34189.0,0.0,0.05812613666057587
34190.0,0.0,0.025283005088567734
34191.0,0.0,0.027234036475419998
34192.0,0.0,0.016435613855719566
34193.0,0.0,0.025771109387278557
34194.0,0.0,0.02544485405087471
34195.0,0.0,0.02445853315293789
34196.0,0.0,0.07401979714632034
34197.0,0.0,0.056276835501194
34198.0,0.0,0.025771109387278557
34199.0,0.0,0.026301685720682144
34200.0,0.0,0.01577828824520111
34201.0,0.0,0.024555636569857597
34202.0,1.0,0.060015689581632614
34203.0,0.0,0.025873281061649323
34204.0,0.0,0.0014202744932845235
34205.0,0.0,0.0013770321384072304
34206.0,1.0,0.4392189085483551
34207.0,1.0,0.4392189085483551
34208.0,0.0,0.024717602878808975
34209.0,0.0,0.023730525746941566
34210.0,0.0,0.023922305554151535
34211.0,0.0,0.01729780063033104
34212.0,0.0,0.061310164630413055
34213.0,0.0,0.025771109387278557
34214.0,1.0,0.41323480010032654
34215.0,0.0,0.05795514956116676
34216.0,0.0,0.025005033239722252
34217.0,0.0,0.02544485405087471
34218.0,1.0,0.9765933752059937
34219.0,0.0,0.025873281061649323
34220.0,0.0,0.017969094216823578
34221.0,0.0,0.0012283599935472012
34222.0,0.0,0.060643456876277924
34223.0,0.0,0.0013916846364736557
34224.0,0.0,0.0012333538616076112
34225.0,0.0,0.017969094216823578
34226.0,0.0,0.025005033239722252
34227.0,0.0,0.05623804032802582
34228.0,0.0,0.017997104674577713
34229.0,0.0,0.024590618908405304
34230.0,0.0,0.02358420193195343
34231.0,0.0,0.024906201288104057
34232.0,0.0,0.025245940312743187
34233.0,0.0,0.05525912344455719
34234.0,0.0,0.024556316435337067
34235.0,0.0,0.017969094216823578
34236.0,0.0,0.01722889207303524
34237.0,0.0,0.05907125025987625
34238.0,1.0,0.43061134219169617
34239.0,0.0,0.023887183517217636
34240.0,0.0,0.002042963868007064
34241.0,0.0,0.02236247807741165
34242.0,0.0,0.017378058284521103
34243.0,0.0,0.026425663381814957
34244.0,0.0,0.016666335985064507
34245.0,0.0,0.02314114384353161
34246.0,0.0,0.32380878925323486
34247.0,0.0,0.02323314920067787
34248.0,0.0,0.011426706798374653
34249.0,0.0,0.016777299344539642
34250.0,0.0,0.022685261443257332
34251.0,0.0,0.0013714581727981567
34252.0,0.0,0.030163714662194252
34253.0,0.0,0.02663862146437168
34254.0,0.0,0.4486140012741089
34255.0,1.0,0.02544485405087471
34256.0,0.0,0.06428132206201553
34257.0,0.0,0.0014513740316033363
34258.0,0.0,0.02440434880554676
34259.0,0.0,0.025771109387278557
34260.0,0.0,0.02179497294127941
34261.0,0.0,0.02632135897874832
34262.0,0.0,0.025310751050710678
34263.0,0.0,0.024555636569857597
34264.0,0.0,0.02663862146437168
34265.0,0.0,0.06474325805902481
34266.0,0.0,0.023922305554151535
34267.0,0.0,0.025873281061649323
34268.0,0.0,0.017969094216823578
34269.0,0.0,0.010713044553995132
34270.0,0.0,0.02314114384353161
34271.0,0.0,0.0246882326900959
34272.0,0.0,0.023887183517217636
34273.0,0.0,0.026744144037365913
34274.0,0.0,0.022576697170734406
34275.0,1.0,0.026744144037365913
34276.0,0.0,0.030346466228365898
34277.0,1.0,0.9933859705924988
34278.0,0.0,0.06388740986585617
34279.0,0.0,0.025771109387278557
34280.0,0.0,0.028110241517424583
34281.0,0.0,0.001845953636802733
34282.0,0.0,0.017969094216823578
34283.0,0.0,0.06240420788526535
34284.0,0.0,0.025545770302414894
34285.0,0.0,0.055364664644002914
34286.0,0.0,0.0014018514193594456
34287.0,0.0,0.058941278606653214
34288.0,0.0,0.06175331398844719
34289.0,0.0,0.025771109387278557
34290.0,0.0,0.024970166385173798
34291.0,0.0,0.015444842167198658
34292.0,0.0,0.026405904442071915
34293.0,0.0,0.025005033239722252
34294.0,0.0,0.025873281061649323
34295.0,0.0,0.016435613855719566
34296.0,0.0,0.018622351810336113
34297.0,0.0,0.01722889207303524
34298.0,0.0,0.024327654391527176
34299.0,1.0,0.05447521060705185
34300.0,0.0,0.01886281929910183
34301.0,0.0,0.019502442330121994
34302.0,0.0,0.02371274307370186
34303.0,1.0,0.4637874364852905
34304.0,0.0,0.43061134219169617
34305.0,0.0,0.03237675130367279
34306.0,0.0,0.022613143548369408
34307.0,0.0,0.0013750650687143207
34308.0,0.0,0.027234036475419998
34309.0,0.0,0.03959309309720993
34310.0,0.0,0.0012908532517030835
34311.0,0.0,0.029936516657471657
34312.0,0.0,0.0014752917923033237
34313.0,0.0,0.037267234176397324
34314.0,0.0,0.02632135897874832
34315.0,0.0,0.030483517795801163
34316.0,0.0,0.018215972930192947
34317.0,1.0,0.05447521060705185
34318.0,1.0,0.42740845680236816
34319.0,0.0,0.02208584174513817
34320.0,0.0,0.0014513740316033363
34321.0,0.0,0.0821150690317154
34322.0,0.0,0.036005958914756775
34323.0,0.0,0.025771109387278557
34324.0,0.0,0.058220189064741135
34325.0,0.0,0.03115367330610752
34326.0,0.0,0.02660154178738594
34327.0,0.0,0.05582575500011444
34328.0,0.0,0.003753985045477748
34329.0,0.0,0.02440434880554676
34330.0,0.0,0.04239417985081673
34331.0,0.0,0.0511234775185585
34332.0,0.0,0.030525844544172287
34333.0,0.0,0.025873281061649323
34334.0,0.0,0.024871468544006348
34335.0,0.0,0.017969094216823578
34336.0,0.0,0.014073389582335949
34337.0,0.0,0.02314114384353161
34338.0,0.0,0.04243891313672066
34339.0,0.0,0.026122327893972397
34340.0,0.0,0.02481570467352867
34341.0,0.0,0.02632135897874832
34342.0,0.0,0.02314114384353161
34343.0,0.0,0.06654705852270126
34344.0,0.0,0.01575755886733532
34345.0,0.0,0.02544485405087471
34346.0,0.0,0.0597548745572567
34347.0,1.0,0.4542792737483978
34348.0,1.0,0.01562632992863655
34349.0,0.0,0.017969094216823578
34350.0,0.0,0.016766361892223358
34351.0,0.0,0.023922305554151535
34352.0,0.0,0.024906201288104057
34353.0,0.0,0.024906201288104057
34354.0,0.0,0.025771109387278557
34355.0,0.0,0.017378058284521103
34356.0,0.0,0.023887183517217636
34357.0,0.0,0.024717602878808975
34358.0,1.0,0.027234036475419998
34359.0,0.0,0.0013140484225004911
34360.0,0.0,0.01722889207303524
34361.0,0.0,0.017739813774824142
34362.0,0.0,0.025550583377480507
34363.0,0.0,0.018421942368149757
34364.0,0.0,0.024556316435337067
34365.0,0.0,0.014124889858067036
34366.0,0.0,0.024717602878808975
34367.0,0.0,0.02632135897874832
34368.0,0.0,0.016661789268255234
34369.0,0.0,0.024717602878808975
34370.0,0.0,0.4006469249725342
34371.0,0.0,0.02544485405087471
34372.0,1.0,0.4556497037410736
34373.0,0.0,0.06344211101531982
34374.0,0.0,0.02663862146437168
34375.0,0.0,0.0012989522656425834
34376.0,0.0,0.017378058284521103
34377.0,1.0,0.025310751050710678
34378.0,0.0,0.05582575500011444
34379.0,0.0,0.0031837711576372385
34380.0,0.0,0.024555636569857597
34381.0,0.0,0.014700775034725666
34382.0,0.0,0.017008891329169273
34383.0,0.0,0.024906201288104057
34384.0,0.0,0.4006469249725342
34385.0,0.0,0.036820992827415466
34386.0,0.0,0.016225576400756836
34387.0,0.0,0.015413998626172543
34388.0,0.0,0.02544485405087471
34389.0,0.0,0.02814936637878418
34390.0,0.0,0.03958925977349281
34391.0,0.0,0.048369113355875015
34392.0,0.0,0.03607151657342911
34393.0,0.0,0.03803001344203949
34394.0,1.0,0.017969094216823578
34395.0,0.0,0.02481570467352867
34396.0,0.0,0.025550583377480507
34397.0,0.0,0.060643456876277924
34398.0,0.0,0.018040908500552177
34399.0,0.0,0.02207839861512184
34400.0,0.0,0.0014693202683702111
34401.0,0.0,0.02426704578101635
34402.0,0.0,0.025073513388633728
34403.0,0.0,0.017969094216823578
34404.0,0.0,0.015884090214967728
34405.0,0.0,0.016994355246424675
34406.0,0.0,0.017969094216823578
34407.0,0.0,0.016435613855719566
34408.0,0.0,0.017115140333771706
34409.0,0.0,0.02236247807741165
34410.0,0.0,0.0012266056146472692
34411.0,0.0,0.024906201288104057
34412.0,1.0,0.024326782673597336
34413.0,0.0,0.025873281061649323
34414.0,0.0,0.0014502613339573145
34415.0,0.0,0.017968246713280678
34416.0,0.0,0.015345773659646511
34417.0,0.0,0.013825992122292519
34418.0,0.0,0.055439580231904984
34419.0,0.0,0.024871468544006348
34420.0,0.0,0.02663862146437168
34421.0,0.0,0.0014075487852096558
34422.0,0.0,0.024871468544006348
34423.0,0.0,0.024906201288104057
34424.0,0.0,0.014777462929487228
34425.0,0.0,0.015675872564315796
34426.0,0.0,0.4326379895210266
34427.0,1.0,0.9933859705924988
34428.0,0.0,0.02314114384353161
34429.0,0.0,0.06747815757989883
34430.0,0.0,0.027021421119570732
34431.0,0.0,0.01678997464478016
34432.0,0.0,0.018040908500552177
34433.0,0.0,0.05697529390454292
34434.0,0.0,0.025771109387278557
34435.0,1.0,0.05848557502031326
34436.0,0.0,0.015979811549186707
34437.0,0.0,0.024906201288104057
34438.0,0.0,0.016661789268255234
34439.0,0.0,0.05525912344455719
34440.0,0.0,0.05623804032802582
34441.0,1.0,0.06465663015842438
34442.0,0.0,0.4287012219429016
34443.0,0.0,0.03634200617671013
34444.0,0.0,0.024906201288104057
34445.0,0.0,0.024906201288104057
34446.0,0.0,0.024906201288104057
34447.0,0.0,0.017969094216823578
34448.0,0.0,0.014555196277797222
34449.0,0.0,0.023721186444163322
34450.0,0.0,0.027341853827238083
34451.0,0.0,0.025873281061649323
34452.0,0.0,0.02749258652329445
34453.0,0.0,0.015856554731726646
34454.0,0.0,0.05060550197958946
34455.0,0.0,0.027234036475419998
34456.0,0.0,0.025550583377480507
34457.0,0.0,0.059674497693777084
34458.0,0.0,0.018040908500552177
34459.0,0.0,0.02544485405087471
34460.0,0.0,0.016435613855719566
34461.0,0.0,0.06290864944458008
34462.0,0.0,0.02314114384353161
34463.0,0.0,0.02481570467352867
34464.0,0.0,0.05708349123597145
34465.0,0.0,0.024871468544006348
34466.0,0.0,0.011426706798374653
34467.0,0.0,0.04371431842446327
34468.0,0.0,0.031205356121063232
34469.0,0.0,0.025771109387278557
34470.0,0.0,0.028110241517424583
34471.0,0.0,0.014354735612869263
34472.0,0.0,0.022451452910900116
34473.0,0.0,0.02826070226728916
34474.0,0.0,0.024717602878808975
34475.0,0.0,0.0012283599935472012
34476.0,0.0,0.02663862146437168
34477.0,0.0,0.04081599414348602
34478.0,0.0,0.037583593279123306
34479.0,0.0,0.060583945363759995
34480.0,0.0,0.024906201288104057
34481.0,0.0,0.015878908336162567
34482.0,0.0,0.0012283599935472012
34483.0,0.0,0.016122156754136086
34484.0,0.0,0.034694552421569824
34485.0,0.0,0.01899777166545391
34486.0,0.0,0.02440434880554676
34487.0,1.0,0.024906201288104057
34488.0,0.0,0.015107985585927963
34489.0,0.0,0.02854803204536438
34490.0,1.0,0.8353279232978821
34491.0,0.0,0.02544485405087471
34492.0,0.0,0.06175331398844719
34493.0,0.0,0.0034105125814676285
34494.0,1.0,0.41323480010032654
34495.0,0.0,0.025550583377480507
34496.0,0.0,0.05826232582330704
34497.0,0.0,0.025771109387278557
34498.0,0.0,0.017969094216823578
34499.0,1.0,0.8617968559265137
34500.0,0.0,0.015413998626172543
34501.0,0.0,0.01899777166545391
34502.0,0.0,0.02314114384353161
34503.0,0.0,0.02632135897874832
34504.0,0.0,0.025771109387278557
34505.0,0.0,0.016435613855719566
34506.0,0.0,0.02624538727104664
34507.0,0.0,0.4173292815685272
34508.0,0.0,0.015413998626172543
34509.0,1.0,0.5956190228462219
34510.0,0.0,0.024556316435337067
34511.0,0.0,0.0014401210937649012
34512.0,1.0,0.4370000660419464
34513.0,0.0,0.017969094216823578
34514.0,0.0,0.025005033239722252
34515.0,0.0,0.026481470093131065
34516.0,0.0,0.05817730352282524
34517.0,0.0,0.017203858122229576
34518.0,1.0,0.012085461057722569
34519.0,0.0,0.0008162669837474823
34520.0,0.0,0.024906201288104057
34521.0,0.0,0.02314114384353161
34522.0,0.0,0.027234036475419998
34523.0,0.0,0.02628469653427601
34524.0,0.0,0.0013714581727981567
34525.0,0.0,0.02314114384353161
34526.0,0.0,0.016766361892223358
34527.0,0.0,0.0014632827369496226
34528.0,0.0,0.014891373924911022
34529.0,0.0,0.05812613666057587
34530.0,0.0,0.03598108887672424
34531.0,0.0,0.05607227236032486
34532.0,0.0,0.04420370236039162
34533.0,1.0,0.026122327893972397
34534.0,0.0,0.02521074190735817
34535.0,0.0,0.01740630343556404
34536.0,0.0,0.017969094216823578
34537.0,0.0,0.0014018514193594456
34538.0,0.0,0.02398207224905491
34539.0,0.0,0.04120316356420517
34540.0,1.0,0.40732526779174805
34541.0,0.0,0.027234036475419998
34542.0,0.0,0.05998348444700241
34543.0,0.0,0.025771109387278557
34544.0,0.0,0.017378058284521103
34545.0,0.0,0.016435613855719566
34546.0,0.0,0.0013694989029318094
34547.0,0.0,0.044389087706804276
34548.0,0.0,0.04475943744182587
34549.0,0.0,0.05607227236032486
34550.0,0.0,0.02314114384353161
34551.0,0.0,0.0287390798330307
34552.0,0.0,0.01562632992863655
34553.0,0.0,0.025771109387278557
34554.0,0.0,0.024231432005763054
34555.0,0.0,0.06006842106580734
34556.0,0.0,0.022685261443257332
34557.0,0.0,0.025005033239722252
34558.0,0.0,0.017214098945260048
34559.0,0.0,0.02364484779536724
34560.0,0.0,0.025771109387278557
34561.0,0.0,0.01506237406283617
34562.0,0.0,0.02544485405087471
34563.0,0.0,0.029538795351982117
34564.0,0.0,0.02314114384353161
34565.0,0.0,0.05628763884305954
34566.0,0.0,0.025550583377480507
34567.0,0.0,0.38397806882858276
34568.0,0.0,0.025873281061649323
34569.0,0.0,0.05621235817670822
34570.0,0.0,0.02663862146437168
34571.0,0.0,0.02885267697274685
34572.0,0.0,0.02632135897874832
34573.0,0.0,0.013825992122292519
34574.0,0.0,0.02358420193195343
34575.0,0.0,0.02264479734003544
34576.0,0.0,0.015590906143188477
34577.0,0.0,0.044249724596738815
34578.0,0.0,0.013825992122292519
34579.0,0.0,0.019073618575930595
34580.0,0.0,0.02544485405087471
34581.0,0.0,0.04191213846206665
34582.0,0.0,0.026141773909330368
34583.0,0.0,0.024556316435337067
34584.0,0.0,0.0013895576121285558
34585.0,0.0,0.02481570467352867
34586.0,0.0,0.44283321499824524
34587.0,0.0,0.024906201288104057
34588.0,0.0,0.044144924730062485
34589.0,0.0,0.04006950929760933
34590.0,0.0,0.0014075487852096558
34591.0,0.0,0.026301685720682144
34592.0,0.0,0.01618671976029873
34593.0,0.0,0.0014202744932845235
34594.0,0.0,0.025346089154481888
34595.0,0.0,0.025122351944446564
34596.0,0.0,0.0014260467141866684
34597.0,0.0,0.02236247807741165
34598.0,0.0,0.06175331398844719
34599.0,0.0,0.024231432005763054
34600.0,0.0,0.022451452910900116
34601.0,0.0,0.044934771955013275
34602.0,0.0,0.0013663552235811949
34603.0,0.0,0.004316714592278004
34604.0,0.0,0.029535578563809395
34605.0,0.0,0.017378058284521103
34606.0,0.0,0.048295389860868454
34607.0,0.0,0.024717602878808975
34608.0,0.0,0.024871468544006348
34609.0,0.0,0.001552709611132741
34610.0,0.0,0.0263888631016016
34611.0,0.0,0.027001334354281425
34612.0,0.0,0.0013916846364736557
34613.0,0.0,0.4122503101825714
34614.0,0.0,0.01678997464478016
34615.0,0.0,0.015916135162115097
34616.0,0.0,0.01729780063033104
34617.0,0.0,0.06175331398844719
34618.0,0.0,0.023887183517217636
34619.0,0.0,0.015916068106889725
34620.0,0.0,0.02323314920067787
34621.0,0.0,0.02663862146437168
34622.0,0.0,0.0014075487852096558
34623.0,0.0,0.023697391152381897
34624.0,0.0,0.02628469653427601
34625.0,0.0,0.013825992122292519
34626.0,0.0,0.0013140484225004911
34627.0,0.0,0.0015030310023576021
34628.0,0.0,0.017969094216823578
34629.0,0.0,0.02481570467352867
34630.0,0.0,0.025771109387278557
34631.0,0.0,0.02314114384353161
34632.0,0.0,0.01704694889485836
34633.0,0.0,0.04041016474366188
34634.0,0.0,0.027128420770168304
34635.0,0.0,0.025771109387278557
34636.0,0.0,0.02331252209842205
34637.0,0.0,0.030466215685009956
34638.0,1.0,0.06551076471805573
34639.0,0.0,0.025005033239722252
34640.0,0.0,0.037081919610500336
34641.0,1.0,0.8661656379699707
34642.0,0.0,0.022451452910900116
34643.0,0.0,0.022938264533877373
34644.0,0.0,0.41323480010032654
34645.0,0.0,0.027234036475419998
34646.0,1.0,0.44021958112716675
34647.0,0.0,0.3328491151332855
34648.0,0.0,0.017969094216823578
34649.0,0.0,0.024906201288104057
34650.0,0.0,0.025550583377480507
34651.0,1.0,0.026744144037365913
34652.0,0.0,0.025771109387278557
34653.0,0.0,0.02814936637878418
34654.0,0.0,0.025771109387278557
34655.0,1.0,0.439609557390213
34656.0,0.0,0.025873281061649323
34657.0,0.0,0.027001334354281425
34658.0,0.0,0.02608109824359417
34659.0,0.0,0.014992437325417995
34660.0,0.0,0.0182296484708786
34661.0,1.0,0.4452180862426758
34662.0,0.0,0.01722889207303524
34663.0,0.0,0.014743927866220474
34664.0,0.0,0.02632135897874832
34665.0,0.0,0.039073653519153595
34666.0,0.0,0.029283806681632996
34667.0,0.0,0.02314114384353161
34668.0,0.0,0.028110241517424583
34669.0,0.0,0.011426706798374653
34670.0,0.0,0.0014202744932845235
34671.0,0.0,0.02624538727104664
34672.0,0.0,0.06226382032036781
34673.0,0.0,0.02826070226728916
34674.0,0.0,0.0013663552235811949
34675.0,0.0,0.014555196277797222
34676.0,1.0,0.02632135897874832
34677.0,0.0,0.015331731177866459
34678.0,0.0,0.025771109387278557
34679.0,0.0,0.4426445960998535
34680.0,0.0,0.05599655583500862
34681.0,0.0,0.0012960999738425016
34682.0,0.0,0.031205356121063232
34683.0,0.0,0.026425663381814957
34684.0,0.0,0.055439580231904984
34685.0,0.0,0.02663862146437168
34686.0,0.0,0.0013663552235811949
34687.0,0.0,0.0014693202683702111
34688.0,0.0,0.018040908500552177
34689.0,0.0,0.0030185303185135126
34690.0,0.0,0.024906201288104057
34691.0,0.0,0.014680053107440472
34692.0,0.0,0.06139259412884712
34693.0,0.0,0.024590618908405304
34694.0,0.0,0.01574668474495411
34695.0,0.0,0.02667977847158909
34696.0,0.0,0.02236247807741165
34697.0,1.0,0.017248911783099174
34698.0,0.0,0.024556316435337067
34699.0,0.0,0.056853342801332474
34700.0,0.0,0.003381241811439395
34701.0,0.0,0.02236247807741165
34702.0,0.0,0.025771109387278557
34703.0,0.0,0.01702914573252201
34704.0,0.0,0.06995824724435806
34705.0,0.0,0.015223466791212559
34706.0,0.0,0.02481570467352867
34707.0,0.0,0.024556316435337067
34708.0,0.0,0.04159116744995117
34709.0,0.0,0.025545770302414894
34710.0,0.0,0.0014513740316033363
34711.0,0.0,0.024871468544006348
34712.0,0.0,0.043538641184568405
34713.0,0.0,0.014891373924911022
34714.0,0.0,0.02323314920067787
34715.0,1.0,0.06512225419282913
34716.0,0.0,0.02536497637629509
34717.0,0.0,0.022451452910900116
34718.0,0.0,0.023887183517217636
34719.0,0.0,0.02710825391113758
34720.0,0.0,0.025245940312743187
34721.0,0.0,0.026425663381814957
34722.0,0.0,0.02544485405087471
34723.0,0.0,0.016122156754136086
34724.0,0.0,0.0014459739904850721
34725.0,0.0,0.02314114384353161
34726.0,0.0,0.05447521060705185
34727.0,0.0,0.025005033239722252
34728.0,0.0,0.025771109387278557
34729.0,0.0,0.025005033239722252
34730.0,0.0,0.023948587477207184
34731.0,0.0,0.02236247807741165
34732.0,0.0,0.018040908500552177
34733.0,0.0,0.017378058284521103
34734.0,0.0,0.00336131127551198
34735.0,0.0,0.02663862146437168
34736.0,0.0,0.0014693202683702111
34737.0,0.0,0.0246882326900959
34738.0,0.0,0.027234036475419998
34739.0,0.0,0.03837781399488449
34740.0,0.0,0.054215990006923676
34741.0,0.0,0.003296883078292012
34742.0,0.0,0.02070019766688347
34743.0,0.0,0.017734073102474213
34744.0,0.0,0.023887183517217636
34745.0,0.0,0.05708349123597145
34746.0,0.0,0.02314114384353161
34747.0,0.0,0.02663862146437168
34748.0,0.0,0.03838136047124863
34749.0,0.0,0.016766361892223358
34750.0,0.0,0.0014202744932845235
34751.0,0.0,0.020962970331311226
34752.0,0.0,0.05522727221250534
34753.0,0.0,0.0012989522656425834
34754.0,0.0,0.03299521282315254
34755.0,0.0,0.027234036475419998
34756.0,0.0,0.02358420193195343
34757.0,0.0,0.01133112795650959
34758.0,0.0,0.015556056052446365
34759.0,0.0,0.05522727221250534
34760.0,0.0,0.05607227236032486
34761.0,0.0,0.0013608243316411972
34762.0,0.0,0.015590906143188477
34763.0,0.0,0.027234036475419998
34764.0,0.0,0.02314114384353161
34765.0,0.0,0.02632135897874832
34766.0,0.0,0.0014513740316033363
34767.0,0.0,0.05607227236032486
34768.0,0.0,0.0012772607151418924
34769.0,0.0,0.011426706798374653
34770.0,0.0,0.023887183517217636
34771.0,0.0,0.014700775034725666
34772.0,0.0,0.025771109387278557
34773.0,0.0,0.01506237406283617
34774.0,0.0,0.025771109387278557
34775.0,0.0,0.011426706798374653
34776.0,0.0,0.022678134962916374
34777.0,0.0,0.02628469653427601
34778.0,0.0,0.010713044553995132
34779.0,0.0,0.01629883050918579
34780.0,0.0,0.024717602878808975
34781.0,0.0,0.015903720632195473
34782.0,0.0,0.014777462929487228
34783.0,1.0,0.996130108833313
34784.0,0.0,0.025771109387278557
34785.0,0.0,0.05607227236032486
34786.0,0.0,0.0012333538616076112
34787.0,0.0,0.04354483634233475
34788.0,0.0,0.014700775034725666
34789.0,1.0,0.02179497294127941
34790.0,0.0,0.026122327893972397
34791.0,0.0,0.023636609315872192
34792.0,0.0,0.06317165493965149
34793.0,0.0,0.025005033239722252
34794.0,0.0,0.017739813774824142
34795.0,0.0,0.024433191865682602
34796.0,0.0,0.016018515452742577
34797.0,1.0,0.0569443553686142
34798.0,0.0,0.014743927866220474
34799.0,0.0,0.024906201288104057
34800.0,0.0,0.039906181395053864
34801.0,0.0,0.021306157112121582
34802.0,0.0,0.0242068562656641
34803.0,0.0,0.4426445960998535
34804.0,0.0,0.029696887359023094
34805.0,0.0,0.026141773909330368
34806.0,0.0,0.014680053107440472
34807.0,0.0,0.027234036475419998
34808.0,0.0,0.01575755886733532
34809.0,0.0,0.014870388433337212
34810.0,0.0,0.027021421119570732
34811.0,0.0,0.011426706798374653
34812.0,0.0,0.016158010810613632
34813.0,1.0,0.4426445960998535
34814.0,0.0,0.05834890156984329
34815.0,1.0,0.026265054941177368
34816.0,0.0,0.024906201288104057
34817.0,0.0,0.025771109387278557
34818.0,0.0,0.015916068106889725
34819.0,0.0,0.024906201288104057
34820.0,0.0,0.0263888631016016
34821.0,0.0,0.015280703082680702
34822.0,0.0,0.02314114384353161
34823.0,1.0,0.025771109387278557
34824.0,0.0,0.024906201288104057
34825.0,0.0,0.0034053996205329895
34826.0,0.0,0.06301617622375488
34827.0,0.0,0.02236247807741165
34828.0,0.0,0.03194230794906616
34829.0,0.0,0.02632135897874832
34830.0,0.0,0.02314114384353161
34831.0,0.0,0.025771109387278557
34832.0,0.0,0.029278311878442764
34833.0,0.0,0.024906201288104057
34834.0,1.0,0.4100680947303772
34835.0,0.0,0.024906201288104057
34836.0,0.0,0.015697605907917023
34837.0,0.0,0.024717602878808975
34838.0,0.0,0.05554807558655739
34839.0,0.0,0.05795514956116676
34840.0,0.0,0.02236247807741165
34841.0,0.0,0.044360507279634476
34842.0,0.0,0.4370000660419464
34843.0,0.0,0.025771109387278557
34844.0,0.0,0.026301685720682144
34845.0,0.0,0.4445684850215912
34846.0,0.0,0.03858567029237747
34847.0,0.0,0.027725663036108017
34848.0,0.0,0.015968088060617447
34849.0,0.0,0.018040908500552177
34850.0,0.0,0.02854803204536438
34851.0,0.0,0.023474901914596558
34852.0,1.0,0.05066057667136192
34853.0,0.0,0.01092991791665554
34854.0,0.0,0.02314114384353161
34855.0,0.0,0.016225576400756836
34856.0,0.0,0.02481570467352867
34857.0,0.0,0.02323314920067787
34858.0,0.0,0.024717602878808975
34859.0,0.0,0.024717602878808975
34860.0,0.0,0.024590618908405304
34861.0,0.0,0.024555636569857597
34862.0,0.0,0.024088600650429726
34863.0,0.0,0.04075709730386734
34864.0,0.0,0.024906201288104057
34865.0,0.0,0.0730338916182518
34866.0,0.0,0.031205356121063232
34867.0,0.0,0.07192721217870712
34868.0,0.0,0.038782041519880295
34869.0,0.0,0.016766361892223358
34870.0,0.0,0.02236247807741165
34871.0,0.0,0.026744144037365913
34872.0,0.0,0.014891373924911022
34873.0,0.0,0.05607227236032486
34874.0,0.0,0.05237181484699249
34875.0,0.0,0.017228078097105026
34876.0,0.0,0.025245940312743187
34877.0,0.0,0.0014202744932845235
34878.0,1.0,0.4476095139980316
34879.0,0.0,0.02440434880554676
34880.0,0.0,0.0014202744932845235
34881.0,0.0,0.02465379238128662
34882.0,0.0,0.4453819990158081
34883.0,0.0,0.010575352236628532
34884.0,0.0,0.025005033239722252
34885.0,0.0,0.025771109387278557
34886.0,0.0,0.4360010325908661
34887.0,0.0,0.001396275358274579
34888.0,0.0,0.025771109387278557
34889.0,0.0,0.025651903823018074
34890.0,0.0,0.015590906143188477
34891.0,0.0,0.0012989522656425834
34892.0,0.0,0.05576154962182045
34893.0,0.0,0.05237181484699249
34894.0,0.0,0.025771109387278557
34895.0,0.0,0.015413998626172543
34896.0,0.0,0.025771109387278557
34897.0,0.0,0.016530299559235573
34898.0,0.0,0.01575755886733532
34899.0,0.0,0.024717602878808975
34900.0,0.0,0.024970166385173798
34901.0,0.0,0.025550583377480507
34902.0,0.0,0.014243694953620434
34903.0,0.0,0.014223608188331127
34904.0,0.0,0.022166267037391663
34905.0,0.0,0.024906201288104057
34906.0,0.0,0.43125638365745544
34907.0,0.0,0.014555196277797222
34908.0,0.0,0.02641528844833374
34909.0,0.0,0.027777401730418205
34910.0,0.0,0.024906201288104057
34911.0,0.0,0.01899777166545391
34912.0,0.0,0.05795514956116676
34913.0,0.0,0.02465379238128662
34914.0,0.0,0.015986574813723564
34915.0,0.0,0.01899777166545391
34916.0,0.0,0.024906201288104057
34917.0,0.0,0.025545770302414894
34918.0,0.0,0.02207839861512184
34919.0,0.0,0.0014752917923033237
34920.0,0.0,0.003705400275066495
34921.0,0.0,0.024717602878808975
34922.0,0.0,0.041103631258010864
34923.0,0.0,0.02314114384353161
34924.0,0.0,0.022331207990646362
34925.0,0.0,0.01506237406283617
34926.0,0.0,0.05628763884305954
34927.0,0.0,0.06452606618404388
34928.0,0.0,0.05638376995921135
34929.0,0.0,0.0014202744932845235
34930.0,0.0,0.025873281061649323
34931.0,0.0,0.0014572733780369163
34932.0,0.0,0.025073513388633728
34933.0,0.0,0.023568198084831238
34934.0,0.0,0.04098188504576683
34935.0,0.0,0.014891373924911022
34936.0,0.0,0.030530719086527824
34937.0,0.0,0.014743927866220474
34938.0,0.0,0.0030272032599896193
34939.0,0.0,0.05554807558655739
34940.0,0.0,0.016994355246424675
34941.0,0.0,0.05708349123597145
34942.0,0.0,0.02445853315293789
34943.0,0.0,0.0014412200544029474
34944.0,0.0,0.026141773909330368
34945.0,0.0,0.02854803204536438
34946.0,1.0,0.4739935100078583
34947.0,0.0,0.02663862146437168
34948.0,0.0,0.022685261443257332
34949.0,0.0,0.038782041519880295
34950.0,0.0,0.02653190866112709
34951.0,0.0,0.014276108704507351
34952.0,0.0,0.027001334354281425
34953.0,0.0,0.05730250105261803
34954.0,0.0,0.024717602878808975
34955.0,0.0,0.015413998626172543
34956.0,0.0,0.05616211146116257
34957.0,0.0,0.0014202744932845235
34958.0,0.0,0.4316074550151825
34959.0,0.0,0.01159562449902296
34960.0,0.0,0.0036034060176461935
34961.0,0.0,0.02532712183892727
34962.0,0.0,0.023887183517217636
34963.0,0.0,0.0014401210937649012
34964.0,0.0,0.025771109387278557
34965.0,0.0,0.01575755886733532
34966.0,0.0,0.027234036475419998
34967.0,0.0,0.02632135897874832
34968.0,0.0,0.04530836269259453
34969.0,0.0,0.4637874364852905
34970.0,0.0,0.028444690629839897
34971.0,0.0,0.038782041519880295
34972.0,0.0,0.02323314920067787
34973.0,0.0,0.026405904442071915
34974.0,0.0,0.025771109387278557
34975.0,0.0,0.02624538727104664
34976.0,0.0,0.04682797193527222
34977.0,0.0,0.024906201288104057
34978.0,0.0,0.017336970195174217
34979.0,0.0,0.02591816894710064
34980.0,0.0,0.03965608775615692
34981.0,0.0,0.016766361892223358
34982.0,0.0,0.0263888631016016
34983.0,0.0,0.027234036475419998
34984.0,0.0,0.025771109387278557
34985.0,0.0,0.025873281061649323
34986.0,0.0,0.05623804032802582
34987.0,0.0,0.001449301722459495
34988.0,1.0,0.04423268511891365
34989.0,0.0,0.024501239880919456
34990.0,0.0,0.01685047335922718
34991.0,0.0,0.023474901914596558
34992.0,0.0,0.02632135897874832
34993.0,0.0,0.016122156754136086
34994.0,0.0,0.024906201288104057
34995.0,0.0,0.05826232582330704
34996.0,0.0,0.015856554731726646
34997.0,0.0,0.43061134219169617
34998.0,0.0,0.022847406566143036
34999.0,0.0,0.001302272197790444
35000.0,0.0,0.017094489187002182
35001.0,0.0,0.025073513388633728
35002.0,0.0,0.025310751050710678
35003.0,0.0,0.024906201288104057
35004.0,0.0,0.02236247807741165
35005.0,0.0,0.018225423991680145
35006.0,0.0,0.03513512387871742
35007.0,0.0,0.014621013775467873
35008.0,0.0,0.0012720894301310182
35009.0,0.0,0.0013770321384072304
35010.0,0.0,0.025873281061649323
35011.0,0.0,0.060015689581632614
35012.0,0.0,0.02663862146437168
35013.0,0.0,0.023887183517217636
35014.0,0.0,0.06175331398844719
35015.0,0.0,0.0273841954767704
35016.0,0.0,0.04977066069841385
35017.0,0.0,0.025771109387278557
35018.0,0.0,0.025550583377480507
35019.0,0.0,0.027001334354281425
35020.0,0.0,0.010836593806743622
35021.0,0.0,0.027983561158180237
35022.0,0.0,0.025245940312743187
35023.0,0.0,0.02814936637878418
35024.0,0.0,0.010245205834507942
35025.0,0.0,0.025771109387278557
35026.0,0.0,0.02628469653427601
35027.0,0.0,0.02696739323437214
35028.0,0.0,0.05421041324734688
35029.0,0.0,0.025771109387278557
35030.0,0.0,0.039172541350126266
35031.0,0.0,0.02526475116610527
35032.0,0.0,0.0012283599935472012
35033.0,0.0,0.01740630343556404
35034.0,0.0,0.02314114384353161
35035.0,0.0,0.021657899022102356
35036.0,0.0,0.029535578563809395
35037.0,0.0,0.030054710805416107
35038.0,0.0,0.025771109387278557
35039.0,0.0,0.06498962640762329
35040.0,0.0,0.025873281061649323
35041.0,1.0,0.7927511930465698
35042.0,0.0,0.017474841326475143
35043.0,0.0,0.023705922067165375
35044.0,0.0,0.0035209818743169308
35045.0,0.0,0.0014202744932845235
35046.0,0.0,0.05515262857079506
35047.0,0.0,0.05661575868725777
35048.0,0.0,0.010113470256328583
35049.0,0.0,0.04351974278688431
35050.0,0.0,0.024717602878808975
35051.0,0.0,0.0017885572742670774
35052.0,1.0,0.0597548745572567
35053.0,0.0,0.016435613855719566
35054.0,0.0,0.015223466791212559
35055.0,0.0,0.027234036475419998
35056.0,0.0,0.02544485405087471
35057.0,0.0,0.016435613855719566
35058.0,0.0,0.03889988735318184
35059.0,0.0,0.015878908336162567
35060.0,0.0,0.025005033239722252
35061.0,0.0,0.022822577506303787
35062.0,0.0,0.0597548745572567
35063.0,0.0,0.014124889858067036
35064.0,0.0,0.023887183517217636
35065.0,0.0,0.022331207990646362
35066.0,0.0,0.017969094216823578
35067.0,1.0,0.06802869588136673
35068.0,0.0,0.01722889207303524
35069.0,0.0,0.025873281061649323
35070.0,0.0,0.02632135897874832
35071.0,0.0,0.02526475116610527
35072.0,0.0,0.025283005088567734
35073.0,0.0,0.02544485405087471
35074.0,0.0,0.026122327893972397
35075.0,0.0,0.025771109387278557
35076.0,0.0,0.024906201288104057
35077.0,0.0,0.060583945363759995
35078.0,0.0,0.057193923741579056
35079.0,0.0,0.014124889858067036
35080.0,0.0,0.025771109387278557
35081.0,0.0,0.02314114384353161
35082.0,0.0,0.02412373572587967
35083.0,0.0,0.022451452910900116
35084.0,0.0,0.0013714581727981567
35085.0,0.0,0.016661789268255234
35086.0,0.0,0.022881310433149338
35087.0,0.0,0.46434128284454346
35088.0,0.0,0.010952994227409363
35089.0,1.0,0.8432868719100952
35090.0,0.0,0.0014752917923033237
35091.0,0.0,0.0032263309694826603
35092.0,0.0,0.06512225419282913
35093.0,0.0,0.014891373924911022
35094.0,0.0,0.026141773909330368
35095.0,0.0,0.02061801590025425
35096.0,0.0,0.02236247807741165
35097.0,0.0,0.02314114384353161
35098.0,0.0,0.024906201288104057
35099.0,0.0,0.026122327893972397
35100.0,0.0,0.02236247807741165
35101.0,0.0,0.025771109387278557
35102.0,0.0,0.014243694953620434
35103.0,0.0,0.0013714581727981567
35104.0,0.0,0.039172541350126266
35105.0,0.0,0.014621013775467873
35106.0,1.0,0.33611199259757996
35107.0,0.0,0.001389697310514748
35108.0,0.0,0.0008529546903446317
35109.0,0.0,0.024871468544006348
35110.0,0.0,0.02314114384353161
35111.0,0.0,0.0014260467141866684
35112.0,1.0,0.016435613855719566
35113.0,0.0,0.024970166385173798
35114.0,0.0,0.025005033239722252
35115.0,0.0,0.025771109387278557
35116.0,0.0,0.023616880178451538
35117.0,0.0,0.014243694953620434
35118.0,0.0,0.023730525746941566
35119.0,0.0,0.0014202744932845235
35120.0,0.0,0.024555636569857597
35121.0,0.0,0.05708349123597145
35122.0,0.0,0.025771109387278557
35123.0,0.0,0.05454898998141289
35124.0,0.0,0.025282183662056923
35125.0,0.0,0.02481570467352867
35126.0,0.0,0.02236247807741165
35127.0,0.0,0.027341853827238083
35128.0,0.0,0.015107985585927963
35129.0,0.0,0.0012720894301310182
35130.0,0.0,0.031980905681848526
35131.0,0.0,0.01575755886733532
35132.0,1.0,0.4169633090496063
35133.0,0.0,0.024906201288104057
35134.0,0.0,0.024556316435337067
35135.0,0.0,0.048776742070913315
35136.0,0.0,0.03901994973421097
35137.0,0.0,0.02207839861512184
35138.0,0.0,0.016435613855719566
35139.0,0.0,0.026141773909330368
35140.0,0.0,0.033961985260248184
35141.0,0.0,0.0013517334591597319
35142.0,0.0,0.024871468544006348
35143.0,1.0,0.058541614562273026
35144.0,0.0,0.022847406566143036
35145.0,0.0,0.029696887359023094
35146.0,0.0,0.023474901914596558
35147.0,0.0,0.02426704578101635
35148.0,0.0,0.025771109387278557
35149.0,0.0,0.028110241517424583
35150.0,0.0,0.02445853315293789
35151.0,1.0,0.48584219813346863
35152.0,0.0,0.024717602878808975
35153.0,0.0,0.024906201288104057
35154.0,0.0,0.014276108704507351
35155.0,0.0,0.05935477837920189
35156.0,0.0,0.02314114384353161
35157.0,0.0,0.015878908336162567
35158.0,0.0,0.0013140484225004911
35159.0,0.0,0.026425663381814957
35160.0,0.0,0.014276108704507351
35161.0,0.0,0.01411010418087244
35162.0,0.0,0.02445853315293789
35163.0,0.0,0.025771109387278557
35164.0,0.0,0.015553967095911503
35165.0,0.0,0.0013516949256882071
35166.0,0.0,0.037497278302907944
35167.0,0.0,0.026258056983351707
35168.0,0.0,0.05628763884305954
35169.0,0.0,0.025583310052752495
35170.0,0.0,0.02663862146437168
35171.0,0.0,0.025771109387278557
35172.0,0.0,0.036484528332948685
35173.0,0.0,0.0036289540585130453
35174.0,1.0,0.06175331398844719
35175.0,0.0,0.026122327893972397
35176.0,0.0,0.025873281061649323
35177.0,0.0,0.025005033239722252
35178.0,0.0,0.0012720894301310182
35179.0,0.0,0.017266038805246353
35180.0,0.0,0.010713044553995132
35181.0,0.0,0.023721186444163322
35182.0,0.0,0.41263464093208313
35183.0,0.0,0.025873281061649323
35184.0,0.0,0.02298109605908394
35185.0,0.0,0.02481570467352867
35186.0,0.0,0.023853830993175507
35187.0,0.0,0.026141773909330368
35188.0,0.0,0.02632135897874832
35189.0,0.0,0.016994355246424675
35190.0,0.0,0.02663862146437168
35191.0,0.0,0.025771109387278557
35192.0,0.0,0.015916068106889725
35193.0,0.0,0.022847406566143036
35194.0,0.0,0.01678997464478016
35195.0,0.0,0.02624538727104664
35196.0,0.0,0.02236247807741165
35197.0,0.0,0.0142771415412426
35198.0,0.0,0.014700775034725666
35199.0,0.0,0.01575755886733532
35200.0,0.0,0.03696532920002937
35201.0,0.0,0.025550583377480507
35202.0,0.0,0.0012772607151418924
35203.0,0.0,0.025771109387278557
35204.0,0.0,0.05522727221250534
35205.0,0.0,0.016122156754136086
35206.0,0.0,0.026141773909330368
35207.0,0.0,0.04692196473479271
35208.0,1.0,0.977886438369751
35209.0,0.0,0.029535578563809395
35210.0,0.0,0.06465663015842438
35211.0,0.0,0.039844758808612823
35212.0,0.0,0.03000187687575817
35213.0,0.0,0.05902445688843727
35214.0,0.0,0.0013536671176552773
35215.0,0.0,0.024970166385173798
35216.0,0.0,0.015878908336162567
35217.0,0.0,0.03077230602502823
35218.0,0.0,0.023474901914596558
35219.0,0.0,0.023636609315872192
35220.0,0.0,0.02440434880554676
35221.0,0.0,0.0013694989029318094
35222.0,0.0,0.0014018514193594456
35223.0,0.0,0.0247694980353117
35224.0,0.0,0.02361888997256756
35225.0,0.0,0.029936516657471657
35226.0,0.0,0.03893374651670456
35227.0,0.0,0.05199820175766945
35228.0,0.0,0.038824763149023056
35229.0,0.0,0.016435613855719566
35230.0,0.0,0.02814936637878418
35231.0,0.0,0.02314114384353161
35232.0,0.0,0.025283005088567734
35233.0,0.0,0.024906201288104057
35234.0,0.0,0.02314114384353161
35235.0,0.0,0.016008522361516953
35236.0,0.0,0.014223608188331127
35237.0,0.0,0.014777462929487228
35238.0,0.0,0.01753651537001133
35239.0,0.0,0.05538422241806984
35240.0,0.0,0.024871468544006348
35241.0,0.0,0.022331207990646362
35242.0,0.0,0.03683403134346008
35243.0,0.0,0.01629883050918579
35244.0,0.0,0.0013140484225004911
35245.0,0.0,0.05831605941057205
35246.0,0.0,0.027913730591535568
35247.0,1.0,0.41840609908103943
35248.0,0.0,0.024906201288104057
35249.0,0.0,0.0012555853463709354
35250.0,0.0,0.03829755261540413
35251.0,0.0,0.02803678810596466
35252.0,0.0,0.029278311878442764
35253.0,0.0,0.05708349123597145
35254.0,0.0,0.0012283599935472012
35255.0,0.0,0.014588294550776482
35256.0,0.0,0.024717602878808975
35257.0,0.0,0.02641528844833374
35258.0,0.0,0.02663862146437168
35259.0,0.0,0.015041153877973557
35260.0,0.0,0.025229530408978462
35261.0,0.0,0.016435613855719566
35262.0,0.0,0.0014513740316033363
35263.0,0.0,0.039073653519153595
35264.0,0.0,0.03600543364882469
35265.0,0.0,0.015553967095911503
35266.0,0.0,0.025771109387278557
35267.0,0.0,0.003244467545300722
35268.0,0.0,0.02314114384353161
35269.0,0.0,0.024717602878808975
35270.0,0.0,0.025005033239722252
35271.0,0.0,0.022047515958547592
35272.0,0.0,0.0012937381397932768
35273.0,1.0,0.40344616770744324
35274.0,0.0,0.01565380021929741
35275.0,0.0,0.057245396077632904
35276.0,0.0,0.017968246713280678
35277.0,0.0,0.017184067517518997
35278.0,0.0,0.0031792735680937767
35279.0,1.0,0.0014202744932845235
35280.0,0.0,0.025771109387278557
35281.0,0.0,0.024909960106015205
35282.0,0.0,0.024906201288104057
35283.0,0.0,0.0012985700741410255
35284.0,0.0,0.027234036475419998
35285.0,0.0,0.01702914573252201
35286.0,0.0,0.024293702095746994
35287.0,0.0,0.003310996573418379
35288.0,1.0,0.016435613855719566
35289.0,0.0,0.016122156754136086
35290.0,0.0,0.039073653519153595
35291.0,0.0,0.02525683492422104
35292.0,0.0,0.06431885063648224
35293.0,0.0,0.015590906143188477
35294.0,0.0,0.02632135897874832
35295.0,0.0,0.02536497637629509
35296.0,0.0,0.014276108704507351
35297.0,1.0,0.852695107460022
35298.0,0.0,0.058941278606653214
35299.0,0.0,0.025771109387278557
35300.0,0.0,0.47445109486579895
35301.0,0.0,0.33927401900291443
35302.0,0.0,0.023922305554151535
35303.0,0.0,0.023887183517217636
35304.0,0.0,0.0244136955589056
35305.0,0.0,0.02453019469976425
35306.0,0.0,0.025771109387278557
35307.0,0.0,0.010713044553995132
35308.0,0.0,0.017969094216823578
35309.0,0.0,0.43704754114151
35310.0,0.0,0.02544485405087471
35311.0,1.0,0.3335471451282501
35312.0,1.0,0.024944746866822243
35313.0,0.0,0.001389697310514748
35314.0,0.0,0.06212304159998894
35315.0,0.0,0.05795514956116676
35316.0,0.0,0.059325143694877625
35317.0,0.0,0.025873281061649323
35318.0,0.0,0.04019296169281006
35319.0,0.0,0.05708349123597145
35320.0,0.0,0.024906201288104057
35321.0,0.0,0.02236247807741165
35322.0,0.0,0.024871468544006348
35323.0,0.0,0.039073653519153595
35324.0,0.0,0.0031837711576372385
35325.0,0.0,0.02331724390387535
35326.0,0.0,0.035130035132169724
35327.0,0.0,0.017969094216823578
35328.0,0.0,0.017969094216823578
35329.0,0.0,0.018288765102624893
35330.0,0.0,0.04192513972520828
35331.0,0.0,0.026141773909330368
35332.0,0.0,0.06222381070256233
35333.0,0.0,0.027021421119570732
35334.0,0.0,0.024871468544006348
35335.0,0.0,0.0032775981817394495
35336.0,0.0,0.040349941700696945
35337.0,0.0,0.0016125161200761795
35338.0,0.0,0.015878908336162567
35339.0,0.0,0.02544485405087471
35340.0,0.0,0.02663862146437168
35341.0,0.0,0.018468478694558144
35342.0,0.0,0.0016337033594027162
35343.0,1.0,0.024906201288104057
35344.0,0.0,0.02445853315293789
35345.0,0.0,0.014061274006962776
35346.0,0.0,0.36442863941192627
35347.0,0.0,0.017378058284521103
35348.0,0.0,0.01722889207303524
35349.0,0.0,0.016570892184972763
35350.0,0.0,0.015878908336162567
35351.0,0.0,0.016435613855719566
35352.0,0.0,0.024871468544006348
35353.0,0.0,0.025771109387278557
35354.0,0.0,0.023887183517217636
35355.0,1.0,0.05059177801012993
35356.0,0.0,0.04098188504576683
35357.0,0.0,0.0021389012690633535
35358.0,0.0,0.015938570722937584
35359.0,0.0,0.01697045937180519
35360.0,0.0,0.025771109387278557
35361.0,0.0,0.022331207990646362
35362.0,0.0,0.026122327893972397
35363.0,0.0,0.030525844544172287
35364.0,0.0,0.016122156754136086
35365.0,0.0,0.024871468544006348
35366.0,0.0,0.05826232582330704
35367.0,0.0,0.02653190866112709
35368.0,0.0,0.025771109387278557
35369.0,0.0,0.016622358933091164
35370.0,1.0,0.3513956665992737
35371.0,0.0,0.027234036475419998
35372.0,0.0,0.03752155229449272
35373.0,0.0,0.024906201288104057
35374.0,0.0,0.0012720894301310182
35375.0,0.0,0.016435613855719566
35376.0,0.0,0.060012202709913254
35377.0,0.0,0.025873281061649323
35378.0,0.0,0.023853830993175507
35379.0,0.0,0.036226965487003326
35380.0,0.0,0.05935477837920189
35381.0,0.0,0.024871468544006348
35382.0,0.0,0.016994355246424675
35383.0,0.0,0.024906201288104057
35384.0,0.0,0.02826070226728916
35385.0,0.0,0.05607227236032486
35386.0,0.0,0.02544485405087471
35387.0,0.0,0.029936516657471657
35388.0,0.0,0.022331207990646362
35389.0,0.0,0.025771109387278557
35390.0,0.0,0.026301685720682144
35391.0,0.0,0.014743927866220474
35392.0,0.0,0.017969094216823578
35393.0,1.0,0.05550582706928253
35394.0,0.0,0.025283005088567734
35395.0,0.0,0.023887183517217636
35396.0,0.0,0.02544485405087471
35397.0,1.0,0.4445684850215912
35398.0,0.0,0.02624538727104664
35399.0,0.0,0.026141773909330368
35400.0,1.0,0.4392189085483551
35401.0,0.0,0.02314114384353161
35402.0,0.0,0.05607227236032486
35403.0,0.0,0.0012283599935472012
35404.0,0.0,0.014870388433337212
35405.0,0.0,0.02481570467352867
35406.0,0.0,0.0014412200544029474
35407.0,0.0,0.05264653265476227
35408.0,0.0,0.015413998626172543
35409.0,0.0,0.025005033239722252
35410.0,0.0,0.0014412200544029474
35411.0,0.0,0.017008891329169273
35412.0,0.0,0.025771109387278557
35413.0,1.0,0.013185258023440838
35414.0,0.0,0.001447077956981957
35415.0,0.0,0.015413998626172543
35416.0,0.0,0.014094297774136066
35417.0,0.0,0.41053006052970886
35418.0,0.0,0.025771109387278557
35419.0,0.0,0.024724546819925308
35420.0,0.0,0.025771109387278557
35421.0,0.0,0.029050325974822044
35422.0,0.0,0.0015030310023576021
35423.0,0.0,0.05522727221250534
35424.0,0.0,0.0013193896738812327
35425.0,0.0,0.02236247807741165
35426.0,0.0,0.0012999485479667783
35427.0,0.0,0.025873281061649323
35428.0,0.0,0.028988348320126534
35429.0,0.0,0.42014530301094055
35430.0,0.0,0.022451452910900116
35431.0,0.0,0.06676491349935532
35432.0,0.0,0.024590618908405304
35433.0,1.0,0.9962627291679382
35434.0,0.0,0.02358420193195343
35435.0,0.0,0.36442863941192627
35436.0,0.0,0.0219366904348135
35437.0,0.0,0.015086700208485126
35438.0,0.0,0.04041016474366188
35439.0,0.0,0.02207839861512184
35440.0,0.0,0.01747695542871952
35441.0,0.0,0.3897249698638916
35442.0,1.0,0.05638376995921135
35443.0,0.0,0.02663862146437168
35444.0,1.0,0.9936758875846863
35445.0,0.0,0.42740845680236816
35446.0,0.0,0.023616880178451538
35447.0,0.0,0.025771109387278557
35448.0,0.0,0.025771109387278557
35449.0,0.0,0.014891373924911022
35450.0,0.0,0.058941278606653214
35451.0,0.0,0.02663862146437168
35452.0,0.0,0.017969094216823578
35453.0,0.0,0.023041095584630966
35454.0,0.0,0.024590618908405304
35455.0,0.0,0.02279067598283291
35456.0,0.0,0.026122327893972397
35457.0,0.0,0.32380878925323486
35458.0,0.0,0.01574668474495411
35459.0,0.0,0.0013214809587225318
35460.0,0.0,0.003296883078292012
35461.0,0.0,0.0015030310023576021
35462.0,0.0,0.033477094024419785
35463.0,0.0,0.0013608243316411972
35464.0,0.0,0.06021404266357422
35465.0,0.0,0.02264479734003544
35466.0,1.0,0.024556316435337067
35467.0,0.0,0.03513512387871742
35468.0,1.0,0.059325143694877625
35469.0,0.0,0.024906201288104057
35470.0,0.0,0.02663862146437168
35471.0,0.0,0.43501991033554077
35472.0,0.0,0.025873281061649323
35473.0,0.0,0.023887183517217636
35474.0,0.0,0.060643456876277924
35475.0,0.0,0.015223466791212559
35476.0,0.0,0.025245940312743187
35477.0,0.0,0.014891373924911022
35478.0,0.0,0.02632135897874832
35479.0,0.0,0.02207839861512184
35480.0,0.0,0.01506237406283617
35481.0,0.0,0.02481570467352867
35482.0,0.0,0.0262258630245924
35483.0,0.0,0.017969094216823578
35484.0,0.0,0.025073513388633728
35485.0,0.0,0.022331207990646362
35486.0,0.0,0.02632135897874832
35487.0,0.0,0.03710399940609932
35488.0,0.0,0.040309011936187744
35489.0,0.0,0.037499938160181046
35490.0,1.0,0.06326238811016083
35491.0,0.0,0.06162022054195404
35492.0,0.0,0.025771109387278557
35493.0,1.0,0.7667551636695862
35494.0,0.0,0.0015653333393856883
35495.0,0.0,0.011022149585187435
35496.0,0.0,0.02663862146437168
35497.0,0.0,0.026122327893972397
35498.0,0.0,0.058941278606653214
35499.0,0.0,0.024906201288104057
35500.0,0.0,0.01410497073084116
35501.0,1.0,0.44021958112716675
35502.0,0.0,0.028024164959788322
35503.0,0.0,0.037497278302907944
35504.0,0.0,0.02236247807741165
35505.0,0.0,0.01574668474495411
35506.0,0.0,0.02445853315293789
35507.0,0.0,0.015638090670108795
35508.0,0.0,0.02663862146437168
35509.0,0.0,0.015590906143188477
35510.0,0.0,0.024386044591665268
35511.0,0.0,0.027341853827238083
35512.0,0.0,0.06368388235569
35513.0,0.0,0.02632135897874832
35514.0,0.0,0.42605772614479065
35515.0,0.0,0.0014202744932845235
35516.0,0.0,0.024906201288104057
35517.0,0.0,0.024871468544006348
35518.0,0.0,0.024906201288104057
35519.0,0.0,0.024556316435337067
35520.0,0.0,0.053549423813819885
35521.0,1.0,0.9939563870429993
35522.0,0.0,0.05436822399497032
35523.0,0.0,0.02314114384353161
35524.0,0.0,0.04926452785730362
35525.0,0.0,0.025873281061649323
35526.0,0.0,0.027234036475419998
35527.0,0.0,0.0262258630245924
35528.0,0.0,0.025550583377480507
35529.0,0.0,0.023888908326625824
35530.0,0.0,0.023887183517217636
35531.0,0.0,0.025771109387278557
35532.0,0.0,0.017968246713280678
35533.0,0.0,0.024970166385173798
35534.0,0.0,0.023887183517217636
35535.0,0.0,0.04056795686483383
35536.0,0.0,0.014555196277797222
35537.0,0.0,0.025771109387278557
35538.0,0.0,0.04266770929098129
35539.0,0.0,0.0020758050959557295
35540.0,0.0,0.01678997464478016
35541.0,0.0,0.040309011936187744
35542.0,0.0,0.0626082718372345
35543.0,0.0,0.027955632656812668
35544.0,0.0,0.025005033239722252
35545.0,1.0,0.46526992321014404
35546.0,0.0,0.0012720894301310182
35547.0,0.0,0.025771109387278557
35548.0,0.0,0.0012283599935472012
35549.0,1.0,0.02061801590025425
35550.0,0.0,0.03967888653278351
35551.0,0.0,0.024433191865682602
35552.0,0.0,0.026301685720682144
35553.0,0.0,0.027021421119570732
35554.0,0.0,0.02314114384353161
35555.0,0.0,0.02544485405087471
35556.0,0.0,0.025771109387278557
35557.0,0.0,0.02323314920067787
35558.0,1.0,0.4455717206001282
35559.0,0.0,0.014743927866220474
35560.0,0.0,0.015413998626172543
35561.0,1.0,0.8499495983123779
35562.0,0.0,0.013825992122292519
35563.0,0.0,0.017378058284521103
35564.0,0.0,0.07265160977840424
35565.0,0.0,0.07039401680231094
35566.0,0.0,0.06175331398844719
35567.0,0.0,0.024590618908405304
35568.0,0.0,0.016435613855719566
35569.0,0.0,0.057245396077632904
35570.0,0.0,0.02358420193195343
35571.0,0.0,0.0016658073291182518
35572.0,0.0,0.02279067598283291
35573.0,0.0,0.02314114384353161
35574.0,0.0,0.0014401210937649012
35575.0,0.0,0.02709795907139778
35576.0,0.0,0.0246882326900959
35577.0,1.0,0.0013714581727981567
35578.0,0.0,0.07039401680231094
35579.0,0.0,0.010245205834507942
35580.0,0.0,0.055364664644002914
35581.0,0.0,0.04521561041474342
35582.0,0.0,0.02481570467352867
35583.0,0.0,0.01521681435406208
35584.0,0.0,0.026744144037365913
35585.0,0.0,0.03965608775615692
35586.0,0.0,0.035001300275325775
35587.0,0.0,0.02236247807741165
35588.0,0.0,0.02660154178738594
35589.0,0.0,0.014777462929487228
35590.0,0.0,0.35474446415901184
35591.0,0.0,0.07039401680231094
35592.0,0.0,0.0392918735742569
35593.0,0.0,0.017305202782154083
35594.0,1.0,0.3513956665992737
35595.0,0.0,0.024906201288104057
35596.0,0.0,0.8499495983123779
35597.0,0.0,0.015590906143188477
35598.0,0.0,0.02236247807741165
35599.0,0.0,0.023887183517217636
35600.0,0.0,0.05515262857079506
35601.0,0.0,0.012042178772389889
35602.0,0.0,0.0014202744932845235
35603.0,1.0,0.02481570467352867
35604.0,0.0,0.025771109387278557
35605.0,0.0,0.03752155229449272
35606.0,0.0,0.056600261479616165
35607.0,0.0,0.01445102971047163
35608.0,0.0,0.024590618908405304
35609.0,0.0,0.02314114384353161
35610.0,0.0,0.026425663381814957
35611.0,0.0,0.023853830993175507
35612.0,0.0,0.003152355784550309
35613.0,0.0,0.025593344122171402
35614.0,0.0,0.03513512387871742
35615.0,0.0,0.01722889207303524
35616.0,0.0,0.026744144037365913
35617.0,0.0,0.017115604132413864
35618.0,0.0,0.025005033239722252
35619.0,1.0,0.4392189085483551
35620.0,0.0,0.0376441553235054
35621.0,0.0,0.002159654628485441
35622.0,0.0,0.024871468544006348
35623.0,0.0,0.059325143694877625
35624.0,0.0,0.023922305554151535
35625.0,1.0,0.9775838851928711
35626.0,0.0,0.017969094216823578
35627.0,0.0,0.016766361892223358
35628.0,0.0,0.037357721477746964
35629.0,0.0,0.029535578563809395
35630.0,0.0,0.024871468544006348
35631.0,0.0,0.01618671976029873
35632.0,0.0,0.05599655583500862
35633.0,0.0,0.01587403006851673
35634.0,0.0,0.024590618908405304
35635.0,0.0,0.017381543293595314
35636.0,0.0,0.015675872564315796
35637.0,0.0,0.024906201288104057
35638.0,0.0,0.024433191865682602
35639.0,0.0,0.027234036475419998
35640.0,0.0,0.016435613855719566
35641.0,0.0,0.025771109387278557
35642.0,0.0,0.024590618908405304
35643.0,0.0,0.46232473850250244
35644.0,1.0,0.4370000660419464
35645.0,0.0,0.02358420193195343
35646.0,0.0,0.0033562947064638138
35647.0,0.0,0.0014202744932845235
35648.0,0.0,0.05787777155637741
35649.0,0.0,0.025172991678118706
35650.0,0.0,0.029936516657471657
35651.0,0.0,0.06044379249215126
35652.0,0.0,0.014743927866220474
35653.0,0.0,0.02445853315293789
35654.0,0.0,0.060643456876277924
35655.0,0.0,0.022135263308882713
35656.0,0.0,0.013825992122292519
35657.0,0.0,0.024590618908405304
35658.0,0.0,0.025771109387278557
35659.0,0.0,0.024717602878808975
35660.0,0.0,0.025771109387278557
35661.0,0.0,0.04671347141265869
35662.0,0.0,0.027001334354281425
35663.0,0.0,0.0012124227359890938
35664.0,0.0,0.05741441249847412
35665.0,0.0,0.02465379238128662
35666.0,0.0,0.018040908500552177
35667.0,0.0,0.03304668888449669
35668.0,0.0,0.01618671976029873
35669.0,0.0,0.040349941700696945
35670.0,0.0,0.024906201288104057
35671.0,0.0,0.023922305554151535
35672.0,0.0,0.025771109387278557
35673.0,0.0,0.015590906143188477
35674.0,0.0,0.027234036475419998
35675.0,0.0,0.015916068106889725
35676.0,0.0,0.027234036475419998
35677.0,0.0,0.024906201288104057
35678.0,0.0,0.02236247807741165
35679.0,0.0,0.025771109387278557
35680.0,0.0,0.058941278606653214
35681.0,0.0,0.02814936637878418
35682.0,0.0,0.4713025689125061
35683.0,0.0,0.06175331398844719
35684.0,0.0,0.015878908336162567
35685.0,0.0,0.0034056941512972116
35686.0,0.0,0.039073653519153595
35687.0,0.0,0.04127657786011696
35688.0,0.0,0.024555636569857597
35689.0,0.0,0.027341853827238083
35690.0,0.0,0.026425663381814957
35691.0,0.0,0.022685261443257332
35692.0,0.0,0.06021404266357422
35693.0,0.0,0.03624822944402695
35694.0,0.0,0.016225576400756836
35695.0,0.0,0.0013161314418539405
35696.0,0.0,0.017739813774824142
35697.0,0.0,0.02663862146437168
35698.0,0.0,0.024717602878808975
35699.0,0.0,0.01899777166545391
35700.0,0.0,0.023948587477207184
35701.0,0.0,0.0014075487852096558
35702.0,1.0,0.0015549295349046588
35703.0,0.0,0.027001334354281425
35704.0,0.0,0.016352578997612
35705.0,0.0,0.02236247807741165
35706.0,0.0,0.0017288743983954191
35707.0,0.0,0.02323314920067787
35708.0,0.0,0.0013906233943998814
35709.0,0.0,0.060462068766355515
35710.0,0.0,0.023730525746941566
35711.0,0.0,0.025771109387278557
35712.0,0.0,0.4426445960998535
35713.0,0.0,0.015246058814227581
35714.0,0.0,0.0014202744932845235
35715.0,0.0,0.0012720894301310182
35716.0,0.0,0.02532712183892727
35717.0,0.0,0.061627063900232315
35718.0,0.0,0.024590618908405304
35719.0,0.0,0.015556056052446365
35720.0,0.0,0.0012720894301310182
35721.0,0.0,0.024871468544006348
35722.0,1.0,0.03802664950489998
35723.0,0.0,0.02544485405087471
35724.0,0.0,0.016122156754136086
35725.0,0.0,0.035236213356256485
35726.0,0.0,0.023887183517217636
35727.0,0.0,0.05237181484699249
35728.0,0.0,0.027234036475419998
35729.0,0.0,0.035130035132169724
35730.0,0.0,0.015107985585927963
35731.0,0.0,0.02663862146437168
35732.0,0.0,0.016122156754136086
35733.0,0.0,0.04475943744182587
35734.0,0.0,0.06131014972925186
35735.0,0.0,0.05708349123597145
35736.0,0.0,0.025771109387278557
35737.0,0.0,0.04125974327325821
35738.0,0.0,0.01830248348414898
35739.0,0.0,0.01404144149273634
35740.0,0.0,0.02445853315293789
35741.0,0.0,0.02814936637878418
35742.0,0.0,0.015938570722937584
35743.0,0.0,0.015556056052446365
35744.0,0.0,0.016994355246424675
35745.0,0.0,0.028110241517424583
35746.0,0.0,0.02314114384353161
35747.0,0.0,0.024871468544006348
35748.0,0.0,0.05604023113846779
35749.0,0.0,0.016109652817249298
35750.0,0.0,0.05708349123597145
35751.0,0.0,0.025245940312743187
35752.0,1.0,0.9227044582366943
35753.0,0.0,0.025073513388633728
35754.0,0.0,0.021167993545532227
35755.0,0.0,0.025245940312743187
35756.0,0.0,0.025771109387278557
35757.0,0.0,0.04380951076745987
35758.0,0.0,0.025873281061649323
35759.0,0.0,0.019839948043227196
35760.0,0.0,0.015590906143188477
35761.0,1.0,0.4185042083263397
35762.0,0.0,0.02445853315293789
35763.0,0.0,0.0013770321384072304
35764.0,0.0,0.016661789268255234
35765.0,0.0,0.025771109387278557
35766.0,0.0,0.0246882326900959
35767.0,0.0,0.025005033239722252
35768.0,0.0,0.016435613855719566
35769.0,0.0,0.015556056052446365
35770.0,0.0,0.01712784171104431
35771.0,0.0,0.01521681435406208
35772.0,0.0,0.0012283599935472012
35773.0,1.0,0.596596896648407
35774.0,0.0,0.024501239880919456
35775.0,0.0,0.0014877234352752566
35776.0,0.0,0.0013536671176552773
35777.0,0.0,0.026301685720682144
35778.0,0.0,0.026744144037365913
35779.0,0.0,0.024717602878808975
35780.0,0.0,0.025771109387278557
35781.0,0.0,0.4316074550151825
35782.0,0.0,0.029936516657471657
35783.0,1.0,0.027234036475419998
35784.0,0.0,0.022847406566143036
35785.0,0.0,0.024556316435337067
35786.0,0.0,0.003244467545300722
35787.0,0.0,0.014297300949692726
35788.0,0.0,0.019073618575930595
35789.0,0.0,0.013356479816138744
35790.0,0.0,0.7998012900352478
35791.0,0.0,0.02814936637878418
35792.0,0.0,0.025771109387278557
35793.0,0.0,0.027189290151000023
35794.0,0.0,0.024717602878808975
35795.0,0.0,0.025771109387278557
35796.0,0.0,0.010245205834507942
35797.0,0.0,0.014743927866220474
35798.0,0.0,0.02632135897874832
35799.0,0.0,0.023474901914596558
35800.0,0.0,0.003680066205561161
35801.0,0.0,0.0262258630245924
35802.0,0.0,0.024223828688263893
35803.0,0.0,0.0018661250360310078
35804.0,0.0,0.025771109387278557
35805.0,0.0,0.0014412200544029474
35806.0,0.0,0.015938570722937584
35807.0,0.0,0.023636609315872192
35808.0,0.0,0.01899777166545391
35809.0,0.0,0.0014693202683702111
35810.0,0.0,0.03624822944402695
35811.0,0.0,0.025545770302414894
35812.0,0.0,0.014678625389933586
35813.0,1.0,0.6092022061347961
35814.0,0.0,0.05632227659225464
35815.0,0.0,0.06139259412884712
35816.0,0.0,0.016225576400756836
35817.0,0.0,0.0472479946911335
35818.0,0.0,0.05264653265476227
35819.0,0.0,0.05795514956116676
35820.0,0.0,0.014621013775467873
35821.0,0.0,0.010713044553995132
35822.0,0.0,0.015878908336162567
35823.0,0.0,0.025771109387278557
35824.0,0.0,0.06747815757989883
35825.0,0.0,0.03761137276887894
35826.0,0.0,0.0019138067727908492
35827.0,0.0,0.0015108594670891762
35828.0,0.0,0.022331207990646362
35829.0,0.0,0.0031837711576372385
35830.0,0.0,0.02314114384353161
35831.0,0.0,0.016122156754136086
35832.0,0.0,0.05886192247271538
35833.0,0.0,0.05834890156984329
35834.0,0.0,0.02632135897874832
35835.0,0.0,0.025005033239722252
35836.0,0.0,0.01704694889485836
35837.0,0.0,0.025771109387278557
35838.0,0.0,0.0014401210937649012
35839.0,0.0,0.020928069949150085
35840.0,0.0,0.03224973380565643
35841.0,0.0,0.04475943744182587
35842.0,0.0,0.03705824166536331
35843.0,0.0,0.024906201288104057
35844.0,0.0,0.06731072813272476
35845.0,0.0,0.017997104674577713
35846.0,0.0,0.06113040819764137
35847.0,0.0,0.02591816894710064
35848.0,0.0,0.001298092189244926
35849.0,0.0,0.0719693973660469
35850.0,0.0,0.023433061316609383
35851.0,0.0,0.024590618908405304
35852.0,0.0,0.01729780063033104
35853.0,0.0,0.022847406566143036
35854.0,0.0,0.027234036475419998
35855.0,0.0,0.01678997464478016
35856.0,0.0,0.02632135897874832
35857.0,0.0,0.02663862146437168
35858.0,0.0,0.037583593279123306
35859.0,0.0,0.06639550626277924
35860.0,0.0,0.02532712183892727
35861.0,0.0,0.025771109387278557
35862.0,0.0,0.025310751050710678
35863.0,0.0,0.0014018514193594456
35864.0,0.0,0.025545770302414894
35865.0,0.0,0.0629376545548439
35866.0,0.0,0.033700261265039444
35867.0,0.0,0.01506237406283617
35868.0,0.0,0.025043737143278122
35869.0,0.0,0.0013608243316411972
35870.0,0.0,0.7116140723228455
35871.0,0.0,0.018225423991680145
35872.0,0.0,0.024970166385173798
35873.0,0.0,0.06549248099327087
35874.0,0.0,0.05522727221250534
35875.0,0.0,0.02710825391113758
35876.0,0.0,0.04475943744182587
35877.0,0.0,0.023853830993175507
35878.0,0.0,0.027234036475419998
35879.0,0.0,0.015878908336162567
35880.0,0.0,0.017969094216823578
35881.0,0.0,0.003296883078292012
35882.0,1.0,0.4037907123565674
35883.0,0.0,0.014743927866220474
35884.0,0.0,0.039073653519153595
35885.0,1.0,0.8454277515411377
35886.0,0.0,0.13166376948356628
35887.0,0.0,0.024871468544006348
35888.0,0.0,0.022451452910900116
35889.0,0.0,0.02797490544617176
35890.0,0.0,0.024231432005763054
35891.0,0.0,0.024906201288104057
35892.0,0.0,0.02532712183892727
35893.0,0.0,0.024717602878808975
35894.0,0.0,0.01575755886733532
35895.0,0.0,0.028621075674891472
35896.0,0.0,0.02314114384353161
35897.0,0.0,0.024590618908405304
35898.0,0.0,0.0263888631016016
35899.0,0.0,0.06344211101531982
35900.0,0.0,0.03833239525556564
35901.0,0.0,0.024871468544006348
35902.0,0.0,0.05685824900865555
35903.0,0.0,0.06536383181810379
35904.0,1.0,0.9571015238761902
35905.0,0.0,0.024017333984375
35906.0,0.0,0.02663862146437168
35907.0,0.0,0.02481570467352867
35908.0,0.0,0.017378058284521103
35909.0,0.0,0.017969094216823578
35910.0,0.0,0.025771109387278557
35911.0,0.0,0.025873281061649323
35912.0,0.0,0.025771109387278557
35913.0,0.0,0.017969094216823578
35914.0,0.0,0.030163714662194252
35915.0,0.0,0.02632135897874832
35916.0,0.0,0.026141773909330368
35917.0,0.0,0.43026041984558105
35918.0,0.0,0.01629883050918579
35919.0,0.0,0.01632116362452507
35920.0,0.0,0.024871468544006348
35921.0,0.0,0.05795514956116676
35922.0,1.0,0.9788480997085571
35923.0,0.0,0.0014513740316033363
35924.0,0.0,0.4907330572605133
35925.0,0.0,0.017969094216823578
35926.0,0.0,0.0029790604021400213
35927.0,0.0,0.027234036475419998
35928.0,0.0,0.02814936637878418
35929.0,1.0,0.4392189085483551
35930.0,0.0,0.05795514956116676
35931.0,0.0,0.010559353046119213
35932.0,0.0,0.027021421119570732
35933.0,0.0,0.014655030332505703
35934.0,0.0,0.024501239880919456
35935.0,0.0,0.015878908336162567
35936.0,0.0,0.05638376995921135
35937.0,0.0,0.0016903855139389634
35938.0,0.0,0.025771109387278557
35939.0,0.0,0.017968246713280678
35940.0,0.0,0.024717602878808975
35941.0,0.0,0.0014078195672482252
35942.0,0.0,0.0015612490242347121
35943.0,0.0,0.024970166385173798
35944.0,0.0,0.019268490374088287
35945.0,0.0,0.026122327893972397
35946.0,0.0,0.0015030310023576021
35947.0,0.0,0.02440434880554676
35948.0,0.0,0.015223466791212559
35949.0,0.0,0.02632135897874832
35950.0,0.0,0.4392189085483551
35951.0,0.0,0.02207839861512184
35952.0,0.0,0.02314114384353161
35953.0,0.0,0.0016272624488919973
35954.0,0.0,0.024906201288104057
35955.0,0.0,0.02632135897874832
35956.0,0.0,0.025771109387278557
35957.0,0.0,0.024717602878808975
35958.0,0.0,0.02526475116610527
35959.0,0.0,0.028332654386758804
35960.0,1.0,0.4476095139980316
35961.0,0.0,0.025873281061649323
35962.0,0.0,0.0413430780172348
35963.0,0.0,0.01722889207303524
35964.0,0.0,0.025771109387278557
35965.0,0.0,0.02569483406841755
35966.0,0.0,0.016994355246424675
35967.0,0.0,0.025771109387278557
35968.0,0.0,0.02236247807741165
35969.0,0.0,0.02663862146437168
35970.0,0.0,0.05812613666057587
35971.0,0.0,0.016225576400756836
35972.0,0.0,0.03115367330610752
35973.0,0.0,0.0013694989029318094
35974.0,0.0,0.023887183517217636
35975.0,0.0,0.025873281061649323
35976.0,0.0,0.018215972930192947
35977.0,0.0,0.05932007357478142
35978.0,0.0,0.0041736215353012085
35979.0,0.0,0.014243694953620434
35980.0,0.0,0.05547303706407547
35981.0,1.0,0.026744144037365913
35982.0,0.0,0.024871468544006348
35983.0,0.0,0.0014401210937649012
35984.0,0.0,0.016661789268255234
35985.0,0.0,0.0246882326900959
35986.0,0.0,0.017969094216823578
35987.0,0.0,0.022331207990646362
35988.0,0.0,0.025771109387278557
35989.0,0.0,0.01840336248278618
35990.0,0.0,0.02481570467352867
35991.0,0.0,0.05774777755141258
35992.0,0.0,0.016853002831339836
35993.0,0.0,0.06175331398844719
35994.0,0.0,0.0012124227359890938
35995.0,0.0,0.02606891840696335
35996.0,0.0,0.05530938133597374
35997.0,0.0,0.4392189085483551
35998.0,0.0,0.0015415605157613754
35999.0,0.0,0.0034105125814676285
36000.0,0.0,0.015590906143188477
36001.0,1.0,0.02236247807741165
36002.0,0.0,0.02481570467352867
36003.0,0.0,0.025771109387278557
36004.0,0.0,0.0012333538616076112
36005.0,0.0,0.024871468544006348
36006.0,0.0,0.016766361892223358
36007.0,0.0,0.024590618908405304
36008.0,0.0,0.02814936637878418
36009.0,1.0,0.025550583377480507
36010.0,0.0,0.039073653519153595
36011.0,0.0,0.02632135897874832
36012.0,0.0,0.02465379238128662
36013.0,1.0,0.02854803204536438
36014.0,0.0,0.025771109387278557
36015.0,0.0,0.024906201288104057
36016.0,0.0,0.025771109387278557
36017.0,0.0,0.025245940312743187
36018.0,1.0,0.05834890156984329
36019.0,0.0,0.023887183517217636
36020.0,1.0,0.027234036475419998
36021.0,0.0,0.01781233586370945
36022.0,0.0,0.0014459739904850721
36023.0,0.0,0.025005033239722252
36024.0,0.0,0.01575755886733532
36025.0,0.0,0.0014202744932845235
36026.0,1.0,0.4342096447944641
36027.0,1.0,0.9930623173713684
36028.0,0.0,0.05708349123597145
36029.0,0.0,0.02445853315293789
36030.0,0.0,0.058760810643434525
36031.0,0.0,0.015765992924571037
36032.0,0.0,0.02236247807741165
36033.0,0.0,0.029535578563809395
36034.0,0.0,0.023636609315872192
36035.0,0.0,0.01678997464478016
36036.0,0.0,0.0014260467141866684
36037.0,0.0,0.01704694889485836
36038.0,0.0,0.02632135897874832
36039.0,0.0,0.02544485405087471
36040.0,0.0,0.05708349123597145
36041.0,0.0,0.016122156754136086
36042.0,0.0,0.017969094216823578
36043.0,0.0,0.027234036475419998
36044.0,0.0,0.02663862146437168
36045.0,0.0,0.06344211101531982
36046.0,1.0,0.4445684850215912
36047.0,0.0,0.03873663395643234
36048.0,0.0,0.024906201288104057
36049.0,0.0,0.023887183517217636
36050.0,0.0,0.025771109387278557
36051.0,0.0,0.05937730893492699
36052.0,0.0,0.025771109387278557
36053.0,0.0,0.02797490544617176
36054.0,0.0,0.43501991033554077
36055.0,0.0,0.02323314920067787
36056.0,0.0,0.030525844544172287
36057.0,0.0,0.016225576400756836
36058.0,0.0,0.024017333984375
36059.0,0.0,0.018215972930192947
36060.0,0.0,0.025550583377480507
36061.0,0.0,0.027234036475419998
36062.0,0.0,0.015878908336162567
36063.0,0.0,0.01947602443397045
36064.0,0.0,0.016994355246424675
36065.0,0.0,0.014891373924911022
36066.0,0.0,0.02236247807741165
36067.0,0.0,0.05525912344455719
36068.0,0.0,0.0008083566790446639
36069.0,0.0,0.015413998626172543
36070.0,0.0,0.024871468544006348
36071.0,0.0,0.014992437325417995
36072.0,0.0,0.013825992122292519
36073.0,0.0,0.003524543484672904
36074.0,0.0,0.03297267109155655
36075.0,0.0,0.025771109387278557
36076.0,0.0,0.002861025044694543
36077.0,0.0,0.025771109387278557
36078.0,0.0,0.32667824625968933
36079.0,0.0,0.017969094216823578
36080.0,0.0,0.0038557846564799547
36081.0,0.0,0.02314114384353161
36082.0,0.0,0.05616211146116257
36083.0,0.0,0.02314114384353161
36084.0,0.0,0.003504489315673709
36085.0,0.0,0.03301834315061569
36086.0,0.0,0.02381543442606926
36087.0,0.0,0.03967888653278351
36088.0,0.0,0.025771109387278557
36089.0,0.0,0.04056795686483383
36090.0,0.0,0.02314114384353161
36091.0,0.0,0.46572646498680115
36092.0,0.0,0.02398207224905491
36093.0,0.0,0.0014572733780369163
36094.0,0.0,0.023636609315872192
36095.0,0.0,0.016097549349069595
36096.0,0.0,0.024590618908405304
36097.0,0.0,0.0629376545548439
36098.0,0.0,0.015979811549186707
36099.0,0.0,0.02803678810596466
36100.0,0.0,0.016994355246424675
36101.0,1.0,0.4338580071926117
36102.0,0.0,0.05708349123597145
36103.0,0.0,0.0014693202683702111
36104.0,0.0,0.022847406566143036
36105.0,0.0,0.024906201288104057
36106.0,1.0,0.05812613666057587
36107.0,0.0,0.023677917197346687
36108.0,0.0,0.056614238768815994
36109.0,0.0,0.016225576400756836
36110.0,0.0,0.0013486293610185385
36111.0,0.0,0.025873281061649323
36112.0,0.0,0.025005033239722252
36113.0,0.0,0.025005033239722252
36114.0,0.0,0.023677917197346687
36115.0,0.0,0.33927401900291443
36116.0,0.0,0.04174934700131416
36117.0,0.0,0.024590618908405304
36118.0,0.0,0.039073653519153595
36119.0,0.0,0.017969094216823578
36120.0,0.0,0.025283005088567734
36121.0,0.0,0.025545770302414894
36122.0,0.0,0.06512225419282913
36123.0,0.0,0.06344211101531982
36124.0,0.0,0.05812613666057587
36125.0,0.0,0.014243694953620434
36126.0,0.0,0.024717602878808975
36127.0,0.0,0.04260427877306938
36128.0,0.0,0.036167774349451065
36129.0,0.0,0.0014260467141866684
36130.0,0.0,0.003296883078292012
36131.0,0.0,0.02314114384353161
36132.0,0.0,0.014276108704507351
36133.0,0.0,0.04041016474366188
36134.0,0.0,0.01618671976029873
36135.0,0.0,0.019073618575930595
36136.0,0.0,0.03882172331213951
36137.0,0.0,0.02314114384353161
36138.0,0.0,0.45423975586891174
36139.0,0.0,0.017739813774824142
36140.0,0.0,0.016435613855719566
36141.0,0.0,0.025771109387278557
36142.0,0.0,0.024871468544006348
36143.0,0.0,0.060643456876277924
36144.0,0.0,0.01823294162750244
36145.0,0.0,0.05983950197696686
36146.0,0.0,0.02521074190735817
36147.0,0.0,0.014870388433337212
36148.0,0.0,0.02632135897874832
36149.0,0.0,0.01899777166545391
36150.0,1.0,0.4546341001987457
36151.0,0.0,0.05338648334145546
36152.0,0.0,0.017739813774824142
36153.0,0.0,0.023888908326625824
36154.0,0.0,0.44021958112716675
36155.0,0.0,0.02632135897874832
36156.0,0.0,0.015916068106889725
36157.0,0.0,0.02588205225765705
36158.0,0.0,0.024556316435337067
36159.0,0.0,0.06204981729388237
36160.0,0.0,0.016435613855719566
36161.0,0.0,0.016435613855719566
36162.0,0.0,0.0015030310023576021
36163.0,0.0,0.02440434880554676
36164.0,0.0,0.025771109387278557
36165.0,0.0,0.026122327893972397
36166.0,0.0,0.05530938133597374
36167.0,0.0,0.017969094216823578
36168.0,0.0,0.0014115228550508618
36169.0,0.0,0.02323314920067787
36170.0,1.0,0.030525844544172287
36171.0,0.0,0.025873281061649323
36172.0,0.0,0.017969094216823578
36173.0,0.0,0.025005033239722252
36174.0,0.0,0.024717602878808975
36175.0,0.0,0.02440434880554676
36176.0,0.0,0.016435613855719566
36177.0,0.0,0.022847406566143036
36178.0,0.0,0.43026041984558105
36179.0,0.0,0.025550583377480507
36180.0,0.0,0.025771109387278557
36181.0,0.0,0.01722889207303524
36182.0,0.0,0.014243694953620434
36183.0,0.0,0.01618671976029873
36184.0,0.0,0.02544485405087471
36185.0,0.0,0.024717602878808975
36186.0,0.0,0.016109652817249298
36187.0,0.0,0.0014202744932845235
36188.0,0.0,0.024717602878808975
36189.0,0.0,0.017969094216823578
36190.0,0.0,0.02314114384353161
36191.0,0.0,0.05983950197696686
36192.0,0.0,0.0262258630245924
36193.0,0.0,0.02544485405087471
36194.0,0.0,0.024906201288104057
36195.0,0.0,0.02663862146437168
36196.0,1.0,0.4316074550151825
36197.0,1.0,0.43501991033554077
36198.0,0.0,0.010836593806743622
36199.0,0.0,0.0013714581727981567
36200.0,0.0,0.02358420193195343
36201.0,0.0,0.0472479946911335
36202.0,0.0,0.0014202744932845235
36203.0,1.0,0.43061134219169617
36204.0,0.0,0.04041016474366188
36205.0,0.0,0.02381543442606926
36206.0,0.0,0.02663862146437168
36207.0,0.0,0.024944746866822243
36208.0,0.0,0.014777462929487228
36209.0,0.0,0.016994355246424675
36210.0,0.0,0.0013140484225004911
36211.0,0.0,0.4546341001987457
36212.0,0.0,0.027234036475419998
36213.0,0.0,0.029021726921200752
36214.0,0.0,0.02632135897874832
36215.0,1.0,0.4090858995914459
36216.0,0.0,0.02481570467352867
36217.0,0.0,0.0012970002135261893
36218.0,1.0,0.43402186036109924
36219.0,0.0,0.05786614865064621
36220.0,0.0,0.02628469653427601
36221.0,0.0,0.016661789268255234
36222.0,0.0,0.061627063900232315
36223.0,0.0,0.025771109387278557
36224.0,0.0,0.02314114384353161
36225.0,1.0,0.7918403744697571
36226.0,0.0,0.02207839861512184
36227.0,0.0,0.025771109387278557
36228.0,0.0,0.010245205834507942
36229.0,0.0,0.017693044617772102
36230.0,0.0,0.015675872564315796
36231.0,0.0,0.02544485405087471
36232.0,0.0,0.41323480010032654
36233.0,0.0,0.024590618908405304
36234.0,0.0,0.02323314920067787
36235.0,0.0,0.016435613855719566
36236.0,0.0,0.016435613855719566
36237.0,0.0,0.0270602498203516
36238.0,0.0,0.025545770302414894
36239.0,0.0,0.041240986436605453
36240.0,0.0,0.011426706798374653
36241.0,0.0,0.024906201288104057
36242.0,0.0,0.0014202744932845235
36243.0,0.0,0.02632135897874832
36244.0,0.0,0.06021404266357422
36245.0,0.0,0.026122327893972397
36246.0,0.0,0.05826232582330704
36247.0,0.0,0.015046621672809124
36248.0,0.0,0.06689666211605072
36249.0,0.0,0.027234036475419998
36250.0,1.0,0.4205121099948883
36251.0,0.0,0.035488683730363846
36252.0,0.0,0.017969094216823578
36253.0,0.0,0.045421186834573746
36254.0,0.0,0.010245205834507942
36255.0,0.0,0.02398207224905491
36256.0,0.0,0.025771109387278557
36257.0,0.0,0.02826070226728916
36258.0,0.0,0.0012772607151418924
36259.0,0.0,0.015938570722937584
36260.0,0.0,0.0013536671176552773
36261.0,0.0,0.06368388235569
36262.0,0.0,0.024501239880919456
36263.0,0.0,0.027234036475419998
36264.0,0.0,0.0037858926225453615
36265.0,0.0,0.015986574813723564
36266.0,0.0,0.34169960021972656
36267.0,0.0,0.02632135897874832
36268.0,0.0,0.04354483634233475
36269.0,0.0,0.025005033239722252
36270.0,0.0,0.025873281061649323
36271.0,0.0,0.024906201288104057
36272.0,0.0,0.014777462929487228
36273.0,0.0,0.037215910851955414
36274.0,0.0,0.05935477837920189
36275.0,1.0,0.017739813774824142
36276.0,0.0,0.017115140333771706
36277.0,0.0,0.01899777166545391
36278.0,0.0,0.023636609315872192
36279.0,0.0,0.026122327893972397
36280.0,0.0,0.024906201288104057
36281.0,0.0,0.016435613855719566
36282.0,0.0,0.018040908500552177
36283.0,0.0,0.018215972930192947
36284.0,0.0,0.015041153877973557
36285.0,0.0,0.0013591691385954618
36286.0,0.0,0.02355126105248928
36287.0,0.0,0.015938570722937584
36288.0,0.0,0.042051516473293304
36289.0,0.0,0.02236247807741165
36290.0,0.0,0.01729780063033104
36291.0,0.0,0.024906201288104057
36292.0,0.0,0.025227047502994537
36293.0,0.0,0.05645400658249855
36294.0,0.0,0.02814936637878418
36295.0,0.0,0.02628469653427601
36296.0,0.0,0.017115604132413864
36297.0,0.0,0.024906201288104057
36298.0,0.0,0.06689666211605072
36299.0,0.0,0.06474325805902481
36300.0,0.0,0.02521074190735817
36301.0,0.0,0.02660154178738594
36302.0,1.0,0.4037907123565674
36303.0,0.0,0.0013140484225004911
36304.0,0.0,0.030260220170021057
36305.0,0.0,0.0033562947064638138
36306.0,0.0,0.02481570467352867
36307.0,0.0,0.016435613855719566
36308.0,0.0,0.06113040819764137
36309.0,0.0,0.0385444350540638
36310.0,0.0,0.02591816894710064
36311.0,0.0,0.027234036475419998
36312.0,0.0,0.02314114384353161
36313.0,0.0,0.02826070226728916
36314.0,1.0,0.4616709053516388
36315.0,0.0,0.017336970195174217
36316.0,0.0,0.06100006029009819
36317.0,0.0,0.017969094216823578
36318.0,0.0,0.027234036475419998
36319.0,0.0,0.023474901914596558
36320.0,0.0,0.016994355246424675
36321.0,0.0,0.02602090686559677
36322.0,0.0,0.025771109387278557
36323.0,0.0,0.025073513388633728
36324.0,0.0,0.014061274006962776
36325.0,0.0,0.4476095139980316
36326.0,0.0,0.018421942368149757
36327.0,0.0,0.03299130126833916
36328.0,0.0,0.02814936637878418
36329.0,0.0,0.06344211101531982
36330.0,0.0,0.009799270890653133
36331.0,0.0,0.013825992122292519
36332.0,0.0,0.02445853315293789
36333.0,0.0,0.02481570467352867
36334.0,0.0,0.025771109387278557
36335.0,0.0,0.01886281929910183
36336.0,0.0,0.0015091396635398269
36337.0,0.0,0.010245205834507942
36338.0,0.0,0.04041016474366188
36339.0,0.0,0.0013714581727981567
36340.0,0.0,0.06131014972925186
36341.0,0.0,0.015046621672809124
36342.0,0.0,0.015107985585927963
36343.0,0.0,0.027341853827238083
36344.0,0.0,0.027234036475419998
36345.0,0.0,0.0014693202683702111
36346.0,0.0,0.02507074922323227
36347.0,0.0,0.05522727221250534
36348.0,0.0,0.025771109387278557
36349.0,0.0,0.0031458595767617226
36350.0,0.0,0.010575352236628532
36351.0,0.0,0.024590618908405304
36352.0,0.0,0.024906201288104057
36353.0,0.0,0.015007514506578445
36354.0,0.0,0.026122327893972397
36355.0,0.0,0.02323314920067787
36356.0,0.0,0.024906201288104057
36357.0,0.0,0.0015985387144610286
36358.0,0.0,0.022420059889554977
36359.0,0.0,0.018330127000808716
36360.0,0.0,0.0166352316737175
36361.0,0.0,0.015223466791212559
36362.0,0.0,0.024906201288104057
36363.0,0.0,0.025771109387278557
36364.0,0.0,0.062166977673769
36365.0,0.0,0.016109652817249298
36366.0,0.0,0.025545770302414894
36367.0,0.0,0.025873281061649323
36368.0,0.0,0.02389991655945778
36369.0,0.0,0.06413302570581436
36370.0,0.0,0.017378058284521103
36371.0,0.0,0.026425663381814957
36372.0,0.0,0.061627063900232315
36373.0,1.0,0.02526475116610527
36374.0,0.0,0.02544485405087471
36375.0,0.0,0.013356479816138744
36376.0,0.0,0.0013486293610185385
36377.0,0.0,0.02663862146437168
36378.0,0.0,0.01629883050918579
36379.0,0.0,0.06139259412884712
36380.0,0.0,0.02355126105248928
36381.0,0.0,0.0013714581727981567
36382.0,0.0,0.027234036475419998
36383.0,0.0,0.017739813774824142
36384.0,0.0,0.025005033239722252
36385.0,0.0,0.4316074550151825
36386.0,0.0,0.4436468780040741
36387.0,0.0,0.026301685720682144
36388.0,0.0,0.4694879651069641
36389.0,0.0,0.014243694953620434
36390.0,0.0,0.01587403006851673
36391.0,0.0,0.014621013775467873
36392.0,0.0,0.061627063900232315
36393.0,0.0,0.03556228429079056
36394.0,0.0,0.025771109387278557
36395.0,0.0,0.02544485405087471
36396.0,0.0,0.025873281061649323
36397.0,0.0,0.035611413419246674
36398.0,0.0,0.024970166385173798
36399.0,0.0,0.024556316435337067
36400.0,0.0,0.02663862146437168
36401.0,0.0,0.025771109387278557
36402.0,0.0,0.05436822399497032
36403.0,0.0,0.026301685720682144
36404.0,0.0,0.025771109387278557
36405.0,1.0,0.852695107460022
36406.0,0.0,0.025642139837145805
36407.0,0.0,0.01506237406283617
36408.0,0.0,0.02481570467352867
36409.0,0.0,0.0013140484225004911
36410.0,0.0,0.023922305554151535
36411.0,0.0,0.017336970195174217
36412.0,0.0,0.025642139837145805
36413.0,0.0,0.025073513388633728
36414.0,0.0,0.017969094216823578
36415.0,0.0,0.0014513740316033363
36416.0,0.0,0.001447077956981957
36417.0,0.0,0.02236247807741165
36418.0,0.0,0.028332654386758804
36419.0,0.0,0.015856554731726646
36420.0,0.0,0.024717602878808975
36421.0,0.0,0.027234036475419998
36422.0,0.0,0.02653190866112709
36423.0,0.0,0.02544485405087471
36424.0,0.0,0.022847406566143036
36425.0,0.0,0.02608109824359417
36426.0,0.0,0.01442502997815609
36427.0,0.0,0.017115140333771706
36428.0,0.0,0.05638376995921135
36429.0,0.0,0.038809921592473984
36430.0,0.0,0.016122156754136086
36431.0,0.0,0.016661789268255234
36432.0,0.0,0.016435613855719566
36433.0,0.0,0.024871468544006348
36434.0,0.0,0.0014260467141866684
36435.0,0.0,0.04354483634233475
36436.0,0.0,0.027341853827238083
36437.0,0.0,0.02314114384353161
36438.0,0.0,0.02440434880554676
36439.0,0.0,0.026425663381814957
36440.0,0.0,0.023887183517217636
36441.0,0.0,0.009604624472558498
36442.0,0.0,0.07756143063306808
36443.0,0.0,0.015202022157609463
36444.0,1.0,0.9935177564620972
36445.0,0.0,0.02236247807741165
36446.0,0.0,0.026141773909330368
36447.0,0.0,0.015590906143188477
36448.0,0.0,0.027234036475419998
36449.0,0.0,0.023922305554151535
36450.0,0.0,0.0246882326900959
36451.0,0.0,0.05522727221250534
36452.0,0.0,0.05983950197696686
36453.0,0.0,0.016122156754136086
36454.0,0.0,0.017115140333771706
36455.0,0.0,0.027234036475419998
36456.0,0.0,0.023887183517217636
36457.0,0.0,0.017008891329169273
36458.0,0.0,0.003426274750381708
36459.0,0.0,0.023433061316609383
36460.0,0.0,0.016122156754136086
36461.0,0.0,0.03889988735318184
36462.0,0.0,0.030163714662194252
36463.0,0.0,0.013825992122292519
36464.0,0.0,0.022938264533877373
36465.0,0.0,0.024906201288104057
36466.0,0.0,0.025545770302414894
36467.0,0.0,0.0015612490242347121
36468.0,0.0,0.01574668474495411
36469.0,0.0,0.025771109387278557
36470.0,0.0,0.022743655368685722
36471.0,0.0,0.012085461057722569
36472.0,0.0,0.014680053107440472
36473.0,0.0,0.028332654386758804
36474.0,0.0,0.040309011936187744
36475.0,0.0,0.025771109387278557
36476.0,0.0,0.0628923699259758
36477.0,0.0,0.017969094216823578
36478.0,0.0,0.03458906710147858
36479.0,0.0,0.025550583377480507
36480.0,1.0,0.06574150919914246
36481.0,0.0,0.025771109387278557
36482.0,0.0,0.02854803204536438
36483.0,0.0,0.017228078097105026
36484.0,0.0,0.025771109387278557
36485.0,0.0,0.027234036475419998
36486.0,0.0,0.001604478806257248
36487.0,0.0,0.05264653265476227
36488.0,0.0,0.024906201288104057
36489.0,0.0,0.026237044483423233
36490.0,0.0,0.024906201288104057
36491.0,0.0,0.02061801590025425
36492.0,0.0,0.41751599311828613
36493.0,0.0,0.025771109387278557
36494.0,0.0,0.06006842106580734
36495.0,0.0,0.02641528844833374
36496.0,0.0,0.02660154178738594
36497.0,0.0,0.027234036475419998
36498.0,0.0,0.02314114384353161
36499.0,0.0,0.025771109387278557
36500.0,0.0,0.02814936637878418
36501.0,0.0,0.02826070226728916
36502.0,0.0,0.0630248486995697
36503.0,0.0,0.05889163166284561
36504.0,0.0,0.03549336642026901
36505.0,0.0,0.02445853315293789
36506.0,0.0,0.05708349123597145
36507.0,1.0,0.42605772614479065
36508.0,0.0,0.027341853827238083
36509.0,0.0,0.04174934700131416
36510.0,0.0,0.025771109387278557
36511.0,0.0,0.06317763030529022
36512.0,0.0,0.05656439810991287
36513.0,0.0,0.01722889207303524
36514.0,0.0,0.015979811549186707
36515.0,0.0,0.015413998626172543
36516.0,0.0,0.035082001239061356
36517.0,0.0,0.01899777166545391
36518.0,0.0,0.026744144037365913
36519.0,0.0,0.02314114384353161
36520.0,0.0,0.0862482488155365
36521.0,0.0,0.035320766270160675
36522.0,0.0,0.040349941700696945
36523.0,0.0,0.024717602878808975
36524.0,0.0,0.023697391152381897
36525.0,0.0,0.025771109387278557
36526.0,0.0,0.027008822187781334
36527.0,1.0,0.016109652817249298
36528.0,1.0,0.996130108833313
36529.0,0.0,0.016435613855719566
36530.0,1.0,0.04019296169281006
36531.0,0.0,0.011426706798374653
36532.0,0.0,0.024906201288104057
36533.0,0.0,0.015590906143188477
36534.0,0.0,0.00146260648034513
36535.0,0.0,0.0015134642599150538
36536.0,0.0,0.02358420193195343
36537.0,0.0,0.011593515053391457
36538.0,0.0,0.023094264790415764
36539.0,0.0,0.026258056983351707
36540.0,0.0,0.05137036740779877
36541.0,0.0,0.02314114384353161
36542.0,0.0,0.02663862146437168
36543.0,0.0,0.01574668474495411
36544.0,0.0,0.0015030310023576021
36545.0,0.0,0.016109652817249298
36546.0,0.0,0.015675872564315796
36547.0,0.0,0.015116751194000244
36548.0,0.0,0.36442863941192627
36549.0,0.0,0.01965523324906826
36550.0,0.0,0.025771109387278557
36551.0,0.0,0.024501239880919456
36552.0,0.0,0.05702126398682594
36553.0,0.0,0.027341853827238083
36554.0,0.0,0.016777299344539642
36555.0,0.0,0.0015478249406442046
36556.0,0.0,0.010333484970033169
36557.0,0.0,0.0014970481861382723
36558.0,0.0,0.016109652817249298
36559.0,1.0,0.819143533706665
36560.0,0.0,0.025771109387278557
36561.0,0.0,0.022397181019186974
36562.0,0.0,0.03304668888449669
36563.0,0.0,0.05844329297542572
36564.0,0.0,0.024590618908405304
36565.0,0.0,0.038169533014297485
36566.0,0.0,0.02445853315293789
36567.0,0.0,0.014891373924911022
36568.0,0.0,0.024717602878808975
36569.0,0.0,0.025771109387278557
36570.0,0.0,0.030525844544172287
36571.0,0.0,0.017969094216823578
36572.0,0.0,0.03901994973421097
36573.0,0.0,0.025771109387278557
36574.0,0.0,0.026425663381814957
36575.0,0.0,0.023420259356498718
36576.0,0.0,0.023922305554151535
36577.0,0.0,0.023616880178451538
36578.0,0.0,0.024906201288104057
36579.0,1.0,0.3513956665992737
36580.0,0.0,0.0013694989029318094
36581.0,0.0,0.015246058814227581
36582.0,0.0,0.02606891840696335
36583.0,0.0,0.023887183517217636
36584.0,0.0,0.07060457766056061
36585.0,0.0,0.024906201288104057
36586.0,0.0,0.028148459270596504
36587.0,0.0,0.027021421119570732
36588.0,0.0,0.025873281061649323
36589.0,0.0,0.015202022157609463
36590.0,0.0,0.025771109387278557
36591.0,1.0,0.9765933752059937
36592.0,0.0,0.01678997464478016
36593.0,0.0,0.02632135897874832
36594.0,0.0,0.026141773909330368
36595.0,0.0,0.02412227913737297
36596.0,0.0,0.015675872564315796
36597.0,0.0,0.046211566776037216
36598.0,0.0,0.031205356121063232
36599.0,0.0,0.06498962640762329
36600.0,1.0,0.058853525668382645
36601.0,0.0,0.024871468544006348
36602.0,1.0,0.017336970195174217
36603.0,0.0,0.02236247807741165
36604.0,0.0,0.026744144037365913
36605.0,0.0,0.01849212497472763
36606.0,0.0,0.024871468544006348
36607.0,0.0,0.027234036475419998
36608.0,0.0,0.017378058284521103
36609.0,0.0,0.039906181395053864
36610.0,0.0,0.01562632992863655
36611.0,0.0,0.015878908336162567
36612.0,0.0,0.0031331481877714396
36613.0,0.0,0.023887183517217636
36614.0,0.0,0.022331207990646362
36615.0,0.0,0.024906201288104057
36616.0,0.0,0.42113515734672546
36617.0,0.0,0.0641307607293129
36618.0,0.0,0.023853830993175507
36619.0,0.0,0.02663702517747879
36620.0,0.0,0.44021958112716675
36621.0,0.0,0.022847406566143036
36622.0,0.0,0.025873281061649323
36623.0,0.0,0.01678997464478016
36624.0,0.0,0.045390501618385315
36625.0,0.0,0.018040908500552177
36626.0,0.0,0.017969094216823578
36627.0,0.0,0.014240319840610027
36628.0,1.0,0.8210725784301758
36629.0,0.0,0.0013121713418513536
36630.0,0.0,0.023887183517217636
36631.0,0.0,0.024302981793880463
36632.0,0.0,0.010880522429943085
36633.0,0.0,0.024590618908405304
36634.0,0.0,0.4492799937725067
36635.0,0.0,0.026744144037365913
36636.0,0.0,0.02641528844833374
36637.0,0.0,0.02526475116610527
36638.0,0.0,0.02632135897874832
36639.0,0.0,0.024944746866822243
36640.0,0.0,0.45423975586891174
36641.0,0.0,0.023721186444163322
36642.0,0.0,0.024871468544006348
36643.0,0.0,0.055847398936748505
36644.0,0.0,0.01629883050918579
36645.0,0.0,0.014276108704507351
36646.0,0.0,0.025873281061649323
36647.0,0.0,0.026425663381814957
36648.0,0.0,0.0014202744932845235
36649.0,0.0,0.06131014972925186
36650.0,0.0,0.027341853827238083
36651.0,1.0,0.0631110668182373
36652.0,0.0,0.01678997464478016
36653.0,0.0,0.02995872125029564
36654.0,0.0,0.02314114384353161
36655.0,0.0,0.014243694953620434
36656.0,0.0,0.02814936637878418
36657.0,0.0,0.017336970195174217
36658.0,0.0,0.015878908336162567
36659.0,0.0,0.05730250105261803
36660.0,0.0,0.026301685720682144
36661.0,0.0,0.02323314920067787
36662.0,0.0,0.039906181395053864
36663.0,0.0,0.04755372554063797
36664.0,0.0,0.026122327893972397
36665.0,0.0,0.025873281061649323
36666.0,0.0,0.0013694989029318094
36667.0,0.0,0.02814936637878418
36668.0,0.0,0.07240736484527588
36669.0,0.0,0.016994355246424675
36670.0,1.0,0.4287012219429016
36671.0,0.0,0.02628469653427601
36672.0,0.0,0.017969094216823578
36673.0,0.0,0.017336970195174217
36674.0,0.0,0.024590618908405304
36675.0,0.0,0.43704754114151
36676.0,0.0,0.01133112795650959
36677.0,0.0,0.05916696786880493
36678.0,0.0,0.004089130088686943
36679.0,0.0,0.02445853315293789
36680.0,0.0,0.001449301722459495
36681.0,0.0,0.001509379711933434
36682.0,0.0,0.0014202744932845235
36683.0,0.0,0.0262258630245924
36684.0,0.0,0.024717602878808975
36685.0,0.0,0.02526475116610527
36686.0,0.0,0.02663862146437168
36687.0,0.0,0.01707693375647068
36688.0,0.0,0.014211892150342464
36689.0,0.0,0.0013608243316411972
36690.0,1.0,0.45416268706321716
36691.0,0.0,0.04125974327325821
36692.0,0.0,0.025005033239722252
36693.0,0.0,0.05085628107190132
36694.0,0.0,0.037344515323638916
36695.0,0.0,0.01678997464478016
36696.0,0.0,0.062166977673769
36697.0,0.0,0.025771109387278557
36698.0,0.0,0.025771109387278557
36699.0,0.0,0.0012283599935472012
36700.0,0.0,0.025913292542099953
36701.0,0.0,0.016777299344539642
36702.0,0.0,0.03744565322995186
36703.0,0.0,0.02323314920067787
36704.0,0.0,0.04041016474366188
36705.0,0.0,0.037497278302907944
36706.0,0.0,0.02663862146437168
36707.0,0.0,0.01729780063033104
36708.0,0.0,0.04191213846206665
36709.0,0.0,0.015878908336162567
36710.0,0.0,0.027069956064224243
36711.0,0.0,0.018421942368149757
36712.0,0.0,0.43061134219169617
36713.0,0.0,0.02445853315293789
36714.0,0.0,0.02207839861512184
36715.0,0.0,0.025227047502994537
36716.0,0.0,0.01678997464478016
36717.0,1.0,0.02663862146437168
36718.0,0.0,0.027234036475419998
36719.0,0.0,0.06469675898551941
36720.0,0.0,0.024906201288104057
36721.0,0.0,0.02660154178738594
36722.0,0.0,0.05522727221250534
36723.0,0.0,0.01915276236832142
36724.0,0.0,0.04019296169281006
36725.0,0.0,0.016766361892223358
36726.0,0.0,0.038312822580337524
36727.0,1.0,0.06021404266357422
36728.0,0.0,0.017008891329169273
36729.0,0.0,0.010575352236628532
36730.0,0.0,0.024717602878808975
36731.0,0.0,0.016435613855719566
36732.0,0.0,0.025005033239722252
36733.0,0.0,0.02663702517747879
36734.0,0.0,0.003504489315673709
36735.0,0.0,0.02445853315293789
36736.0,0.0,0.014297300949692726
36737.0,0.0,0.02440434880554676
36738.0,0.0,0.016994355246424675
36739.0,0.0,0.017378058284521103
36740.0,0.0,0.0036289540585130453
36741.0,0.0,0.05826232582330704
36742.0,0.0,0.025810956954956055
36743.0,0.0,0.026141773909330368
36744.0,0.0,0.02314114384353161
36745.0,0.0,0.024871468544006348
36746.0,0.0,0.024871468544006348
36747.0,1.0,0.42740845680236816
36748.0,0.0,0.01718216948211193
36749.0,0.0,0.015878908336162567
36750.0,0.0,0.015119008719921112
36751.0,0.0,0.0014260467141866684
36752.0,0.0,0.027234036475419998
36753.0,0.0,0.05454898998141289
36754.0,0.0,0.05607227236032486
36755.0,1.0,0.4442150890827179
36756.0,0.0,0.03752155229449272
36757.0,0.0,0.0015549295349046588
36758.0,0.0,0.017969094216823578
36759.0,0.0,0.017277296632528305
36760.0,0.0,0.01722889207303524
36761.0,0.0,0.04788393899798393
36762.0,0.0,0.018199829384684563
36763.0,0.0,0.023922305554151535
36764.0,0.0,0.015938570722937584
36765.0,0.0,0.0012720894301310182
36766.0,0.0,0.05708349123597145
36767.0,0.0,0.010952994227409363
36768.0,1.0,0.9956631064414978
36769.0,0.0,0.02653190866112709
36770.0,0.0,0.015413998626172543
36771.0,0.0,0.024871468544006348
36772.0,1.0,0.02544485405087471
36773.0,0.0,0.06958933919668198
36774.0,0.0,0.06344211101531982
36775.0,0.0,0.0014018514193594456
36776.0,0.0,0.027234036475419998
36777.0,0.0,0.0013714581727981567
36778.0,0.0,0.024555636569857597
36779.0,0.0,0.014223608188331127
36780.0,0.0,0.025771109387278557
36781.0,0.0,0.016777299344539642
36782.0,0.0,0.027234036475419998
36783.0,1.0,0.025771109387278557
36784.0,0.0,0.029652222990989685
36785.0,0.0,0.014743927866220474
36786.0,0.0,0.023612098768353462
36787.0,0.0,0.05645400658249855
36788.0,0.0,0.040349941700696945
36789.0,0.0,0.0014898506924510002
36790.0,0.0,0.0013770321384072304
36791.0,0.0,0.02504478208720684
36792.0,0.0,0.06131014972925186
36793.0,0.0,0.02536497637629509
36794.0,0.0,0.024906201288104057
36795.0,1.0,0.4632141888141632
36796.0,0.0,0.011279945261776447
36797.0,0.0,0.017969094216823578
36798.0,0.0,0.024556316435337067
36799.0,0.0,0.025005033239722252
36800.0,0.0,0.024906201288104057
36801.0,0.0,0.045539699494838715
36802.0,1.0,0.4270581603050232
36803.0,0.0,0.023636609315872192
36804.0,1.0,0.040349941700696945
36805.0,0.0,0.025771109387278557
36806.0,0.0,0.0013770321384072304
36807.0,0.0,0.025873281061649323
36808.0,0.0,0.023887183517217636
36809.0,0.0,0.024871468544006348
36810.0,0.0,0.017968246713280678
36811.0,0.0,0.016435613855719566
36812.0,0.0,0.02323314920067787
36813.0,0.0,0.06375277787446976
36814.0,0.0,0.010268616490066051
36815.0,1.0,0.016122156754136086
36816.0,0.0,0.016225576400756836
36817.0,0.0,0.025073513388633728
36818.0,0.0,0.024717602878808975
36819.0,0.0,0.05708349123597145
36820.0,0.0,0.025245940312743187
36821.0,0.0,0.024906201288104057
36822.0,0.0,0.01629883050918579
36823.0,0.0,0.05522727221250534
36824.0,0.0,0.027341853827238083
36825.0,0.0,0.014743927866220474
36826.0,0.0,0.02663862146437168
36827.0,0.0,0.01899777166545391
36828.0,1.0,0.42740845680236816
36829.0,0.0,0.030651167035102844
36830.0,0.0,0.016225576400756836
36831.0,0.0,0.4167942404747009
36832.0,0.0,0.017020871862769127
36833.0,0.0,0.025771109387278557
36834.0,0.0,0.025873281061649323
36835.0,0.0,0.023433061316609383
36836.0,0.0,0.025873281061649323
36837.0,0.0,0.025873281061649323
36838.0,0.0,0.01685047335922718
36839.0,0.0,0.02481570467352867
36840.0,0.0,0.025873281061649323
36841.0,0.0,0.010245205834507942
36842.0,0.0,0.06054213270545006
36843.0,0.0,0.029092803597450256
36844.0,0.0,0.0015091396635398269
36845.0,0.0,0.024906201288104057
36846.0,0.0,0.01661013439297676
36847.0,0.0,0.010952994227409363
36848.0,0.0,0.01629883050918579
36849.0,0.0,0.025005033239722252
36850.0,0.0,0.0032673964742571115
36851.0,0.0,0.023636609315872192
36852.0,0.0,0.025771109387278557
36853.0,0.0,0.01899777166545391
36854.0,0.0,0.01685047335922718
36855.0,0.0,0.0013694989029318094
36856.0,0.0,0.05444533750414848
36857.0,0.0,0.02236247807741165
36858.0,0.0,0.023922305554151535
36859.0,0.0,0.02236247807741165
36860.0,0.0,0.016435613855719566
36861.0,0.0,0.0013714581727981567
36862.0,0.0,0.024717602878808975
36863.0,0.0,0.015556056052446365
36864.0,0.0,0.038782041519880295
36865.0,0.0,0.03516509383916855
36866.0,0.0,0.02814936637878418
36867.0,0.0,0.03932803496718407
36868.0,0.0,0.05697529390454292
36869.0,0.0,0.029163094237446785
36870.0,0.0,0.018489625304937363
36871.0,0.0,0.02544485405087471
36872.0,0.0,0.016766361892223358
36873.0,0.0,0.014743927866220474
36874.0,0.0,0.02314114384353161
36875.0,0.0,0.025771109387278557
36876.0,0.0,0.0014502613339573145
36877.0,0.0,0.017008891329169273
36878.0,0.0,0.02398207224905491
36879.0,0.0,0.017969094216823578
36880.0,0.0,0.04041016474366188
36881.0,0.0,0.02544485405087471
36882.0,0.0,0.05764511972665787
36883.0,0.0,0.022331207990646362
36884.0,0.0,0.0014202744932845235
36885.0,0.0,0.014743927866220474
36886.0,0.0,0.011000842787325382
36887.0,1.0,0.7896791696548462
36888.0,0.0,0.022847406566143036
36889.0,0.0,0.016270712018013
36890.0,0.0,0.015878908336162567
36891.0,0.0,0.03973935544490814
36892.0,0.0,0.04155724495649338
36893.0,0.0,0.06349930912256241
36894.0,0.0,0.025810956954956055
36895.0,0.0,0.025771109387278557
36896.0,0.0,0.02358420193195343
36897.0,0.0,0.015413998626172543
36898.0,0.0,0.01575755886733532
36899.0,0.0,0.05515262857079506
36900.0,0.0,0.029535578563809395
36901.0,0.0,0.03683403134346008
36902.0,0.0,0.023887183517217636
36903.0,0.0,0.025771109387278557
36904.0,0.0,0.025771109387278557
36905.0,0.0,0.023922305554151535
36906.0,1.0,0.44021958112716675
36907.0,0.0,0.02544485405087471
36908.0,0.0,0.0013714581727981567
36909.0,0.0,0.022331207990646362
36910.0,0.0,0.4452180862426758
36911.0,0.0,0.022420059889554977
36912.0,0.0,0.02559009939432144
36913.0,0.0,0.02445853315293789
36914.0,0.0,0.026425663381814957
36915.0,0.0,0.026122327893972397
36916.0,1.0,0.04354483634233475
36917.0,0.0,0.025873281061649323
36918.0,0.0,0.0014566865283995867
36919.0,0.0,0.011426706798374653
36920.0,0.0,0.026122327893972397
36921.0,0.0,0.027341853827238083
36922.0,0.0,0.023730525746941566
36923.0,0.0,0.025771109387278557
36924.0,0.0,0.03858567029237747
36925.0,0.0,0.0033274877350777388
36926.0,0.0,0.06139259412884712
36927.0,0.0,0.02660154178738594
36928.0,0.0,0.02419760823249817
36929.0,0.0,0.025771109387278557
36930.0,0.0,0.025771109387278557
36931.0,0.0,0.019502442330121994
36932.0,0.0,0.025005033239722252
36933.0,0.0,0.03865246847271919
36934.0,0.0,0.019134728237986565
36935.0,0.0,0.015413998626172543
36936.0,0.0,0.017969094216823578
36937.0,0.0,0.02314114384353161
36938.0,0.0,0.0015030310023576021
36939.0,1.0,0.932064950466156
36940.0,0.0,0.027234036475419998
36941.0,0.0,0.02314114384353161
36942.0,0.0,0.0013714581727981567
36943.0,0.0,0.0013033684808760881
36944.0,0.0,0.07559992372989655
36945.0,1.0,0.026706915348768234
36946.0,0.0,0.44324666261672974
36947.0,0.0,0.05730250105261803
36948.0,0.0,0.01722889207303524
36949.0,0.0,0.014555196277797222
36950.0,0.0,0.03444520756602287
36951.0,0.0,0.0014202744932845235
36952.0,0.0,0.02632135897874832
36953.0,0.0,0.061627063900232315
36954.0,0.0,0.035130035132169724
36955.0,0.0,0.0020240943413227797
36956.0,0.0,0.0015549295349046588
36957.0,0.0,0.017968246713280678
36958.0,0.0,0.024717602878808975
36959.0,0.0,0.023887183517217636
36960.0,0.0,0.024906201288104057
36961.0,0.0,0.02323314920067787
36962.0,1.0,0.4510480761528015
36963.0,0.0,0.02405555360019207
36964.0,0.0,0.027913730591535568
36965.0,0.0,0.02398207224905491
36966.0,0.0,0.027234036475419998
36967.0,0.0,0.01678481325507164
36968.0,0.0,0.015574609860777855
36969.0,0.0,0.024906201288104057
36970.0,0.0,0.014061274006962776
36971.0,0.0,0.0012124227359890938
36972.0,0.0,0.02663862146437168
36973.0,0.0,0.06428132206201553
36974.0,0.0,0.025514967739582062
36975.0,0.0,0.02323314920067787
36976.0,0.0,0.0013486293610185385
36977.0,0.0,0.02632135897874832
36978.0,1.0,0.4287012219429016
36979.0,0.0,0.06021404266357422
36980.0,0.0,0.017969094216823578
36981.0,0.0,0.010713044553995132
36982.0,0.0,0.024906201288104057
36983.0,0.0,0.05730250105261803
36984.0,0.0,0.014891373924911022
36985.0,0.0,0.024590618908405304
36986.0,0.0,0.4532330334186554
36987.0,0.0,0.06124592944979668
36988.0,0.0,0.0014202744932845235
36989.0,0.0,0.025771109387278557
36990.0,0.0,0.015856554731726646
36991.0,0.0,0.0013140484225004911
36992.0,0.0,0.017969094216823578
36993.0,0.0,0.0015030310023576021
36994.0,0.0,0.024906201288104057
36995.0,0.0,0.0015030310023576021
36996.0,0.0,0.02440434880554676
36997.0,0.0,0.026265054941177368
36998.0,0.0,0.02445853315293789
36999.0,0.0,0.016435613855719566
37000.0,0.0,0.015413998626172543
37001.0,0.0,0.024970166385173798
37002.0,1.0,0.4287012219429016
37003.0,0.0,0.027234036475419998
37004.0,0.0,0.0033694691956043243
37005.0,0.0,0.026786578819155693
37006.0,0.0,0.01678997464478016
37007.0,0.0,0.02314114384353161
37008.0,0.0,0.02641528844833374
37009.0,0.0,0.024871468544006348
37010.0,0.0,0.036484528332948685
37011.0,0.0,0.010713044553995132
37012.0,0.0,0.05907125025987625
37013.0,0.0,0.02632135897874832
37014.0,0.0,0.015280703082680702
37015.0,0.0,0.02526475116610527
37016.0,0.0,0.02544485405087471
37017.0,0.0,0.015413998626172543
37018.0,0.0,0.024556316435337067
37019.0,0.0,0.025771109387278557
37020.0,0.0,0.017336970195174217
37021.0,0.0,0.01899777166545391
37022.0,0.0,0.023636609315872192
37023.0,0.0,0.024555636569857597
37024.0,0.0,0.016435613855719566
37025.0,0.0,0.024970166385173798
37026.0,0.0,0.0014202744932845235
37027.0,0.0,0.024906201288104057
37028.0,0.0,0.01704694889485836
37029.0,0.0,0.024906201288104057
37030.0,1.0,0.44826000928878784
37031.0,0.0,0.038059405982494354
37032.0,0.0,0.03343838080763817
37033.0,0.0,0.05708349123597145
37034.0,0.0,0.02381543442606926
37035.0,0.0,0.06722301989793777
37036.0,0.0,0.013337628915905952
37037.0,0.0,0.058220189064741135
37038.0,0.0,0.017378058284521103
37039.0,0.0,0.02381543442606926
37040.0,0.0,0.01678997464478016
37041.0,0.0,0.024906201288104057
37042.0,0.0,0.0017189393984153867
37043.0,0.0,0.03951442614197731
37044.0,0.0,0.015878908336162567
37045.0,0.0,0.0013536671176552773
37046.0,0.0,0.024717602878808975
37047.0,0.0,0.02236247807741165
37048.0,0.0,0.019073618575930595
37049.0,0.0,0.017008891329169273
37050.0,0.0,0.0014513740316033363
37051.0,0.0,0.017378058284521103
37052.0,0.0,0.0022975497413426638
37053.0,0.0,0.015223466791212559
37054.0,0.0,0.014588294550776482
37055.0,0.0,0.0014018514193594456
37056.0,0.0,0.02641528844833374
37057.0,1.0,0.9936758875846863
37058.0,0.0,0.016435613855719566
37059.0,0.0,0.016661789268255234
37060.0,0.0,0.025771109387278557
37061.0,1.0,0.024871468544006348
37062.0,0.0,0.01678997464478016
37063.0,0.0,0.028187638148665428
37064.0,0.0,0.02632135897874832
37065.0,0.0,0.025771109387278557
37066.0,0.0,0.025980269536376
37067.0,0.0,0.025514967739582062
37068.0,0.0,0.02314114384353161
37069.0,0.0,0.015916068106889725
37070.0,0.0,0.00115264393389225
37071.0,0.0,0.040483132004737854
37072.0,0.0,0.02236247807741165
37073.0,0.0,0.010441720485687256
37074.0,0.0,0.02632135897874832
37075.0,0.0,0.016435613855719566
37076.0,0.0,0.017969094216823578
37077.0,0.0,0.02697308547794819
37078.0,0.0,0.05795514956116676
37079.0,0.0,0.015986574813723564
37080.0,1.0,0.4392189085483551
37081.0,0.0,0.022420059889554977
37082.0,1.0,0.001263095997273922
37083.0,0.0,0.022685261443257332
37084.0,0.0,0.015878908336162567
37085.0,0.0,0.4392189085483551
37086.0,0.0,0.02381543442606926
37087.0,0.0,0.023721186444163322
37088.0,0.0,0.03774482011795044
37089.0,0.0,0.015878908336162567
37090.0,0.0,0.4392189085483551
37091.0,0.0,0.4739935100078583
37092.0,0.0,0.0013141449308022857
37093.0,0.0,0.026146462187170982
37094.0,0.0,0.014743927866220474
37095.0,0.0,0.02632135897874832
37096.0,0.0,0.027234036475419998
37097.0,1.0,0.969031810760498
37098.0,0.0,0.025583310052752495
37099.0,0.0,0.027234036475419998
37100.0,0.0,0.025771109387278557
37101.0,0.0,0.003328826045617461
37102.0,0.0,0.024906201288104057
37103.0,0.0,0.02323314920067787
37104.0,0.0,0.016225576400756836
37105.0,0.0,0.039906181395053864
37106.0,0.0,0.02361888997256756
37107.0,0.0,0.0013916846364736557
37108.0,0.0,0.025771109387278557
37109.0,0.0,0.018040908500552177
37110.0,1.0,0.3990669250488281
37111.0,0.0,0.02314114384353161
37112.0,0.0,0.02419760823249817
37113.0,0.0,0.01899777166545391
37114.0,0.0,0.0013121713418513536
37115.0,0.0,0.02445853315293789
37116.0,0.0,0.017478905618190765
37117.0,0.0,0.016121400520205498
37118.0,0.0,0.025005033239722252
37119.0,0.0,0.02236247807741165
37120.0,0.0,0.02481570467352867
37121.0,1.0,0.024906201288104057
37122.0,0.0,0.0014202744932845235
37123.0,0.0,0.4392189085483551
37124.0,0.0,0.017378058284521103
37125.0,0.0,0.02371274307370186
37126.0,0.0,0.003244467545300722
37127.0,0.0,0.08264349400997162
37128.0,0.0,0.0013714581727981567
37129.0,0.0,0.0014202744932845235
37130.0,0.0,0.02314114384353161
37131.0,1.0,0.45195722579956055
37132.0,0.0,0.029652222990989685
37133.0,0.0,0.050926804542541504
37134.0,1.0,0.9689841270446777
37135.0,0.0,0.023922305554151535
37136.0,0.0,0.011426706798374653
37137.0,0.0,0.0013315248070284724
37138.0,1.0,0.027234036475419998
37139.0,0.0,0.02663862146437168
37140.0,0.0,0.024717602878808975
37141.0,1.0,0.057193923741579056
37142.0,0.0,0.02236247807741165
37143.0,0.0,0.04173881560564041
37144.0,0.0,0.026425663381814957
37145.0,0.0,0.024717602878808975
37146.0,0.0,0.016293639317154884
37147.0,1.0,0.02306404523551464
37148.0,0.0,0.025550583377480507
37149.0,0.0,0.0014260467141866684
37150.0,0.0,0.02526475116610527
37151.0,0.0,0.018542252480983734
37152.0,0.0,0.018040908500552177
37153.0,0.0,0.015413998626172543
37154.0,0.0,0.014588294550776482
37155.0,0.0,0.06021404266357422
37156.0,0.0,0.015413998626172543
37157.0,0.0,0.05514055863022804
37158.0,0.0,0.016435613855719566
37159.0,0.0,0.02323314920067787
37160.0,1.0,0.4037907123565674
37161.0,0.0,0.02314114384353161
37162.0,0.0,0.0029669080395251513
37163.0,0.0,0.44021958112716675
37164.0,0.0,0.03889988735318184
37165.0,0.0,0.025771109387278557
37166.0,0.0,0.02628469653427601
37167.0,0.0,0.014297300949692726
37168.0,0.0,0.4392189085483551
37169.0,0.0,0.036068566143512726
37170.0,0.0,0.02465379238128662
37171.0,0.0,0.024501239880919456
37172.0,0.0,0.026744144037365913
37173.0,0.0,0.05522727221250534
37174.0,0.0,0.02526475116610527
37175.0,0.0,0.04283391684293747
37176.0,0.0,0.04081787168979645
37177.0,1.0,0.34842145442962646
37178.0,0.0,0.024556316435337067
37179.0,0.0,0.012085461057722569
37180.0,0.0,0.024906201288104057
37181.0,0.0,0.04354483634233475
37182.0,0.0,0.061544325202703476
37183.0,1.0,0.026706915348768234
37184.0,0.0,0.025810956954956055
37185.0,0.0,0.05814175680279732
37186.0,0.0,0.027234036475419998
37187.0,0.0,0.028923334553837776
37188.0,0.0,0.037267234176397324
37189.0,0.0,0.02207839861512184
37190.0,0.0,0.025771109387278557
37191.0,0.0,0.0014018514193594456
37192.0,0.0,0.025873281061649323
37193.0,0.0,0.024590618908405304
37194.0,0.0,0.010713044553995132
37195.0,0.0,0.03873663395643234
37196.0,1.0,0.04158467799425125
37197.0,0.0,0.025545770302414894
37198.0,0.0,0.03626136854290962
37199.0,0.0,0.015223466791212559
37200.0,0.0,0.0015996036818251014
37201.0,0.0,0.015319108963012695
37202.0,0.0,0.016435613855719566
37203.0,0.0,0.05441904067993164
37204.0,0.0,0.0014202744932845235
37205.0,0.0,0.025005033239722252
37206.0,0.0,0.01729780063033104
37207.0,0.0,0.026301685720682144
37208.0,0.0,0.025545770302414894
37209.0,0.0,0.02608109824359417
37210.0,0.0,0.025005033239722252
37211.0,1.0,0.05892462655901909
37212.0,0.0,0.024717602878808975
37213.0,0.0,0.03876886144280434
37214.0,0.0,0.018215972930192947
37215.0,0.0,0.02814936637878418
37216.0,0.0,0.02314114384353161
37217.0,0.0,0.035130035132169724
37218.0,0.0,0.01678997464478016
37219.0,1.0,0.4392189085483551
37220.0,0.0,0.01899777166545391
37221.0,0.0,0.0014202744932845235
37222.0,0.0,0.024906201288104057
37223.0,0.0,0.027234036475419998
37224.0,0.0,0.015590906143188477
37225.0,0.0,0.025771109387278557
37226.0,0.0,0.022331207990646362
37227.0,0.0,0.015223466791212559
37228.0,0.0,0.015223466791212559
37229.0,0.0,0.0015030310023576021
37230.0,0.0,0.024906201288104057
37231.0,0.0,0.04174934700131416
37232.0,0.0,0.0014401210937649012
37233.0,0.0,0.0013714581727981567
37234.0,0.0,0.0636674016714096
37235.0,0.0,0.025873281061649323
37236.0,0.0,0.027341853827238083
37237.0,0.0,0.024717602878808975
37238.0,0.0,0.01635638438165188
37239.0,0.0,0.02273487113416195
37240.0,0.0,0.024906201288104057
37241.0,0.0,0.025005033239722252
37242.0,0.0,0.017768170684576035
37243.0,0.0,0.0597548745572567
37244.0,0.0,0.4532330334186554
37245.0,0.0,0.02481570467352867
37246.0,0.0,0.003526357701048255
37247.0,0.0,0.00131948699709028
37248.0,0.0,0.02360360138118267
37249.0,0.0,0.023636609315872192
37250.0,0.0,0.017969094216823578
37251.0,0.0,0.024906201288104057
37252.0,0.0,0.0013770321384072304
37253.0,0.0,0.02544485405087471
37254.0,0.0,0.01722889207303524
37255.0,0.0,0.023636609315872192
37256.0,0.0,0.060643456876277924
37257.0,0.0,0.44283321499824524
37258.0,0.0,0.023887183517217636
37259.0,0.0,0.0273841954767704
37260.0,0.0,0.025771109387278557
37261.0,0.0,0.027234036475419998
37262.0,0.0,0.015116751194000244
37263.0,0.0,0.015246058814227581
37264.0,0.0,0.04525960609316826
37265.0,0.0,0.05522727221250534
37266.0,0.0,0.015916068106889725
37267.0,0.0,0.025771109387278557
37268.0,0.0,0.01507534645497799
37269.0,0.0,0.001449301722459495
37270.0,1.0,0.023636609315872192
37271.0,0.0,0.0597548745572567
37272.0,0.0,0.04011544585227966
37273.0,0.0,0.017968246713280678
37274.0,0.0,0.06777822971343994
37275.0,0.0,0.014243694953620434
37276.0,0.0,0.02628469653427601
37277.0,0.0,0.026913220062851906
37278.0,0.0,0.014777462929487228
37279.0,0.0,0.02314114384353161
37280.0,1.0,0.43061134219169617
37281.0,0.0,0.0012772607151418924
37282.0,0.0,0.024906201288104057
37283.0,0.0,0.024871468544006348
37284.0,0.0,0.0008444725535809994
37285.0,0.0,0.015223466791212559
37286.0,0.0,0.025810956954956055
37287.0,0.0,0.05279656499624252
37288.0,0.0,0.022451452910900116
37289.0,0.0,0.01678997464478016
37290.0,0.0,0.015878908336162567
37291.0,0.0,0.02314114384353161
37292.0,0.0,0.04139940068125725
37293.0,0.0,0.025771109387278557
37294.0,0.0,0.016811653971672058
37295.0,0.0,0.022420059889554977
37296.0,0.0,0.02314114384353161
37297.0,1.0,0.41323480010032654
37298.0,0.0,0.024717602878808975
37299.0,0.0,0.059325143694877625
37300.0,0.0,0.02481570467352867
37301.0,0.0,0.02445853315293789
37302.0,0.0,0.0375923290848732
37303.0,0.0,0.06266964226961136
37304.0,0.0,0.026122327893972397
37305.0,0.0,0.023579120635986328
37306.0,0.0,0.025229530408978462
37307.0,0.0,0.0013714581727981567
37308.0,1.0,0.4383413791656494
37309.0,0.0,0.018855849280953407
37310.0,0.0,0.04332609102129936
37311.0,0.0,0.0013315248070284724
37312.0,0.0,0.02440434880554676
37313.0,0.0,0.02236247807741165
37314.0,0.0,0.016293639317154884
37315.0,0.0,0.05638376995921135
37316.0,1.0,0.4122503101825714
37317.0,0.0,0.022451452910900116
37318.0,0.0,0.014743927866220474
37319.0,0.0,0.05599725991487503
37320.0,0.0,0.015413998626172543
37321.0,0.0,0.018215972930192947
37322.0,1.0,0.4445684850215912
37323.0,0.0,0.02536497637629509
37324.0,0.0,0.001389697310514748
37325.0,0.0,0.010268616490066051
37326.0,1.0,0.41751599311828613
37327.0,0.0,0.025771109387278557
37328.0,0.0,0.06428132206201553
37329.0,0.0,0.014891373924911022
37330.0,0.0,0.023922305554151535
37331.0,0.0,0.0472479946911335
37332.0,0.0,0.026301685720682144
37333.0,0.0,0.057168908417224884
37334.0,1.0,0.015046621672809124
37335.0,0.0,0.025771109387278557
37336.0,0.0,0.014276108704507351
37337.0,0.0,0.04041016474366188
37338.0,0.0,0.028312407433986664
37339.0,0.0,0.026301685720682144
37340.0,0.0,0.0014734419528394938
37341.0,0.0,0.001260689808987081
37342.0,0.0,0.050926804542541504
37343.0,0.0,0.015878908336162567
37344.0,0.0,0.0012555853463709354
37345.0,0.0,0.05708349123597145
37346.0,0.0,0.02465379238128662
37347.0,0.0,0.02526475116610527
37348.0,0.0,0.01899777166545391
37349.0,0.0,0.02854803204536438
37350.0,0.0,0.011426706798374653
37351.0,0.0,0.027234036475419998
37352.0,0.0,0.02660154178738594
37353.0,0.0,0.014243694953620434
37354.0,0.0,0.01678997464478016
37355.0,0.0,0.016409974545240402
37356.0,0.0,0.023853830993175507
37357.0,0.0,0.025550583377480507
37358.0,0.0,0.02544485405087471
37359.0,0.0,0.0035406588576734066
37360.0,0.0,0.02381543442606926
37361.0,0.0,0.027341853827238083
37362.0,0.0,0.02314114384353161
37363.0,0.0,0.02641528844833374
37364.0,0.0,0.0032576294615864754
37365.0,0.0,0.017969094216823578
37366.0,0.0,0.01575755886733532
37367.0,0.0,0.015878908336162567
37368.0,0.0,0.02632135897874832
37369.0,0.0,0.03237675130367279
37370.0,0.0,0.02628469653427601
37371.0,0.0,0.06344211101531982
37372.0,0.0,0.023697391152381897
37373.0,0.0,0.02236247807741165
37374.0,0.0,0.027234036475419998
37375.0,0.0,0.024970166385173798
37376.0,0.0,0.0014561552088707685
37377.0,0.0,0.0472479946911335
37378.0,0.0,0.0376441553235054
37379.0,0.0,0.017115604132413864
37380.0,0.0,0.014276108704507351
37381.0,0.0,0.027234036475419998
37382.0,1.0,0.058941278606653214
37383.0,0.0,0.022938264533877373
37384.0,0.0,0.02628469653427601
37385.0,0.0,0.059844039380550385
37386.0,0.0,0.017969094216823578
37387.0,0.0,0.02323314920067787
37388.0,0.0,0.025771109387278557
37389.0,0.0,0.4090858995914459
37390.0,0.0,0.0013694989029318094
37391.0,0.0,0.025771109387278557
37392.0,0.0,0.05812613666057587
37393.0,0.0,0.017969094216823578
37394.0,0.0,0.016225576400756836
37395.0,0.0,0.01086955051869154
37396.0,0.0,0.0179430041462183
37397.0,0.0,0.014743927866220474
37398.0,0.0,0.02663862146437168
37399.0,0.0,0.00146260648034513
37400.0,0.0,0.0182296484708786
37401.0,1.0,0.06474325805902481
37402.0,0.0,0.06220649182796478
37403.0,0.0,0.0012720894301310182
37404.0,0.0,0.025873281061649323
37405.0,0.0,0.0014202744932845235
37406.0,0.0,0.015413998626172543
37407.0,0.0,0.0014202744932845235
37408.0,0.0,0.016512542963027954
37409.0,0.0,0.026425663381814957
37410.0,0.0,0.03458906710147858
37411.0,0.0,0.01678997464478016
37412.0,0.0,0.05623804032802582
37413.0,0.0,0.017336970195174217
37414.0,0.0,0.06198906525969505
37415.0,0.0,0.01492331176996231
37416.0,0.0,0.014700775034725666
37417.0,0.0,0.0597548745572567
37418.0,0.0,0.022847406566143036
37419.0,0.0,0.02481570467352867
37420.0,0.0,0.025771109387278557
37421.0,0.0,0.025005033239722252
37422.0,0.0,0.023922305554151535
37423.0,0.0,0.019136080518364906
37424.0,0.0,0.04148964211344719
37425.0,0.0,0.022847406566143036
37426.0,0.0,0.016766361892223358
37427.0,0.0,0.02995872125029564
37428.0,1.0,0.0013431700645014644
37429.0,0.0,0.0013714581727981567
37430.0,1.0,0.4166153073310852
37431.0,0.0,0.028444690629839897
37432.0,0.0,0.010713044553995132
37433.0,0.0,0.013124067336320877
37434.0,0.0,0.023853830993175507
37435.0,0.0,0.0012266056146472692
37436.0,0.0,0.05279656499624252
37437.0,0.0,0.025873281061649323
37438.0,0.0,0.024906201288104057
37439.0,0.0,0.02505970373749733
37440.0,0.0,0.016122156754136086
37441.0,0.0,0.01840336248278618
37442.0,0.0,0.024717602878808975
37443.0,0.0,0.06344211101531982
37444.0,0.0,0.05708349123597145
37445.0,0.0,0.02440434880554676
37446.0,0.0,0.024717602878808975
37447.0,0.0,0.014700775034725666
37448.0,0.0,0.04006950929760933
37449.0,0.0,0.06100006029009819
37450.0,0.0,0.05817730352282524
37451.0,0.0,0.016122156754136086
37452.0,0.0,0.027234036475419998
37453.0,0.0,0.022486286237835884
37454.0,0.0,0.055439580231904984
37455.0,0.0,0.016435613855719566
37456.0,0.0,0.027234036475419998
37457.0,0.0,0.024871468544006348
37458.0,0.0,0.01521681435406208
37459.0,0.0,0.02526475116610527
37460.0,0.0,0.01729780063033104
37461.0,0.0,0.4197966754436493
37462.0,0.0,0.017336970195174217
37463.0,0.0,0.05915085971355438
37464.0,1.0,0.5952742099761963
37465.0,0.0,0.014621013775467873
37466.0,0.0,0.01740630343556404
37467.0,0.0,0.036820992827415466
37468.0,0.0,0.0013536671176552773
37469.0,0.0,0.023887183517217636
37470.0,0.0,0.024906201288104057
37471.0,0.0,0.015246058814227581
37472.0,0.0,0.05844329297542572
37473.0,0.0,0.0008162669837474823
37474.0,0.0,0.019073618575930595
37475.0,0.0,0.4392189085483551
37476.0,0.0,0.02660154178738594
37477.0,0.0,0.01899777166545391
37478.0,0.0,0.0033689364790916443
37479.0,0.0,0.025005033239722252
37480.0,0.0,0.027234036475419998
37481.0,0.0,0.024906201288104057
37482.0,1.0,0.4713025689125061
37483.0,0.0,0.03513512387871742
37484.0,0.0,0.0013694989029318094
37485.0,0.0,0.024717602878808975
37486.0,0.0,0.026196282356977463
37487.0,0.0,0.014712009578943253
37488.0,0.0,0.02591816894710064
37489.0,0.0,0.017378058284521103
37490.0,0.0,0.02544485405087471
37491.0,0.0,0.06722301989793777
37492.0,0.0,0.01678997464478016
37493.0,0.0,0.07039401680231094
37494.0,0.0,0.017693044617772102
37495.0,0.0,0.015878908336162567
37496.0,0.0,0.0012999485479667783
37497.0,0.0,0.028660891577601433
37498.0,0.0,0.0014693202683702111
37499.0,0.0,0.014621013775467873
37500.0,0.0,0.061723388731479645
37501.0,0.0,0.023636609315872192
37502.0,0.0,0.015096615068614483
37503.0,0.0,0.025771109387278557
37504.0,0.0,0.016435613855719566
37505.0,0.0,0.024556316435337067
37506.0,0.0,0.012085461057722569
37507.0,0.0,0.06512225419282913
37508.0,0.0,0.02314114384353161
37509.0,0.0,0.037749554961919785
37510.0,0.0,0.024717602878808975
37511.0,0.0,0.05795514956116676
37512.0,0.0,0.025771109387278557
37513.0,0.0,0.058760810643434525
37514.0,0.0,0.02544485405087471
37515.0,0.0,0.02481570467352867
37516.0,0.0,0.057198815047740936
37517.0,0.0,0.017378058284521103
37518.0,0.0,0.04079590365290642
37519.0,0.0,0.016435613855719566
37520.0,0.0,0.029283806681632996
37521.0,1.0,0.017739813774824142
37522.0,0.0,0.024906201288104057
37523.0,0.0,0.0013714581727981567
37524.0,0.0,0.017968246713280678
37525.0,0.0,0.014743927866220474
37526.0,0.0,0.4122503101825714
37527.0,0.0,0.0014202744932845235
37528.0,0.0,0.06718824058771133
37529.0,0.0,0.02314114384353161
37530.0,0.0,0.03634200617671013
37531.0,0.0,0.02632135897874832
37532.0,0.0,0.027234036475419998
37533.0,0.0,0.055439580231904984
37534.0,0.0,0.025771109387278557
37535.0,0.0,0.015556056052446365
37536.0,0.0,0.04056795686483383
37537.0,0.0,0.03637295961380005
37538.0,0.0,0.025005033239722252
37539.0,0.0,0.0016337033594027162
37540.0,0.0,0.02236247807741165
37541.0,0.0,0.014743927866220474
37542.0,0.0,0.024906201288104057
37543.0,0.0,0.02632135897874832
37544.0,0.0,0.0014202744932845235
37545.0,1.0,0.7717111706733704
37546.0,0.0,0.010952994227409363
37547.0,0.0,0.439609557390213
37548.0,0.0,0.0031792332883924246
37549.0,0.0,0.024906201288104057
37550.0,0.0,0.01899777166545391
37551.0,0.0,0.42840272188186646
37552.0,0.0,0.026425663381814957
37553.0,0.0,0.01574668474495411
37554.0,0.0,0.024717602878808975
37555.0,0.0,0.015878908336162567
37556.0,0.0,0.06689666211605072
37557.0,0.0,0.010836593806743622
37558.0,0.0,0.015413998626172543
37559.0,0.0,0.0012283599935472012
37560.0,0.0,0.024970166385173798
37561.0,0.0,0.01491465698927641
37562.0,0.0,0.016109652817249298
37563.0,0.0,0.024906201288104057
37564.0,0.0,0.017739813774824142
37565.0,0.0,0.02236247807741165
37566.0,0.0,0.06512225419282913
37567.0,0.0,0.050298530608415604
37568.0,0.0,0.02323314920067787
37569.0,0.0,0.0015030310023576021
37570.0,0.0,0.025771109387278557
37571.0,0.0,0.024433191865682602
37572.0,0.0,0.015556056052446365
37573.0,0.0,0.0013750650687143207
37574.0,0.0,0.023730525746941566
37575.0,0.0,0.03012186661362648
37576.0,0.0,0.0014202744932845235
37577.0,0.0,0.02360360138118267
37578.0,0.0,0.014891373924911022
37579.0,0.0,0.0013663552235811949
37580.0,0.0,0.022847406566143036
37581.0,0.0,0.0014561552088707685
37582.0,0.0,0.01899777166545391
37583.0,0.0,0.01722889207303524
37584.0,0.0,0.0013160249218344688
37585.0,0.0,0.04006950929760933
37586.0,0.0,0.022135263308882713
37587.0,0.0,0.05810999497771263
37588.0,0.0,0.039515238255262375
37589.0,0.0,0.001396275358274579
37590.0,0.0,0.024717602878808975
37591.0,0.0,0.02814936637878418
37592.0,0.0,0.025245940312743187
37593.0,0.0,0.014276108704507351
37594.0,0.0,0.015878908336162567
37595.0,0.0,0.022847406566143036
37596.0,0.0,0.016435613855719566
37597.0,0.0,0.02507074922323227
37598.0,0.0,0.0013694989029318094
37599.0,0.0,0.054078761488199234
37600.0,0.0,0.024906201288104057
37601.0,0.0,0.025771109387278557
37602.0,0.0,0.4724503755569458
37603.0,0.0,0.02323314920067787
37604.0,0.0,0.0012124227359890938
37605.0,0.0,0.026301685720682144
37606.0,0.0,0.017969094216823578
37607.0,0.0,0.02555767446756363
37608.0,0.0,0.025283005088567734
37609.0,0.0,0.01575755886733532
37610.0,0.0,0.024906201288104057
37611.0,0.0,0.025771109387278557
37612.0,0.0,0.0014202744932845235
37613.0,0.0,0.026122327893972397
37614.0,0.0,0.018215972930192947
37615.0,0.0,0.42605772614479065
37616.0,0.0,0.024906201288104057
37617.0,0.0,0.02544485405087471
37618.0,0.0,0.0013536671176552773
37619.0,0.0,0.025771109387278557
37620.0,0.0,0.02236247807741165
37621.0,0.0,0.025771109387278557
37622.0,0.0,0.06371954828500748
37623.0,0.0,0.025771109387278557
37624.0,0.0,0.024871468544006348
37625.0,0.0,0.029283806681632996
37626.0,0.0,0.016435613855719566
37627.0,0.0,0.016122156754136086
37628.0,0.0,0.06021404266357422
37629.0,0.0,0.01442502997815609
37630.0,0.0,0.02323314920067787
37631.0,0.0,0.027341853827238083
37632.0,0.0,0.022685261443257332
37633.0,0.0,0.0013714581727981567
37634.0,0.0,0.06198906525969505
37635.0,0.0,0.024871468544006348
37636.0,0.0,0.02207839861512184
37637.0,0.0,0.018091769888997078
37638.0,0.0,0.022331207990646362
37639.0,0.0,0.0014018514193594456
37640.0,0.0,0.3377220332622528
37641.0,0.0,0.023853830993175507
37642.0,0.0,0.023853830993175507
37643.0,1.0,0.02323314920067787
37644.0,0.0,0.025310751050710678
37645.0,0.0,0.024433191865682602
37646.0,0.0,0.05902445688843727
37647.0,0.0,0.02526475116610527
37648.0,0.0,0.05638376995921135
37649.0,0.0,0.025043737143278122
37650.0,0.0,0.025771109387278557
37651.0,0.0,0.02663862146437168
37652.0,0.0,0.06549248099327087
37653.0,0.0,0.024906201288104057
37654.0,0.0,0.017969094216823578
37655.0,0.0,0.01722889207303524
37656.0,0.0,0.014958435669541359
37657.0,0.0,0.3616122603416443
37658.0,0.0,0.0013462231727316976
37659.0,0.0,0.02544485405087471
37660.0,0.0,0.02526475116610527
37661.0,0.0,0.02236247807741165
37662.0,0.0,0.03740875422954559
37663.0,0.0,0.025771109387278557
37664.0,0.0,0.02663862146437168
37665.0,0.0,0.02207839861512184
37666.0,0.0,0.025873281061649323
37667.0,0.0,0.0013714581727981567
37668.0,1.0,0.0166483037173748
37669.0,1.0,0.852695107460022
37670.0,0.0,0.05708349123597145
37671.0,0.0,0.04243891313672066
37672.0,0.0,0.015590906143188477
37673.0,0.0,0.015878908336162567
37674.0,0.0,0.027386168017983437
37675.0,0.0,0.02632135897874832
37676.0,0.0,0.0182296484708786
37677.0,0.0,0.024231432005763054
37678.0,0.0,0.022451452910900116
37679.0,0.0,0.02314114384353161
37680.0,0.0,0.023853830993175507
37681.0,0.0,0.025771109387278557
37682.0,0.0,0.026706915348768234
37683.0,0.0,0.02544485405087471
37684.0,0.0,0.025771109387278557
37685.0,0.0,0.028508367016911507
37686.0,0.0,0.023887183517217636
37687.0,0.0,0.0013714581727981567
37688.0,0.0,0.015223466791212559
37689.0,0.0,0.01899777166545391
37690.0,1.0,0.8499495983123779
37691.0,0.0,0.022331207990646362
37692.0,0.0,0.02663862146437168
37693.0,0.0,0.042993392795324326
37694.0,0.0,0.02632135897874832
37695.0,0.0,0.02663862146437168
37696.0,0.0,0.0016048408579081297
37697.0,0.0,0.02814936637878418
37698.0,0.0,0.014743927866220474
37699.0,0.0,0.0698934942483902
37700.0,0.0,0.013185258023440838
37701.0,0.0,0.027001334354281425
37702.0,0.0,0.01575755886733532
37703.0,0.0,0.014777462929487228
37704.0,0.0,0.01632116362452507
37705.0,0.0,0.02360360138118267
37706.0,0.0,0.027341853827238083
37707.0,0.0,0.03508663550019264
37708.0,0.0,0.027021421119570732
37709.0,0.0,0.023922305554151535
37710.0,0.0,0.022451452910900116
37711.0,0.0,0.0013714581727981567
37712.0,0.0,0.02314114384353161
37713.0,0.0,0.027234036475419998
37714.0,0.0,0.43026041984558105
37715.0,0.0,0.017969094216823578
37716.0,0.0,0.02534790337085724
37717.0,0.0,0.025743823498487473
37718.0,0.0,0.015246058814227581
37719.0,0.0,0.32380878925323486
37720.0,0.0,0.0179496668279171
37721.0,0.0,0.02314114384353161
37722.0,0.0,0.01506237406283617
37723.0,0.0,0.02814936637878418
37724.0,0.0,0.025873281061649323
37725.0,0.0,0.02351333759725094
37726.0,0.0,0.03624822944402695
37727.0,0.0,0.43061134219169617
37728.0,0.0,0.024556316435337067
37729.0,1.0,0.028332654386758804
37730.0,0.0,0.02314114384353161
37731.0,0.0,0.015590906143188477
37732.0,0.0,0.016121400520205498
37733.0,0.0,0.0012442073784768581
37734.0,0.0,0.0014202744932845235
37735.0,0.0,0.0012960999738425016
37736.0,0.0,0.01704694889485836
37737.0,0.0,0.02753286436200142
37738.0,0.0,0.016570892184972763
37739.0,0.0,0.026141773909330368
37740.0,0.0,0.02628469653427601
37741.0,0.0,0.05599655583500862
37742.0,0.0,0.0015030310023576021
37743.0,0.0,0.027021421119570732
37744.0,0.0,0.024590618908405304
37745.0,0.0,0.027021421119570732
37746.0,0.0,0.015413998626172543
37747.0,0.0,0.025283005088567734
37748.0,0.0,0.017969094216823578
37749.0,1.0,0.8515084385871887
37750.0,0.0,0.0034994937013834715
37751.0,0.0,0.014555196277797222
37752.0,0.0,0.0012173517607152462
37753.0,0.0,0.024590618908405304
37754.0,1.0,0.039414212107658386
37755.0,0.0,0.016936318948864937
37756.0,0.0,0.025005033239722252
37757.0,0.0,0.025771109387278557
37758.0,0.0,0.026301685720682144
37759.0,0.0,0.02660154178738594
37760.0,0.0,0.003551457542926073
37761.0,0.0,0.025771109387278557
37762.0,1.0,0.4545174837112427
37763.0,0.0,0.02632135897874832
37764.0,0.0,0.014555196277797222
37765.0,1.0,0.3450051546096802
37766.0,0.0,0.03061501495540142
37767.0,0.0,0.02526475116610527
37768.0,0.0,0.02323314920067787
37769.0,0.0,0.017336970195174217
37770.0,0.0,0.024906201288104057
37771.0,0.0,0.03849221393465996
37772.0,0.0,0.022451452910900116
37773.0,0.0,0.02826070226728916
37774.0,0.0,0.0014078195672482252
37775.0,1.0,0.4616555869579315
37776.0,0.0,0.02445853315293789
37777.0,0.0,0.025771109387278557
37778.0,0.0,0.025346089154481888
37779.0,0.0,0.02323314920067787
37780.0,0.0,0.04041016474366188
37781.0,0.0,0.023616880178451538
37782.0,0.0,0.023730525746941566
37783.0,0.0,0.022532787173986435
37784.0,0.0,0.016766361892223358
37785.0,0.0,0.027021421119570732
37786.0,0.0,0.015590906143188477
37787.0,0.0,0.025005033239722252
37788.0,0.0,0.02628469653427601
37789.0,0.0,0.06266964226961136
37790.0,0.0,0.02854803204536438
37791.0,1.0,0.05522727221250534
37792.0,1.0,0.02264479734003544
37793.0,0.0,0.027234036475419998
37794.0,0.0,0.024717602878808975
37795.0,0.0,0.026122327893972397
37796.0,0.0,0.0034005448687821627
37797.0,0.0,0.017969094216823578
37798.0,0.0,0.43064919114112854
37799.0,0.0,0.016435613855719566
37800.0,0.0,0.05638376995921135
37801.0,0.0,0.06512225419282913
37802.0,0.0,0.04596911370754242
37803.0,0.0,0.0014078195672482252
37804.0,0.0,0.027234036475419998
37805.0,0.0,0.01618671976029873
37806.0,0.0,0.016122156754136086
37807.0,0.0,0.023677917197346687
37808.0,0.0,0.024906201288104057
37809.0,0.0,0.027234036475419998
37810.0,0.0,0.01575755886733532
37811.0,0.0,0.02663862146437168
37812.0,0.0,0.05468479543924332
37813.0,0.0,0.0013591691385954618
37814.0,0.0,0.01410497073084116
37815.0,0.0,0.053925301879644394
37816.0,0.0,0.017378058284521103
37817.0,0.0,0.025771109387278557
37818.0,0.0,0.030346466228365898
37819.0,0.0,0.024906201288104057
37820.0,0.0,0.0015091396635398269
37821.0,0.0,0.025550583377480507
37822.0,0.0,0.023887183517217636
37823.0,0.0,0.0008262804476544261
37824.0,0.0,0.0013213740894570947
37825.0,0.0,0.01722889207303524
37826.0,0.0,0.026425663381814957
37827.0,0.0,0.003504489315673709
37828.0,0.0,0.32667824625968933
37829.0,1.0,0.04354483634233475
37830.0,0.0,0.017969094216823578
37831.0,0.0,0.06559844315052032
37832.0,0.0,0.02663862146437168
37833.0,0.0,0.023888908326625824
37834.0,0.0,0.014243694953620434
37835.0,0.0,0.02663862146437168
37836.0,0.0,0.02358420193195343
37837.0,0.0,0.024906201288104057
37838.0,0.0,0.037749554961919785
37839.0,0.0,0.36442863941192627
37840.0,0.0,0.05708349123597145
37841.0,0.0,0.0013714581727981567
37842.0,0.0,0.01618671976029873
37843.0,0.0,0.05826232582330704
37844.0,0.0,0.015041153877973557
37845.0,0.0,0.029652222990989685
37846.0,0.0,0.027418190613389015
37847.0,0.0,0.027234036475419998
37848.0,0.0,0.016435613855719566
37849.0,0.0,0.06574150919914246
37850.0,0.0,0.025771109387278557
37851.0,1.0,0.32667824625968933
37852.0,0.0,0.02358420193195343
37853.0,0.0,0.02236247807741165
37854.0,0.0,0.05693892389535904
37855.0,0.0,0.016435613855719566
37856.0,0.0,0.0597548745572567
37857.0,0.0,0.0018555658170953393
37858.0,0.0,0.04596911370754242
37859.0,0.0,0.03819773718714714
37860.0,0.0,0.02314114384353161
37861.0,0.0,0.024871468544006348
37862.0,0.0,0.025771109387278557
37863.0,0.0,0.022420059889554977
37864.0,0.0,0.014243694953620434
37865.0,0.0,0.02395937219262123
37866.0,0.0,0.031205356121063232
37867.0,0.0,0.025383293628692627
37868.0,0.0,0.027424313127994537
37869.0,0.0,0.02814936637878418
37870.0,0.0,0.02660154178738594
37871.0,0.0,0.06006842106580734
37872.0,0.0,0.024871468544006348
37873.0,0.0,0.01618531532585621
37874.0,0.0,0.024717602878808975
37875.0,0.0,0.06131014972925186
37876.0,0.0,0.010400586761534214
37877.0,0.0,0.06306727230548859
37878.0,0.0,0.0013140484225004911
37879.0,0.0,0.025873281061649323
37880.0,0.0,0.06998661160469055
37881.0,0.0,0.011426706798374653
37882.0,0.0,0.016435613855719566
37883.0,0.0,0.0014693202683702111
37884.0,0.0,0.013825992122292519
37885.0,0.0,0.017969094216823578
37886.0,0.0,0.003480709157884121
37887.0,0.0,0.02273487113416195
37888.0,0.0,0.02544485405087471
37889.0,0.0,0.025545770302414894
37890.0,0.0,0.025245940312743187
37891.0,0.0,0.02398207224905491
37892.0,0.0,0.017336970195174217
37893.0,0.0,0.024717602878808975
37894.0,0.0,0.016435613855719566
37895.0,0.0,0.02236247807741165
37896.0,0.0,0.0014202744932845235
37897.0,0.0,0.06760217994451523
37898.0,0.0,0.2373291254043579
37899.0,0.0,0.03950551897287369
37900.0,0.0,0.02632135897874832
37901.0,0.0,0.003393161343410611
37902.0,1.0,0.4532330334186554
37903.0,0.0,0.016121400520205498
37904.0,0.0,0.05708349123597145
37905.0,0.0,0.025245940312743187
37906.0,0.0,0.05638376995921135
37907.0,0.0,0.058941278606653214
37908.0,0.0,0.015878908336162567
37909.0,1.0,0.4445684850215912
37910.0,0.0,0.02360360138118267
37911.0,0.0,0.001280923024751246
37912.0,0.0,0.028981421142816544
37913.0,0.0,0.015878908336162567
37914.0,0.0,0.023983800783753395
37915.0,0.0,0.014002085663378239
37916.0,0.0,0.024871468544006348
37917.0,0.0,0.02544485405087471
37918.0,0.0,0.02314114384353161
37919.0,0.0,0.026122327893972397
37920.0,0.0,0.0013694989029318094
37921.0,0.0,0.014777462929487228
37922.0,0.0,0.019746338948607445
37923.0,0.0,0.03627697005867958
37924.0,0.0,0.026141773909330368
37925.0,0.0,0.05708349123597145
37926.0,0.0,0.02578471228480339
37927.0,0.0,0.0012772607151418924
37928.0,0.0,0.05547303706407547
37929.0,0.0,0.024717602878808975
37930.0,0.0,0.025550583377480507
37931.0,1.0,0.7298771739006042
37932.0,0.0,0.0014202744932845235
37933.0,0.0,0.011593515053391457
37934.0,0.0,0.05929740518331528
37935.0,0.0,0.06814096868038177
37936.0,0.0,0.02632135897874832
37937.0,1.0,0.01899777166545391
37938.0,0.0,0.061310164630413055
37939.0,0.0,0.02314114384353161
37940.0,0.0,0.06148405745625496
37941.0,0.0,0.0014459739904850721
37942.0,0.0,0.02628469653427601
37943.0,0.0,0.023887183517217636
37944.0,0.0,0.02314114384353161
37945.0,0.0,0.022822577506303787
37946.0,0.0,0.05795514956116676
37947.0,0.0,0.026122327893972397
37948.0,0.0,0.024906201288104057
37949.0,0.0,0.025771109387278557
37950.0,0.0,0.02544485405087471
37951.0,0.0,0.04486586153507233
37952.0,0.0,0.017969094216823578
37953.0,0.0,0.023721186444163322
37954.0,0.0,0.06715065240859985
37955.0,0.0,0.05708349123597145
37956.0,0.0,0.02632135897874832
37957.0,0.0,0.02445853315293789
37958.0,0.0,0.33967503905296326
37959.0,0.0,0.02784525230526924
37960.0,0.0,0.029535578563809395
37961.0,0.0,0.017008891329169273
37962.0,0.0,0.0014752917923033237
37963.0,0.0,0.024501239880919456
37964.0,0.0,0.0014260467141866684
37965.0,0.0,0.0013462231727316976
37966.0,0.0,0.05983950197696686
37967.0,0.0,0.02445853315293789
37968.0,0.0,0.07209804654121399
37969.0,0.0,0.017969094216823578
37970.0,0.0,0.04354483634233475
37971.0,0.0,0.01646127924323082
37972.0,0.0,0.027234036475419998
37973.0,0.0,0.0013750650687143207
37974.0,0.0,0.028332654386758804
37975.0,0.0,0.02632135897874832
37976.0,0.0,0.02749258652329445
37977.0,0.0,0.015413998626172543
37978.0,0.0,0.02663862146437168
37979.0,0.0,0.010713044553995132
37980.0,0.0,0.02314114384353161
37981.0,0.0,0.04041016474366188
37982.0,0.0,0.025550583377480507
37983.0,0.0,0.02207839861512184
37984.0,0.0,0.01857786439359188
37985.0,0.0,0.02481570467352867
37986.0,0.0,0.025545770302414894
37987.0,0.0,0.014700775034725666
37988.0,0.0,0.025771109387278557
37989.0,0.0,0.02632135897874832
37990.0,0.0,0.023853830993175507
37991.0,0.0,0.025172991678118706
37992.0,1.0,0.016994355246424675
37993.0,0.0,0.025771109387278557
37994.0,0.0,0.015856554731726646
37995.0,0.0,0.024906201288104057
37996.0,0.0,0.06131014972925186
37997.0,0.0,0.0014202744932845235
37998.0,0.0,0.01899777166545391
37999.0,0.0,0.02426704578101635
38000.0,0.0,0.0517096146941185
38001.0,0.0,0.02660154178738594
38002.0,0.0,0.025005033239722252
38003.0,0.0,0.05730250105261803
38004.0,0.0,0.038782041519880295
38005.0,1.0,0.9536678194999695
38006.0,0.0,0.02689267322421074
38007.0,0.0,0.025005033239722252
38008.0,0.0,0.0015030310023576021
38009.0,0.0,0.03034588135778904
38010.0,0.0,0.02236247807741165
38011.0,0.0,0.025771109387278557
38012.0,0.0,0.0012772607151418924
38013.0,0.0,0.022847406566143036
38014.0,0.0,0.04596468061208725
38015.0,0.0,0.001389697310514748
38016.0,0.0,0.02544485405087471
38017.0,0.0,0.025771109387278557
38018.0,0.0,0.0014202744932845235
38019.0,0.0,0.025691574439406395
38020.0,0.0,0.03127317130565643
38021.0,1.0,0.06100006029009819
38022.0,0.0,0.019073618575930595
38023.0,0.0,0.02323314920067787
38024.0,0.0,0.016435613855719566
38025.0,0.0,0.030282769352197647
38026.0,1.0,0.025771109387278557
38027.0,0.0,0.01729780063033104
38028.0,0.0,0.025771109387278557
38029.0,0.0,0.32667824625968933
38030.0,0.0,0.024555636569857597
38031.0,0.0,0.025771109387278557
38032.0,0.0,0.02314114384353161
38033.0,1.0,0.4970695674419403
38034.0,0.0,0.02660154178738594
38035.0,0.0,0.0013714581727981567
38036.0,0.0,0.024906201288104057
38037.0,0.0,0.02381543442606926
38038.0,0.0,0.0013047066750004888
38039.0,0.0,0.06220649182796478
38040.0,0.0,0.0014202744932845235
38041.0,0.0,0.025771109387278557
38042.0,0.0,0.016225576400756836
38043.0,0.0,0.027234036475419998
38044.0,0.0,0.02544485405087471
38045.0,0.0,0.06329625844955444
38046.0,0.0,0.06512225419282913
38047.0,0.0,0.04475943744182587
38048.0,0.0,0.04140471667051315
38049.0,0.0,0.02719457447528839
38050.0,0.0,0.02507074922323227
38051.0,1.0,0.025873281061649323
38052.0,0.0,0.018215972930192947
38053.0,0.0,0.025873281061649323
38054.0,0.0,0.0014693202683702111
38055.0,0.0,0.025771109387278557
38056.0,1.0,0.015878908336162567
38057.0,0.0,0.016446709632873535
38058.0,0.0,0.02236247807741165
38059.0,0.0,0.05795514956116676
38060.0,1.0,0.023730525746941566
38061.0,0.0,0.0262258630245924
38062.0,0.0,0.0012315916828811169
38063.0,0.0,0.0012720894301310182
38064.0,0.0,0.02440434880554676
38065.0,0.0,0.023888908326625824
38066.0,0.0,0.05454898998141289
38067.0,0.0,0.001298092189244926
38068.0,1.0,0.8443142175674438
38069.0,0.0,0.01722889207303524
38070.0,0.0,0.025357024744153023
38071.0,0.0,0.016122156754136086
38072.0,0.0,0.015413998626172543
38073.0,0.0,0.027234036475419998
38074.0,0.0,0.025771109387278557
38075.0,0.0,0.0014202744932845235
38076.0,0.0,0.05604023113846779
38077.0,0.0,0.037497278302907944
38078.0,0.0,0.059674497693777084
38079.0,0.0,0.06113040819764137
38080.0,0.0,0.02314114384353161
38081.0,0.0,0.025771109387278557
38082.0,0.0,0.06640151888132095
38083.0,0.0,0.015086700208485126
38084.0,0.0,0.02536497637629509
38085.0,0.0,0.025245940312743187
38086.0,0.0,0.017115140333771706
38087.0,0.0,0.013825992122292519
38088.0,0.0,0.036800939589738846
38089.0,0.0,0.02236247807741165
38090.0,0.0,0.028508367016911507
38091.0,0.0,0.023948587477207184
38092.0,0.0,0.0012283599935472012
38093.0,0.0,0.024871468544006348
38094.0,0.0,0.04081787168979645
38095.0,0.0,0.025245940312743187
38096.0,0.0,0.026744144037365913
38097.0,0.0,0.02314114384353161
38098.0,0.0,0.06198906525969505
38099.0,0.0,0.0017958242679014802
38100.0,0.0,0.024854116141796112
38101.0,0.0,0.05730250105261803
38102.0,0.0,0.014700775034725666
38103.0,0.0,0.05522727221250534
38104.0,0.0,0.05172668769955635
38105.0,0.0,0.016853002831339836
38106.0,0.0,0.013356479816138744
38107.0,0.0,0.05708349123597145
38108.0,1.0,0.43704754114151
38109.0,0.0,0.05823454260826111
38110.0,0.0,0.016994355246424675
38111.0,0.0,0.02663862146437168
38112.0,0.0,0.04019296169281006
38113.0,0.0,0.05708349123597145
38114.0,0.0,0.038085129112005234
38115.0,0.0,0.038167089223861694
38116.0,0.0,0.06175331398844719
38117.0,0.0,0.022166267037391663
38118.0,0.0,0.025771109387278557
38119.0,0.0,0.41323480010032654
38120.0,1.0,0.05730250105261803
38121.0,0.0,0.023922305554151535
38122.0,0.0,0.024017333984375
38123.0,0.0,0.017739813774824142
38124.0,0.0,0.03634200617671013
38125.0,0.0,0.00312795746140182
38126.0,1.0,0.4287012219429016
38127.0,0.0,0.01642952486872673
38128.0,1.0,0.4287012219429016
38129.0,0.0,0.0012720894301310182
38130.0,0.0,0.05623804032802582
38131.0,0.0,0.06260161846876144
38132.0,0.0,0.016661789268255234
38133.0,0.0,0.02481570467352867
38134.0,0.0,0.016225576400756836
38135.0,1.0,0.500782310962677
38136.0,0.0,0.4392189085483551
38137.0,0.0,0.0014102348359301686
38138.0,0.0,0.0014018514193594456
38139.0,0.0,0.02814936637878418
38140.0,0.0,0.05848557502031326
38141.0,0.0,0.017115140333771706
38142.0,0.0,0.024906201288104057
38143.0,0.0,0.03858567029237747
38144.0,0.0,0.024327654391527176
38145.0,0.0,0.024906201288104057
38146.0,0.0,0.0014102348359301686
38147.0,0.0,0.0015030310023576021
38148.0,0.0,0.03922644257545471
38149.0,0.0,0.022331207990646362
38150.0,0.0,0.0014018514193594456
38151.0,0.0,0.022938264533877373
38152.0,0.0,0.04056795686483383
38153.0,0.0,0.05623804032802582
38154.0,0.0,0.003526357701048255
38155.0,0.0,0.024970166385173798
38156.0,0.0,0.02507074922323227
38157.0,1.0,0.026141773909330368
38158.0,0.0,0.0014202744932845235
38159.0,0.0,0.02663862146437168
38160.0,0.0,0.0429089218378067
38161.0,0.0,0.06574150919914246
38162.0,0.0,0.024717602878808975
38163.0,0.0,0.031205356121063232
38164.0,0.0,0.0014260467141866684
38165.0,0.0,0.024871468544006348
38166.0,1.0,0.060100309550762177
38167.0,1.0,0.9783385992050171
38168.0,1.0,0.04354483634233475
38169.0,1.0,0.016435613855719566
38170.0,0.0,0.0229489766061306
38171.0,0.0,0.025073513388633728
38172.0,0.0,0.01635638438165188
38173.0,0.0,0.023636609315872192
38174.0,0.0,0.0012967148795723915
38175.0,0.0,0.023887183517217636
38176.0,0.0,0.025771109387278557
38177.0,0.0,0.024906201288104057
38178.0,0.0,0.017378058284521103
38179.0,0.0,0.014870388433337212
38180.0,0.0,0.017378058284521103
38181.0,0.0,0.03154497221112251
38182.0,0.0,0.024970166385173798
38183.0,0.0,0.01707693375647068
38184.0,0.0,0.02314114384353161
38185.0,0.0,0.023479115217924118
38186.0,0.0,0.0014513740316033363
38187.0,0.0,0.0012720894301310182
38188.0,0.0,0.025873281061649323
38189.0,0.0,0.026425663381814957
38190.0,0.0,0.02314114384353161
38191.0,0.0,0.024906201288104057
38192.0,0.0,0.024871468544006348
38193.0,0.0,0.01639089733362198
38194.0,0.0,0.04332609102129936
38195.0,1.0,0.43061134219169617
38196.0,0.0,0.009399505332112312
38197.0,0.0,0.02608109824359417
38198.0,0.0,0.06175331398844719
38199.0,0.0,0.015638090670108795
38200.0,0.0,0.024906201288104057
38201.0,0.0,0.06113040819764137
38202.0,0.0,0.03634200617671013
38203.0,0.0,0.017969094216823578
38204.0,0.0,0.02314114384353161
38205.0,0.0,0.001449301722459495
38206.0,0.0,0.01575755886733532
38207.0,0.0,0.023887183517217636
38208.0,0.0,0.02663862146437168
38209.0,0.0,0.02632135897874832
38210.0,0.0,0.058183833956718445
38211.0,1.0,0.030525844544172287
38212.0,0.0,0.00337778078392148
38213.0,0.0,0.39747893810272217
38214.0,0.0,0.024906201288104057
38215.0,0.0,0.025771109387278557
38216.0,0.0,0.04332609102129936
38217.0,1.0,0.4445684850215912
38218.0,0.0,0.025545770302414894
38219.0,0.0,0.010478534735739231
38220.0,0.0,0.06452900171279907
38221.0,0.0,0.05708349123597145
38222.0,0.0,0.06050252914428711
38223.0,0.0,0.024871468544006348
38224.0,0.0,0.023922305554151535
38225.0,0.0,0.026141773909330368
38226.0,0.0,0.025771109387278557
38227.0,0.0,0.02814936637878418
38228.0,0.0,0.06644915789365768
38229.0,0.0,0.0014566865283995867
38230.0,0.0,0.015968088060617447
38231.0,1.0,0.9787936210632324
38232.0,0.0,0.018215972930192947
38233.0,0.0,0.02323314920067787
38234.0,0.0,0.017997104674577713
38235.0,0.0,0.05454898998141289
38236.0,0.0,0.06290864944458008
38237.0,0.0,0.025310751050710678
38238.0,0.0,0.026122327893972397
38239.0,0.0,0.026425663381814957
38240.0,0.0,0.016435613855719566
38241.0,0.0,0.022847406566143036
38242.0,0.0,0.05975974351167679
38243.0,0.0,0.05937730893492699
38244.0,0.0,0.05638376995921135
38245.0,0.0,0.03634200617671013
38246.0,0.0,0.01411010418087244
38247.0,0.0,0.02632135897874832
38248.0,0.0,0.014243694953620434
38249.0,0.0,0.015878908336162567
38250.0,0.0,0.01899777166545391
38251.0,0.0,0.026265054941177368
38252.0,0.0,0.024906201288104057
38253.0,0.0,0.02381543442606926
38254.0,0.0,0.0014752917923033237
38255.0,0.0,0.4360010325908661
38256.0,0.0,0.015916135162115097
38257.0,0.0,0.016435613855719566
38258.0,0.0,0.025550583377480507
38259.0,1.0,0.9935418367385864
38260.0,0.0,0.02814936637878418
38261.0,1.0,0.4122503101825714
38262.0,1.0,0.053104232996702194
38263.0,0.0,0.025873281061649323
38264.0,0.0,0.05708349123597145
38265.0,0.0,0.024871468544006348
38266.0,0.0,0.0013462231727316976
38267.0,0.0,0.024871468544006348
38268.0,0.0,0.025771109387278557
38269.0,0.0,0.02526475116610527
38270.0,0.0,0.06429927051067352
38271.0,0.0,0.025771109387278557
38272.0,0.0,0.02207839861512184
38273.0,0.0,0.036820992827415466
38274.0,0.0,0.016122156754136086
38275.0,0.0,0.025771109387278557
38276.0,0.0,0.02536497637629509
38277.0,0.0,0.02314114384353161
38278.0,0.0,0.017739813774824142
38279.0,0.0,0.025873281061649323
38280.0,0.0,0.023568198084831238
38281.0,0.0,0.0031891600228846073
38282.0,0.0,0.01230571698397398
38283.0,0.0,0.01722889207303524
38284.0,0.0,0.06928596645593643
38285.0,0.0,0.0246882326900959
38286.0,0.0,0.05910811945796013
38287.0,0.0,0.0013608243316411972
38288.0,0.0,0.02632135897874832
38289.0,0.0,0.01646127924323082
38290.0,0.0,0.025771109387278557
38291.0,0.0,0.053343940526247025
38292.0,0.0,0.02663862146437168
38293.0,0.0,0.02651994675397873
38294.0,0.0,0.05237181484699249
38295.0,1.0,0.4392189085483551
38296.0,0.0,0.010825207456946373
38297.0,0.0,0.024906201288104057
38298.0,0.0,0.04041016474366188
38299.0,0.0,0.0013694989029318094
38300.0,0.0,0.05916696786880493
38301.0,0.0,0.02445853315293789
38302.0,0.0,0.01678997464478016
38303.0,0.0,0.014680053107440472
38304.0,0.0,0.025771109387278557
38305.0,0.0,0.047341860830783844
38306.0,1.0,0.022847406566143036
38307.0,1.0,0.4167942404747009
38308.0,0.0,0.04098188504576683
38309.0,0.0,0.4452180862426758
38310.0,0.0,0.4517669677734375
38311.0,0.0,0.02814936637878418
38312.0,0.0,0.026141773909330368
38313.0,0.0,0.4512373208999634
38314.0,0.0,0.015938570722937584
38315.0,0.0,0.02814936637878418
38316.0,0.0,0.04174934700131416
38317.0,0.0,0.0014018514193594456
38318.0,0.0,0.02667977847158909
38319.0,0.0,0.014243694953620434
38320.0,0.0,0.02481570467352867
38321.0,0.0,0.0014202744932845235
38322.0,0.0,0.025545770302414894
38323.0,0.0,0.024871468544006348
38324.0,0.0,0.02632135897874832
38325.0,0.0,0.017969094216823578
38326.0,0.0,0.00330717652104795
38327.0,0.0,0.038059405982494354
38328.0,1.0,0.9758727550506592
38329.0,0.0,0.01521681435406208
38330.0,0.0,0.014777462929487228
38331.0,0.0,0.4470437467098236
38332.0,0.0,0.021602267399430275
38333.0,0.0,0.026122327893972397
38334.0,0.0,0.08389866352081299
38335.0,0.0,0.024501239880919456
38336.0,0.0,0.003044187556952238
38337.0,0.0,0.017378058284521103
38338.0,0.0,0.02902810275554657
38339.0,0.0,0.0597548745572567
38340.0,0.0,0.015413998626172543
38341.0,0.0,0.025771109387278557
38342.0,0.0,0.4532330334186554
38343.0,0.0,0.014255979098379612
38344.0,0.0,0.0013462231727316976
38345.0,0.0,0.01629883050918579
38346.0,0.0,0.024906201288104057
38347.0,0.0,0.024906201288104057
38348.0,0.0,0.024590618908405304
38349.0,0.0,0.02314114384353161
38350.0,0.0,0.027341853827238083
38351.0,0.0,0.0631110668182373
38352.0,0.0,0.024906201288104057
38353.0,0.0,0.024906201288104057
38354.0,0.0,0.025005033239722252
38355.0,0.0,0.025771109387278557
38356.0,0.0,0.01574668474495411
38357.0,0.0,0.02632135897874832
38358.0,0.0,0.024906201288104057
38359.0,0.0,0.024501239880919456
38360.0,0.0,0.015028689987957478
38361.0,0.0,0.024906201288104057
38362.0,0.0,0.016674311831593513
38363.0,0.0,0.0014693202683702111
38364.0,0.0,0.014891373924911022
38365.0,0.0,0.027021421119570732
38366.0,0.0,0.0014018514193594456
38367.0,0.0,0.02544485405087471
38368.0,0.0,0.4476095139980316
38369.0,0.0,0.061627063900232315
38370.0,0.0,0.0013865068322047591
38371.0,0.0,0.01629883050918579
38372.0,0.0,0.016435613855719566
38373.0,0.0,0.026425663381814957
38374.0,0.0,0.023474901914596558
38375.0,0.0,0.023636609315872192
38376.0,0.0,0.0013608243316411972
38377.0,0.0,0.05237181484699249
38378.0,0.0,0.025771109387278557
38379.0,0.0,0.023474901914596558
38380.0,0.0,0.014588294550776482
38381.0,0.0,0.016661789268255234
38382.0,0.0,0.02314114384353161
38383.0,0.0,0.055364664644002914
38384.0,0.0,0.025642139837145805
38385.0,0.0,0.02358420193195343
38386.0,0.0,0.02236247807741165
38387.0,0.0,0.058941278606653214
38388.0,0.0,0.05764511972665787
38389.0,0.0,0.017969094216823578
38390.0,0.0,0.031328391283750534
38391.0,0.0,0.02663862146437168
38392.0,0.0,0.003345412900671363
38393.0,1.0,0.6100728511810303
38394.0,0.0,0.025771109387278557
38395.0,1.0,0.4476095139980316
38396.0,0.0,0.02544485405087471
38397.0,0.0,0.026301685720682144
38398.0,0.0,0.014891373924911022
38399.0,0.0,0.01729780063033104
38400.0,0.0,0.025771109387278557
38401.0,0.0,0.014891373924911022
38402.0,0.0,0.025373326614499092
38403.0,0.0,0.02526475116610527
38404.0,0.0,0.022331207990646362
38405.0,0.0,0.02314114384353161
38406.0,0.0,0.024906201288104057
38407.0,0.0,0.0033153772819787264
38408.0,0.0,0.017336970195174217
38409.0,0.0,0.034163735806941986
38410.0,0.0,0.018330127000808716
38411.0,1.0,0.3844122886657715
38412.0,0.0,0.015938570722937584
38413.0,0.0,0.022653555497527122
38414.0,0.0,0.014678625389933586
38415.0,0.0,0.05958195775747299
38416.0,0.0,0.014777462929487228
38417.0,0.0,0.017739813774824142
38418.0,0.0,0.05993499979376793
38419.0,0.0,0.025873281061649323
38420.0,0.0,0.026141773909330368
38421.0,0.0,0.017969094216823578
38422.0,0.0,0.01618671976029873
38423.0,0.0,0.039917442947626114
38424.0,0.0,0.027234036475419998
38425.0,0.0,0.025771109387278557
38426.0,0.0,0.022775495424866676
38427.0,0.0,0.027234036475419998
38428.0,0.0,0.015878908336162567
38429.0,0.0,0.05504520609974861
38430.0,0.0,0.041947539895772934
38431.0,0.0,0.024717602878808975
38432.0,0.0,0.017969094216823578
38433.0,0.0,0.05638376995921135
38434.0,0.0,0.029071886092424393
38435.0,0.0,0.0262258630245924
38436.0,0.0,0.027234036475419998
38437.0,0.0,0.8429819941520691
38438.0,0.0,0.016104696318507195
38439.0,0.0,0.02507074922323227
38440.0,0.0,0.01575755886733532
38441.0,0.0,0.027341853827238083
38442.0,0.0,0.024906201288104057
38443.0,0.0,0.023612098768353462
38444.0,0.0,0.01899777166545391
38445.0,0.0,0.015916068106889725
38446.0,0.0,0.026744144037365913
38447.0,0.0,0.0019656303338706493
38448.0,0.0,0.01575755886733532
38449.0,0.0,0.025771109387278557
38450.0,0.0,0.027128420770168304
38451.0,0.0,0.03600543364882469
38452.0,0.0,0.0013694989029318094
38453.0,0.0,0.01575755886733532
38454.0,0.0,0.025771109387278557
38455.0,0.0,0.010713044553995132
38456.0,0.0,0.024906201288104057
38457.0,0.0,0.025873281061649323
38458.0,0.0,0.026744144037365913
38459.0,0.0,0.03922644257545471
38460.0,0.0,0.0008083566790446639
38461.0,0.0,0.023887183517217636
38462.0,0.0,0.025771109387278557
38463.0,0.0,0.015081735327839851
38464.0,0.0,0.027128420770168304
38465.0,0.0,0.026425663381814957
38466.0,0.0,0.015856554731726646
38467.0,0.0,0.42705121636390686
38468.0,0.0,0.025771109387278557
38469.0,0.0,0.017969094216823578
38470.0,0.0,0.02445853315293789
38471.0,0.0,0.025771109387278557
38472.0,0.0,0.016446709632873535
38473.0,0.0,0.014621013775467873
38474.0,0.0,0.024555636569857597
38475.0,0.0,0.05983950197696686
38476.0,0.0,0.035130035132169724
38477.0,0.0,0.02651994675397873
38478.0,0.0,0.025771109387278557
38479.0,0.0,0.016435613855719566
38480.0,0.0,0.02632135897874832
38481.0,0.0,0.025229530408978462
38482.0,0.0,0.022775495424866676
38483.0,0.0,0.023887183517217636
38484.0,0.0,0.06244385614991188
38485.0,0.0,0.027234036475419998
38486.0,0.0,0.014243694953620434
38487.0,0.0,0.024906201288104057
38488.0,0.0,0.023721186444163322
38489.0,0.0,0.023922305554151535
38490.0,0.0,0.0246882326900959
38491.0,0.0,0.0013140484225004911
38492.0,0.0,0.027341853827238083
38493.0,0.0,0.013356479816138744
38494.0,0.0,0.028332654386758804
38495.0,0.0,0.01639237254858017
38496.0,0.0,0.0012720894301310182
38497.0,0.0,0.02653190866112709
38498.0,0.0,0.024906201288104057
38499.0,0.0,0.0472479946911335
38500.0,0.0,0.025771109387278557
38501.0,0.0,0.002096092328429222
38502.0,0.0,0.025873281061649323
38503.0,0.0,0.001437790342606604
38504.0,0.0,0.027046462520956993
38505.0,0.0,0.059282299131155014
38506.0,0.0,0.01575755886733532
38507.0,0.0,0.024906201288104057
38508.0,0.0,0.024501239880919456
38509.0,0.0,0.025771109387278557
38510.0,0.0,0.025771109387278557
38511.0,0.0,0.024717602878808975
38512.0,0.0,0.06021404266357422
38513.0,0.0,0.03574252501130104
38514.0,0.0,0.017693044617772102
38515.0,0.0,0.05447521060705185
38516.0,0.0,0.010713044553995132
38517.0,0.0,0.05812613666057587
38518.0,0.0,0.02632135897874832
38519.0,1.0,0.4287012219429016
38520.0,0.0,0.014777462929487228
38521.0,0.0,0.024717602878808975
38522.0,0.0,0.01678997464478016
38523.0,0.0,0.024717602878808975
38524.0,0.0,0.014891373924911022
38525.0,0.0,0.0597548745572567
38526.0,0.0,0.026122327893972397
38527.0,0.0,0.0012283599935472012
38528.0,1.0,0.3881297707557678
38529.0,0.0,0.43061134219169617
38530.0,1.0,0.026301685720682144
38531.0,0.0,0.027128420770168304
38532.0,0.0,0.0014202744932845235
38533.0,0.0,0.06175331398844719
38534.0,0.0,0.025873281061649323
38535.0,0.0,0.024717602878808975
38536.0,0.0,0.010268616490066051
38537.0,0.0,0.022166267037391663
38538.0,0.0,0.06549248099327087
38539.0,0.0,0.058945007622241974
38540.0,0.0,0.04354483634233475
38541.0,0.0,0.011112970300018787
38542.0,0.0,0.05522727221250534
38543.0,0.0,0.0013906233943998814
38544.0,0.0,0.059748630970716476
38545.0,0.0,0.024501239880919456
38546.0,0.0,0.0013536671176552773
38547.0,0.0,0.040150489658117294
38548.0,0.0,0.01566341333091259
38549.0,0.0,0.010559353046119213
38550.0,0.0,0.06344211101531982
38551.0,0.0,0.02317703142762184
38552.0,0.0,0.0015030310023576021
38553.0,0.0,0.024717602878808975
38554.0,0.0,0.0015548784285783768
38555.0,0.0,0.016435613855719566
38556.0,0.0,0.0246882326900959
38557.0,0.0,0.017008891329169273
38558.0,0.0,0.02314114384353161
38559.0,0.0,0.039073653519153595
38560.0,0.0,0.02624538727104664
38561.0,0.0,0.02236247807741165
38562.0,0.0,0.026744144037365913
38563.0,0.0,0.022653555497527122
38564.0,0.0,0.0016337033594027162
38565.0,0.0,0.05795514956116676
38566.0,0.0,0.014700775034725666
38567.0,0.0,0.025771109387278557
38568.0,0.0,0.025771109387278557
38569.0,0.0,0.025651903823018074
38570.0,0.0,0.024906201288104057
38571.0,0.0,0.017968246713280678
38572.0,0.0,0.027341853827238083
38573.0,0.0,0.02323314920067787
38574.0,0.0,0.04475943744182587
38575.0,0.0,0.017969094216823578
38576.0,0.0,0.025005033239722252
38577.0,0.0,0.0034731521736830473
38578.0,0.0,0.016109652817249298
38579.0,0.0,0.016435613855719566
38580.0,0.0,0.025373326614499092
38581.0,0.0,0.02628469653427601
38582.0,0.0,0.0385444350540638
38583.0,0.0,0.024555588141083717
38584.0,0.0,0.4200207591056824
38585.0,0.0,0.023853830993175507
38586.0,0.0,0.025073513388633728
38587.0,0.0,0.023636609315872192
38588.0,0.0,0.014555196277797222
38589.0,0.0,0.025227047502994537
38590.0,0.0,0.003526357701048255
38591.0,0.0,0.02632135897874832
38592.0,0.0,0.016435613855719566
38593.0,0.0,0.025545770302414894
38594.0,1.0,0.5687875151634216
38595.0,0.0,0.01907966658473015
38596.0,0.0,0.023697391152381897
38597.0,0.0,0.02632135897874832
38598.0,0.0,0.024017333984375
38599.0,0.0,0.02323314920067787
38600.0,1.0,0.46131518483161926
38601.0,0.0,0.010245205834507942
38602.0,0.0,0.0015485414769500494
38603.0,0.0,0.03922644257545471
38604.0,0.0,0.0013663552235811949
38605.0,0.0,0.02632135897874832
38606.0,0.0,0.027234036475419998
38607.0,0.0,0.0014260467141866684
38608.0,0.0,0.027234036475419998
38609.0,0.0,0.010952994227409363
38610.0,0.0,0.43061134219169617
38611.0,0.0,0.0012283599935472012
38612.0,0.0,0.0263888631016016
38613.0,0.0,0.027234036475419998
38614.0,1.0,0.43061134219169617
38615.0,0.0,0.015638090670108795
38616.0,0.0,0.024906201288104057
38617.0,0.0,0.02632135897874832
38618.0,0.0,0.016362937167286873
38619.0,0.0,0.024906201288104057
38620.0,0.0,0.01899777166545391
38621.0,0.0,0.025550583377480507
38622.0,1.0,0.3513956665992737
38623.0,0.0,0.025771109387278557
38624.0,0.0,0.024906201288104057
38625.0,0.0,0.01618671976029873
38626.0,0.0,0.024717602878808975
38627.0,0.0,0.025873281061649323
38628.0,0.0,0.02653190866112709
38629.0,0.0,0.024906201288104057
38630.0,0.0,0.024970166385173798
38631.0,1.0,0.48198366165161133
38632.0,0.0,0.01587403006851673
38633.0,0.0,0.024906201288104057
38634.0,0.0,0.05623804032802582
38635.0,0.0,0.019849760457873344
38636.0,0.0,0.027234036475419998
38637.0,0.0,0.06021404266357422
38638.0,0.0,0.024906201288104057
38639.0,0.0,0.025771109387278557
38640.0,0.0,0.025771109387278557
38641.0,0.0,0.02361888997256756
38642.0,0.0,0.024906201288104057
38643.0,0.0,0.029535578563809395
38644.0,0.0,0.02632135897874832
38645.0,0.0,0.024906201288104057
38646.0,0.0,0.025005033239722252
38647.0,0.0,0.025873281061649323
38648.0,0.0,0.02323314920067787
38649.0,0.0,0.025642139837145805
38650.0,0.0,0.0016670853365212679
38651.0,0.0,0.0013750650687143207
38652.0,0.0,0.02515551447868347
38653.0,0.0,0.02544485405087471
38654.0,0.0,0.030270930379629135
38655.0,0.0,0.02532961592078209
38656.0,0.0,0.0012877800036221743
38657.0,0.0,0.05522727221250534
38658.0,0.0,0.0013536671176552773
38659.0,0.0,0.001313377870246768
38660.0,0.0,0.05998348444700241
38661.0,0.0,0.0013770321384072304
38662.0,0.0,0.016936318948864937
38663.0,0.0,0.0014202744932845235
38664.0,0.0,0.0014075487852096558
38665.0,0.0,0.02663862146437168
38666.0,0.0,0.01693979650735855
38667.0,1.0,0.6175081133842468
38668.0,0.0,0.01722889207303524
38669.0,0.0,0.024555636569857597
38670.0,0.0,0.024590618908405304
38671.0,0.0,0.027021421119570732
38672.0,0.0,0.014743927866220474
38673.0,0.0,0.022938264533877373
38674.0,0.0,0.028592050075531006
38675.0,0.0,0.025005033239722252
38676.0,0.0,0.0012720894301310182
38677.0,0.0,0.026141773909330368
38678.0,0.0,0.015413998626172543
38679.0,0.0,0.015246058814227581
38680.0,0.0,0.04170358553528786
38681.0,0.0,0.025771109387278557
38682.0,0.0,0.024717602878808975
38683.0,0.0,0.04081787168979645
38684.0,0.0,0.02314114384353161
38685.0,0.0,0.024906201288104057
38686.0,0.0,0.025514967739582062
38687.0,0.0,0.01629883050918579
38688.0,0.0,0.04041016474366188
38689.0,0.0,0.017969094216823578
38690.0,0.0,0.024909960106015205
38691.0,0.0,0.025771109387278557
38692.0,0.0,0.014743927866220474
38693.0,0.0,0.4006469249725342
38694.0,0.0,0.056600261479616165
38695.0,0.0,0.014777462929487228
38696.0,0.0,0.02641528844833374
38697.0,0.0,0.002171142725273967
38698.0,0.0,0.0012333538616076112
38699.0,0.0,0.029652222990989685
38700.0,0.0,0.027234036475419998
38701.0,0.0,0.02624538727104664
38702.0,0.0,0.024871468544006348
38703.0,0.0,0.024717602878808975
38704.0,0.0,0.016435613855719566
38705.0,0.0,0.01338908076286316
38706.0,0.0,0.0690503939986229
38707.0,0.0,0.015247267670929432
38708.0,0.0,0.024970166385173798
38709.0,0.0,0.02663862146437168
38710.0,0.0,0.02360360138118267
38711.0,0.0,0.02697308547794819
38712.0,0.0,0.015246058814227581
38713.0,0.0,0.01722889207303524
38714.0,0.0,0.02641528844833374
38715.0,0.0,0.02632135897874832
38716.0,1.0,0.4374377727508545
38717.0,0.0,0.0252692848443985
38718.0,1.0,0.4436468780040741
38719.0,0.0,0.01629883050918579
38720.0,0.0,0.03482666239142418
38721.0,1.0,0.06998661160469055
38722.0,0.0,0.017969094216823578
38723.0,0.0,0.01722889207303524
38724.0,0.0,0.024871468544006348
38725.0,0.0,0.026122327893972397
38726.0,0.0,0.0012720894301310182
38727.0,0.0,0.0013516949256882071
38728.0,0.0,0.43026041984558105
38729.0,0.0,0.03710935637354851
38730.0,0.0,0.024906201288104057
38731.0,0.0,0.02632135897874832
38732.0,0.0,0.024906201288104057
38733.0,0.0,0.025771109387278557
38734.0,0.0,0.015878908336162567
38735.0,0.0,0.027234036475419998
38736.0,0.0,0.024906201288104057
38737.0,0.0,0.00144430180080235
38738.0,0.0,0.03425250202417374
38739.0,0.0,0.0015030310023576021
38740.0,0.0,0.027021421119570732
38741.0,0.0,0.0014018514193594456
38742.0,1.0,0.4037907123565674
38743.0,0.0,0.4122503101825714
38744.0,0.0,0.05525912344455719
38745.0,0.0,0.024906201288104057
38746.0,0.0,0.014678625389933586
38747.0,0.0,0.0013694989029318094
38748.0,0.0,0.025550583377480507
38749.0,0.0,0.4392189085483551
38750.0,0.0,0.039906181395053864
38751.0,0.0,0.015467743389308453
38752.0,0.0,0.015878908336162567
38753.0,0.0,0.027234036475419998
38754.0,0.0,0.07344572246074677
38755.0,0.0,0.02381543442606926
38756.0,0.0,0.02236247807741165
38757.0,0.0,0.024944746866822243
38758.0,0.0,0.01575755886733532
38759.0,0.0,0.016122156754136086
38760.0,0.0,0.015438084490597248
38761.0,0.0,0.01618671976029873
38762.0,0.0,0.02236247807741165
38763.0,0.0,0.023887183517217636
38764.0,0.0,0.025545770302414894
38765.0,0.0,0.0013608243316411972
38766.0,0.0,0.018040908500552177
38767.0,0.0,0.05998348444700241
38768.0,0.0,0.02323314920067787
38769.0,0.0,0.06715560704469681
38770.0,0.0,0.0013714581727981567
38771.0,0.0,0.02826070226728916
38772.0,0.0,0.025771109387278557
38773.0,0.0,0.016603995114564896
38774.0,0.0,0.023853830993175507
38775.0,0.0,0.02440434880554676
38776.0,0.0,0.024717602878808975
38777.0,0.0,0.017969094216823578
38778.0,0.0,0.025873281061649323
38779.0,0.0,0.025550583377480507
38780.0,0.0,0.024717602878808975
38781.0,0.0,0.018814213573932648
38782.0,0.0,0.01899777166545391
38783.0,0.0,0.02651994675397873
38784.0,0.0,0.02632135897874832
38785.0,1.0,0.4122503101825714
38786.0,0.0,0.0035319351591169834
38787.0,0.0,0.4532330334186554
38788.0,0.0,0.017693044617772102
38789.0,1.0,0.4445684850215912
38790.0,0.0,0.025771109387278557
38791.0,0.0,0.02381543442606926
38792.0,0.0,0.05522727221250534
38793.0,0.0,0.014777462929487228
38794.0,0.0,0.024717602878808975
38795.0,0.0,0.02236247807741165
38796.0,0.0,0.026706915348768234
38797.0,0.0,0.0015549295349046588
38798.0,0.0,0.027341853827238083
38799.0,0.0,0.023887183517217636
38800.0,0.0,0.0013663552235811949
38801.0,0.0,0.022397181019186974
38802.0,0.0,0.029936516657471657
38803.0,0.0,0.06428132206201553
38804.0,0.0,0.01678997464478016
38805.0,0.0,0.05810999497771263
38806.0,0.0,0.02440434880554676
38807.0,0.0,0.024717602878808975
38808.0,0.0,0.06021404266357422
38809.0,0.0,0.024906201288104057
38810.0,0.0,0.43402186036109924
38811.0,0.0,0.02632135897874832
38812.0,1.0,0.06131014972925186
38813.0,0.0,0.024717602878808975
38814.0,0.0,0.026744144037365913
38815.0,0.0,0.0013906233943998814
38816.0,0.0,0.01722889207303524
38817.0,0.0,0.02481570467352867
38818.0,0.0,0.0036219952162355185
38819.0,0.0,0.054758843034505844
38820.0,0.0,0.042172957211732864
38821.0,0.0,0.02236247807741165
38822.0,0.0,0.05522727221250534
38823.0,1.0,0.027234036475419998
38824.0,0.0,0.028361354023218155
38825.0,0.0,0.0013714581727981567
38826.0,0.0,0.018074018880724907
38827.0,0.0,0.03621754050254822
38828.0,0.0,0.43061134219169617
38829.0,0.0,0.025873281061649323
38830.0,0.0,0.02710825391113758
38831.0,0.0,0.02314114384353161
38832.0,0.0,0.024906201288104057
38833.0,0.0,0.023887183517217636
38834.0,0.0,0.023887183517217636
38835.0,0.0,0.003296883078292012
38836.0,0.0,0.02358420193195343
38837.0,0.0,0.04006208851933479
38838.0,0.0,0.0013160249218344688
38839.0,0.0,0.010836593806743622
38840.0,0.0,0.0013591691385954618
38841.0,0.0,0.02314114384353161
38842.0,0.0,0.024871468544006348
38843.0,0.0,0.024555636569857597
38844.0,0.0,0.017969094216823578
38845.0,0.0,0.015963472425937653
38846.0,0.0,0.0246882326900959
38847.0,0.0,0.029696887359023094
38848.0,0.0,0.027234036475419998
38849.0,0.0,0.04322633892297745
38850.0,0.0,0.031328391283750534
38851.0,0.0,0.024906201288104057
38852.0,0.0,0.022331207990646362
38853.0,1.0,0.43125638365745544
38854.0,0.0,0.016225576400756836
38855.0,0.0,0.02280110865831375
38856.0,0.0,0.024717602878808975
38857.0,0.0,0.05628763884305954
38858.0,0.0,0.016435613855719566
38859.0,0.0,0.023730525746941566
38860.0,0.0,0.023721186444163322
38861.0,0.0,0.02651994675397873
38862.0,0.0,0.02314114384353161
38863.0,1.0,0.024906201288104057
38864.0,0.0,0.017378058284521103
38865.0,0.0,0.027234036475419998
38866.0,0.0,0.024717602878808975
38867.0,0.0,0.024906201288104057
38868.0,0.0,0.0015030310023576021
38869.0,0.0,0.0028884958010166883
38870.0,0.0,0.02544485405087471
38871.0,0.0,0.0012283599935472012
38872.0,0.0,0.022365860641002655
38873.0,0.0,0.027234036475419998
38874.0,0.0,0.023887183517217636
38875.0,0.0,0.024906201288104057
38876.0,0.0,0.040349941700696945
38877.0,0.0,0.017739813774824142
38878.0,0.0,0.015556056052446365
38879.0,0.0,0.025771109387278557
38880.0,0.0,0.017378058284521103
38881.0,0.0,0.025550583377480507
38882.0,0.0,0.05623804032802582
38883.0,0.0,0.02663862146437168
38884.0,0.0,0.016446709632873535
38885.0,0.0,0.02814936637878418
38886.0,0.0,0.0016021872870624065
38887.0,0.0,0.026744144037365913
38888.0,0.0,0.012085461057722569
38889.0,0.0,0.0008405508706346154
38890.0,0.0,0.019770890474319458
38891.0,0.0,0.026122327893972397
38892.0,0.0,0.024717602878808975
38893.0,1.0,0.02663862146437168
38894.0,0.0,0.037593062967061996
38895.0,0.0,0.053454283624887466
38896.0,0.0,0.014743927866220474
38897.0,0.0,0.024906201288104057
38898.0,0.0,0.023887183517217636
38899.0,1.0,0.056136466562747955
38900.0,0.0,0.016122156754136086
38901.0,0.0,0.04469212517142296
38902.0,0.0,0.022938264533877373
38903.0,0.0,0.02632135897874832
38904.0,0.0,0.024906201288104057
38905.0,0.0,0.0013916846364736557
38906.0,0.0,0.016994355246424675
38907.0,0.0,0.06131014972925186
38908.0,0.0,0.02663862146437168
38909.0,1.0,0.4713025689125061
38910.0,0.0,0.02314114384353161
38911.0,0.0,0.016435613855719566
38912.0,0.0,0.041035208851099014
38913.0,0.0,0.023853830993175507
38914.0,0.0,0.025771109387278557
38915.0,0.0,0.01704694889485836
38916.0,0.0,0.025771109387278557
38917.0,0.0,0.02236247807741165
38918.0,0.0,0.025771109387278557
38919.0,0.0,0.4201633334159851
38920.0,0.0,0.017739813774824142
38921.0,0.0,0.025873281061649323
38922.0,0.0,0.0015004955930635333
38923.0,0.0,0.0015985096106305718
38924.0,0.0,0.34018510580062866
38925.0,0.0,0.025771109387278557
38926.0,0.0,0.04266770929098129
38927.0,0.0,0.023636609315872192
38928.0,0.0,0.05730250105261803
38929.0,0.0,0.02663862146437168
38930.0,0.0,0.06021404266357422
38931.0,0.0,0.025771109387278557
38932.0,0.0,0.025771109387278557
38933.0,0.0,0.02803678810596466
38934.0,0.0,0.02352619729936123
38935.0,0.0,0.018330127000808716
38936.0,0.0,0.02314114384353161
38937.0,0.0,0.03829755261540413
38938.0,0.0,0.023922305554151535
38939.0,0.0,0.025873281061649323
38940.0,0.0,0.0244136955589056
38941.0,0.0,0.017969094216823578
38942.0,1.0,0.024717602878808975
38943.0,0.0,0.016225576400756836
38944.0,0.0,0.0014018514193594456
38945.0,0.0,0.015675872564315796
38946.0,1.0,0.44021958112716675
38947.0,0.0,0.024970166385173798
38948.0,1.0,0.02236247807741165
38949.0,0.0,0.016109652817249298
38950.0,0.0,0.027341853827238083
38951.0,0.0,0.026744144037365913
38952.0,0.0,0.02398207224905491
38953.0,0.0,0.027001334354281425
38954.0,0.0,0.0013161314418539405
38955.0,0.0,0.003202454885467887
38956.0,0.0,0.02663862146437168
38957.0,0.0,0.024906201288104057
38958.0,0.0,0.025771109387278557
38959.0,0.0,0.0013714581727981567
38960.0,0.0,0.016293639317154884
38961.0,0.0,0.03740875422954559
38962.0,0.0,0.022451452910900116
38963.0,0.0,0.025651903823018074
38964.0,0.0,0.001668327022343874
38965.0,0.0,0.02507074922323227
38966.0,0.0,0.024906201288104057
38967.0,0.0,0.05515262857079506
38968.0,0.0,0.02481570467352867
38969.0,0.0,0.02236247807741165
38970.0,0.0,0.04041016474366188
38971.0,0.0,0.030646273866295815
38972.0,1.0,0.42969629168510437
38973.0,0.0,0.01722889207303524
38974.0,0.0,0.025771109387278557
38975.0,0.0,0.0012720894301310182
38976.0,0.0,0.017115140333771706
38977.0,0.0,0.02663862146437168
38978.0,0.0,0.0262258630245924
38979.0,0.0,0.039073653519153595
38980.0,0.0,0.02314114384353161
38981.0,0.0,0.022135263308882713
38982.0,0.0,0.43061134219169617
38983.0,0.0,0.02314114384353161
38984.0,0.0,0.023853830993175507
38985.0,0.0,0.03683403134346008
38986.0,0.0,0.025005033239722252
38987.0,0.0,0.03611791133880615
38988.0,0.0,0.02641528844833374
38989.0,0.0,0.024906201288104057
38990.0,0.0,0.0014502613339573145
38991.0,0.0,0.025771109387278557
38992.0,0.0,0.04239417985081673
38993.0,0.0,0.06551076471805573
38994.0,0.0,0.024717602878808975
38995.0,0.0,0.030146073549985886
38996.0,0.0,0.0013608243316411972
38997.0,0.0,0.015155063942074776
38998.0,0.0,0.033961985260248184
38999.0,1.0,0.3737911283969879
39000.0,0.0,0.025346089154481888
39001.0,0.0,0.01886281929910183
39002.0,0.0,0.0016403414774686098
39003.0,0.0,0.022847406566143036
39004.0,0.0,0.02663862146437168
39005.0,0.0,0.025346089154481888
39006.0,0.0,0.024906201288104057
39007.0,0.0,0.01697045937180519
39008.0,0.0,0.41840609908103943
39009.0,0.0,0.02814936637878418
39010.0,0.0,0.026425663381814957
39011.0,0.0,0.022331207990646362
39012.0,0.0,0.05522727221250534
39013.0,0.0,0.025873281061649323
39014.0,0.0,0.017969094216823578
39015.0,0.0,0.05163946375250816
39016.0,0.0,0.06044430285692215
39017.0,0.0,0.0012173517607152462
39018.0,0.0,0.01629883050918579
39019.0,0.0,0.023922305554151535
39020.0,0.0,0.030646273866295815
39021.0,0.0,0.0014135412639006972
39022.0,1.0,0.4392189085483551
39023.0,0.0,0.026122327893972397
39024.0,0.0,0.030011236667633057
39025.0,0.0,0.02348615787923336
39026.0,0.0,0.04596468061208725
39027.0,0.0,0.06511613726615906
39028.0,0.0,0.023922305554151535
39029.0,0.0,0.014870388433337212
39030.0,0.0,0.058765873312950134
39031.0,0.0,0.025771403685212135
39032.0,0.0,0.0013517334591597319
39033.0,0.0,0.0014202744932845235
39034.0,0.0,0.024717602878808975
39035.0,0.0,0.025545770302414894
39036.0,0.0,0.017008891329169273
39037.0,0.0,0.014743927866220474
39038.0,0.0,0.04072709009051323
39039.0,0.0,0.015640918165445328
39040.0,0.0,0.024944746866822243
39041.0,0.0,0.014891373924911022
39042.0,0.0,0.025873281061649323
39043.0,0.0,0.43026041984558105
39044.0,0.0,0.016225576400756836
39045.0,0.0,0.02663862146437168
39046.0,0.0,0.05708349123597145
39047.0,0.0,0.010836593806743622
39048.0,0.0,0.02323314920067787
39049.0,0.0,0.015878908336162567
39050.0,0.0,0.024717602878808975
39051.0,0.0,0.027234036475419998
39052.0,0.0,0.016293639317154884
39053.0,1.0,0.017381543293595314
39054.0,0.0,0.02314114384353161
39055.0,0.0,0.025005033239722252
39056.0,0.0,0.041854701936244965
39057.0,0.0,0.003202454885467887
39058.0,0.0,0.06689666211605072
39059.0,0.0,0.026122327893972397
39060.0,0.0,0.023730525746941566
39061.0,0.0,0.003296883078292012
39062.0,0.0,0.016766361892223358
39063.0,0.0,0.024717602878808975
39064.0,0.0,0.016435613855719566
39065.0,1.0,0.05522727221250534
39066.0,0.0,0.01886281929910183
39067.0,0.0,0.04667496308684349
39068.0,0.0,0.024717602878808975
39069.0,0.0,0.02314114384353161
39070.0,0.0,0.027234036475419998
39071.0,0.0,0.025514967739582062
39072.0,0.0,0.05604023113846779
39073.0,0.0,0.0013714581727981567
39074.0,0.0,0.025771109387278557
39075.0,0.0,0.01678997464478016
39076.0,0.0,0.439609557390213
39077.0,0.0,0.016225576400756836
39078.0,0.0,0.013825992122292519
39079.0,0.0,0.023677917197346687
39080.0,0.0,0.013825992122292519
39081.0,0.0,0.025873281061649323
39082.0,0.0,0.025771109387278557
39083.0,1.0,0.9787936210632324
39084.0,0.0,0.016435613855719566
39085.0,0.0,0.024906201288104057
39086.0,0.0,0.024556316435337067
39087.0,0.0,0.017378058284521103
39088.0,0.0,0.038782041519880295
39089.0,0.0,0.024717602878808975
39090.0,1.0,0.9765215516090393
39091.0,0.0,0.02314114384353161
39092.0,0.0,0.02355126105248928
39093.0,0.0,0.025771109387278557
39094.0,0.0,0.3920905590057373
39095.0,0.0,0.025873281061649323
39096.0,0.0,0.016435613855719566
39097.0,0.0,0.06131014972925186
39098.0,0.0,0.44283321499824524
39099.0,0.0,0.016994355246424675
39100.0,0.0,0.01216846238821745
39101.0,0.0,0.010664010420441628
39102.0,0.0,0.010952994227409363
39103.0,0.0,0.02314114384353161
39104.0,0.0,0.013825992122292519
39105.0,0.0,0.02236247807741165
39106.0,0.0,0.027234036475419998
39107.0,0.0,0.0012720894301310182
39108.0,0.0,0.022847406566143036
39109.0,0.0,0.011426706798374653
39110.0,0.0,0.023887183517217636
39111.0,0.0,0.0014513740316033363
39112.0,0.0,0.02814936637878418
39113.0,0.0,0.029535578563809395
39114.0,0.0,0.016753703355789185
39115.0,0.0,0.02445853315293789
39116.0,0.0,0.05066057667136192
39117.0,0.0,0.022135263308882713
39118.0,0.0,0.017478905618190765
39119.0,0.0,0.0036034060176461935
39120.0,0.0,0.014243694953620434
39121.0,0.0,0.022486286237835884
39122.0,0.0,0.0014202744932845235
39123.0,0.0,0.029535578563809395
39124.0,0.0,0.024556316435337067
39125.0,0.0,0.02632135897874832
39126.0,1.0,0.022451452910900116
39127.0,0.0,0.024906201288104057
39128.0,0.0,0.016994355246424675
39129.0,0.0,0.44021958112716675
39130.0,0.0,0.009882061742246151
39131.0,0.0,0.03624822944402695
39132.0,0.0,0.05915085971355438
39133.0,0.0,0.0013663552235811949
39134.0,0.0,0.018215972930192947
39135.0,0.0,0.03740875422954559
39136.0,0.0,0.022047515958547592
39137.0,0.0,0.025873281061649323
39138.0,0.0,0.014061274006962776
39139.0,0.0,0.01521681435406208
39140.0,0.0,0.023721186444163322
39141.0,0.0,0.0035463974345475435
39142.0,0.0,0.0030863771680742502
39143.0,0.0,0.02632135897874832
39144.0,0.0,0.018330127000808716
39145.0,0.0,0.024871468544006348
39146.0,0.0,0.027234036475419998
39147.0,0.0,0.025873281061649323
39148.0,0.0,0.0038518053479492664
39149.0,0.0,0.016446709632873535
39150.0,0.0,0.029535578563809395
39151.0,1.0,0.454285591840744
39152.0,1.0,0.48022666573524475
39153.0,0.0,0.0014401210937649012
39154.0,0.0,0.4316074550151825
39155.0,0.0,0.06344211101531982
39156.0,0.0,0.020430289208889008
39157.0,0.0,0.060643456876277924
39158.0,0.0,0.025771109387278557
39159.0,0.0,0.02632135897874832
39160.0,0.0,0.04370969161391258
39161.0,0.0,0.024906201288104057
39162.0,0.0,0.0012720894301310182
39163.0,0.0,0.0013384196208789945
39164.0,1.0,0.018475759774446487
39165.0,0.0,0.05515262857079506
39166.0,0.0,0.013825992122292519
39167.0,0.0,0.02544485405087471
39168.0,0.0,0.0013770321384072304
39169.0,0.0,0.014114202931523323
39170.0,0.0,0.010245205834507942
39171.0,0.0,0.015856554731726646
39172.0,0.0,0.025771109387278557
39173.0,0.0,0.02632135897874832
39174.0,0.0,0.027234036475419998
39175.0,0.0,0.01740630343556404
39176.0,0.0,0.024970166385173798
39177.0,0.0,0.02412227913737297
39178.0,0.0,0.0013714581727981567
39179.0,0.0,0.01704694889485836
39180.0,0.0,0.025771109387278557
39181.0,0.0,0.016435613855719566
39182.0,0.0,0.03697721287608147
39183.0,0.0,0.04536348581314087
39184.0,0.0,0.024970166385173798
39185.0,0.0,0.024970166385173798
39186.0,0.0,0.025651903823018074
39187.0,0.0,0.01886281929910183
39188.0,0.0,0.05199820175766945
39189.0,0.0,0.01834665983915329
39190.0,0.0,0.0013714581727981567
39191.0,0.0,0.34169960021972656
39192.0,0.0,0.4287012219429016
39193.0,0.0,0.024906201288104057
39194.0,0.0,0.024590618908405304
39195.0,0.0,0.025771109387278557
39196.0,0.0,0.024871468544006348
39197.0,0.0,0.00330717652104795
39198.0,0.0,0.0013431700645014644
39199.0,1.0,0.4215022325515747
39200.0,0.0,0.04125974327325821
39201.0,0.0,0.001422525616362691
39202.0,0.0,0.025383293628692627
39203.0,0.0,0.015467743389308453
39204.0,0.0,0.017697852104902267
39205.0,0.0,0.02660154178738594
39206.0,1.0,0.8570403456687927
39207.0,0.0,0.015224582515656948
39208.0,0.0,0.0029243058525025845
39209.0,0.0,0.024871468544006348
39210.0,0.0,0.025771109387278557
39211.0,0.0,0.0035368758253753185
39212.0,0.0,0.025651903823018074
39213.0,0.0,0.02323314920067787
39214.0,0.0,0.01899777166545391
39215.0,0.0,0.025771109387278557
39216.0,0.0,0.025771109387278557
39217.0,0.0,0.022331207990646362
39218.0,0.0,0.022847406566143036
39219.0,0.0,0.016994355246424675
39220.0,0.0,0.025771109387278557
39221.0,0.0,0.02314114384353161
39222.0,0.0,0.024717602878808975
39223.0,0.0,0.027234036475419998
39224.0,0.0,0.019073618575930595
39225.0,0.0,0.02624538727104664
39226.0,0.0,0.016777299344539642
39227.0,0.0,0.02236247807741165
39228.0,0.0,0.024871468544006348
39229.0,0.0,0.023887183517217636
39230.0,0.0,0.05902445688843727
39231.0,0.0,0.01750071719288826
39232.0,0.0,0.4316074550151825
39233.0,0.0,0.02632135897874832
39234.0,0.0,0.025514967739582062
39235.0,0.0,0.02826070226728916
39236.0,0.0,0.035533614456653595
39237.0,0.0,0.016435613855719566
39238.0,0.0,0.02663862146437168
39239.0,0.0,0.06344211101531982
39240.0,0.0,0.017968246713280678
39241.0,0.0,0.02526475116610527
39242.0,0.0,0.02360360138118267
39243.0,0.0,0.025005033239722252
39244.0,0.0,0.02445853315293789
39245.0,0.0,0.025771109387278557
39246.0,0.0,0.02632135897874832
39247.0,0.0,0.024717602878808975
39248.0,0.0,0.024871468544006348
39249.0,0.0,0.016435613855719566
39250.0,0.0,0.024717602878808975
39251.0,0.0,0.0014202744932845235
39252.0,0.0,0.024717602878808975
39253.0,0.0,0.02236247807741165
39254.0,0.0,0.05522727221250534
39255.0,0.0,0.029535578563809395
39256.0,0.0,0.0016749670030549169
39257.0,0.0,0.023887183517217636
39258.0,0.0,0.013825992122292519
39259.0,0.0,0.0263888631016016
39260.0,0.0,0.025771109387278557
39261.0,0.0,0.01899777166545391
39262.0,0.0,0.02314114384353161
39263.0,0.0,0.060643456876277924
39264.0,0.0,0.016570892184972763
39265.0,0.0,0.025771109387278557
39266.0,0.0,0.02236247807741165
39267.0,0.0,0.022451452910900116
39268.0,0.0,0.030530719086527824
39269.0,0.0,0.013185258023440838
39270.0,0.0,0.0014202744932845235
39271.0,0.0,0.022047515958547592
39272.0,0.0,0.014891373924911022
39273.0,0.0,0.01707509346306324
39274.0,0.0,0.025005033239722252
39275.0,1.0,0.04228183627128601
39276.0,0.0,0.025550583377480507
39277.0,0.0,0.03889988735318184
39278.0,0.0,0.015675872564315796
39279.0,0.0,0.02179497294127941
39280.0,0.0,0.06512142717838287
39281.0,0.0,0.016435613855719566
39282.0,0.0,0.03106181137263775
39283.0,0.0,0.025810956954956055
39284.0,1.0,0.4442150890827179
39285.0,0.0,0.022822577506303787
39286.0,1.0,0.4426445960998535
39287.0,0.0,0.04072709009051323
39288.0,0.0,0.0014693202683702111
39289.0,0.0,0.02314114384353161
39290.0,0.0,0.001449301722459495
39291.0,0.0,0.015878908336162567
39292.0,0.0,0.02814936637878418
39293.0,0.0,0.02465379238128662
39294.0,0.0,0.010370426811277866
39295.0,0.0,0.024906201288104057
39296.0,0.0,0.024717602878808975
39297.0,0.0,0.06631822884082794
39298.0,0.0,0.02815966308116913
39299.0,0.0,0.3879939615726471
39300.0,0.0,0.025005033239722252
39301.0,0.0,0.025771109387278557
39302.0,0.0,0.0033562947064638138
39303.0,0.0,0.022166267037391663
39304.0,0.0,0.01685047335922718
39305.0,0.0,0.016435613855719566
39306.0,0.0,0.026425663381814957
39307.0,0.0,0.014223608188331127
39308.0,0.0,0.0013608243316411972
39309.0,0.0,0.011426706798374653
39310.0,0.0,0.042148660868406296
39311.0,0.0,0.0013694989029318094
39312.0,1.0,0.02236247807741165
39313.0,0.0,0.017008891329169273
39314.0,0.0,0.05708349123597145
39315.0,0.0,0.016122156754136086
39316.0,0.0,0.024906201288104057
39317.0,0.0,0.017378058284521103
39318.0,0.0,0.02179497294127941
39319.0,0.0,0.027341853827238083
39320.0,0.0,0.03508663550019264
39321.0,0.0,0.025873281061649323
39322.0,0.0,0.010159410536289215
39323.0,0.0,0.04019296169281006
39324.0,0.0,0.024906201288104057
39325.0,0.0,0.0034331486094743013
39326.0,0.0,0.025771109387278557
39327.0,0.0,0.02236247807741165
39328.0,0.0,0.025771109387278557
39329.0,0.0,0.016225576400756836
39330.0,0.0,0.022847406566143036
39331.0,0.0,0.025651903823018074
39332.0,0.0,0.045390501618385315
39333.0,0.0,0.014777462929487228
39334.0,0.0,0.0013536671176552773
39335.0,0.0,0.0013770321384072304
39336.0,0.0,0.017969094216823578
39337.0,0.0,0.001863972283899784
39338.0,1.0,0.33227863907814026
39339.0,0.0,0.017969094216823578
39340.0,0.0,0.027234036475419998
39341.0,0.0,0.026301685720682144
39342.0,0.0,0.0016337033594027162
39343.0,0.0,0.028187638148665428
39344.0,0.0,0.02663862146437168
39345.0,0.0,0.06344211101531982
39346.0,0.0,0.023721186444163322
39347.0,0.0,0.0016022727359086275
39348.0,0.0,0.01450540591031313
39349.0,0.0,0.024906201288104057
39350.0,0.0,0.02797490544617176
39351.0,0.0,0.0014566865283995867
39352.0,0.0,0.027234036475419998
39353.0,0.0,0.015246058814227581
39354.0,0.0,0.014777462929487228
39355.0,0.0,0.01899777166545391
39356.0,0.0,0.027234036475419998
39357.0,0.0,0.0013714581727981567
39358.0,0.0,0.02526475116610527
39359.0,0.0,0.024590618908405304
39360.0,0.0,0.015675872564315796
39361.0,0.0,0.024906201288104057
39362.0,0.0,0.02536497637629509
39363.0,0.0,0.04019296169281006
39364.0,0.0,0.04142071679234505
39365.0,0.0,0.016225576400756836
39366.0,0.0,0.03278540074825287
39367.0,0.0,0.05366620793938637
39368.0,0.0,0.0014202744932845235
39369.0,0.0,0.024906201288104057
39370.0,0.0,0.0182296484708786
39371.0,0.0,0.02632135897874832
39372.0,0.0,0.02544485405087471
39373.0,1.0,0.02314114384353161
39374.0,1.0,0.06021404266357422
39375.0,0.0,0.0013193896738812327
39376.0,0.0,0.016435613855719566
39377.0,0.0,0.025771109387278557
39378.0,0.0,0.018069032579660416
39379.0,0.0,0.06044430285692215
39380.0,0.0,0.02624538727104664
39381.0,0.0,0.0016337033594027162
39382.0,0.0,0.05660359188914299
39383.0,0.0,0.027001334354281425
39384.0,0.0,0.01585134118795395
39385.0,0.0,0.44021958112716675
39386.0,0.0,0.015878908336162567
39387.0,0.0,0.02440434880554676
39388.0,0.0,0.027234036475419998
39389.0,0.0,0.4816263020038605
39390.0,0.0,0.015979811549186707
39391.0,0.0,0.024717602878808975
39392.0,0.0,0.03301834315061569
39393.0,0.0,0.024906201288104057
39394.0,0.0,0.013356479816138744
39395.0,0.0,0.01506237406283617
39396.0,0.0,0.022047515958547592
39397.0,0.0,0.04041016474366188
39398.0,0.0,0.03600543364882469
39399.0,0.0,0.024906201288104057
39400.0,0.0,0.02663862146437168
39401.0,0.0,0.0012989522656425834
39402.0,1.0,0.4392189085483551
39403.0,0.0,0.015413998626172543
39404.0,0.0,0.059674497693777084
39405.0,0.0,0.07461477071046829
39406.0,0.0,0.026122327893972397
39407.0,0.0,0.02854803204536438
39408.0,0.0,0.024717602878808975
39409.0,0.0,0.05708349123597145
39410.0,0.0,0.058541614562273026
39411.0,0.0,0.02236247807741165
39412.0,0.0,0.013825992122292519
39413.0,0.0,0.02660154178738594
39414.0,0.0,0.03574252501130104
39415.0,0.0,0.04625562205910683
39416.0,0.0,0.026141773909330368
39417.0,0.0,0.03224973380565643
39418.0,0.0,0.0014129901537671685
39419.0,0.0,0.029652222990989685
39420.0,0.0,0.018040908500552177
39421.0,0.0,0.02323314920067787
39422.0,0.0,0.024970166385173798
39423.0,0.0,0.01410497073084116
39424.0,0.0,0.023887183517217636
39425.0,0.0,0.04019296169281006
39426.0,0.0,0.02663862146437168
39427.0,0.0,0.024717602878808975
39428.0,0.0,0.0263888631016016
39429.0,0.0,0.0014401210937649012
39430.0,0.0,0.02521074190735817
39431.0,0.0,0.027234036475419998
39432.0,0.0,0.024717602878808975
39433.0,0.0,0.024017333984375
39434.0,0.0,0.04110029339790344
39435.0,0.0,0.0013140484225004911
39436.0,0.0,0.02360360138118267
39437.0,0.0,0.02653190866112709
39438.0,0.0,0.024906201288104057
39439.0,0.0,0.0015030310023576021
39440.0,0.0,0.02663862146437168
39441.0,0.0,0.02526475116610527
39442.0,0.0,0.0013714581727981567
39443.0,0.0,0.016435613855719566
39444.0,0.0,0.015246058814227581
39445.0,0.0,0.06511613726615906
39446.0,0.0,0.0357942134141922
39447.0,0.0,0.025771109387278557
39448.0,0.0,0.015224582515656948
39449.0,0.0,0.011426706798374653
39450.0,0.0,0.025651903823018074
39451.0,0.0,0.001488251960836351
39452.0,0.0,0.4392189085483551
39453.0,0.0,0.026425663381814957
39454.0,0.0,0.025550583377480507
39455.0,0.0,0.02440434880554676
39456.0,0.0,0.02355126105248928
39457.0,0.0,0.03683403134346008
39458.0,0.0,0.003230641596019268
39459.0,0.0,0.0663568452000618
39460.0,0.0,0.025771109387278557
39461.0,0.0,0.02323314920067787
39462.0,0.0,0.023922305554151535
39463.0,0.0,0.4316074550151825
39464.0,0.0,0.020900513976812363
39465.0,0.0,0.07230093330144882
39466.0,0.0,0.0014202744932845235
39467.0,0.0,0.010333484970033169
39468.0,0.0,0.017810726538300514
39469.0,0.0,0.014093264937400818
39470.0,0.0,0.015413998626172543
39471.0,1.0,0.44021958112716675
39472.0,0.0,0.024906201288104057
39473.0,0.0,0.003620080417022109
39474.0,0.0,0.02521074190735817
39475.0,0.0,0.037497278302907944
39476.0,0.0,0.023888908326625824
39477.0,0.0,0.003803789848461747
39478.0,1.0,0.026141773909330368
39479.0,0.0,0.015878908336162567
39480.0,0.0,0.025771109387278557
39481.0,0.0,0.026744144037365913
39482.0,0.0,0.0014260467141866684
39483.0,0.0,0.025873281061649323
39484.0,1.0,0.027021421119570732
39485.0,0.0,0.02371274307370186
39486.0,0.0,0.015878908336162567
39487.0,0.0,0.023922305554151535
39488.0,0.0,0.06512225419282913
39489.0,0.0,0.02236247807741165
39490.0,0.0,0.025771109387278557
39491.0,0.0,0.023585906252264977
39492.0,0.0,0.01575755886733532
39493.0,0.0,0.02236247807741165
39494.0,0.0,0.023887183517217636
39495.0,0.0,0.0013808943331241608
39496.0,0.0,0.016109652817249298
39497.0,0.0,0.0013807386858388782
39498.0,0.0,0.05982593074440956
39499.0,0.0,0.015675872564315796
39500.0,0.0,0.014243694953620434
39501.0,1.0,0.4197966754436493
39502.0,0.0,0.016853002831339836
39503.0,0.0,0.024555636569857597
39504.0,0.0,0.01685047335922718
39505.0,0.0,0.0559094063937664
39506.0,0.0,0.40344616770744324
39507.0,0.0,0.02517021633684635
39508.0,0.0,0.02641528844833374
39509.0,0.0,0.06512225419282913
39510.0,0.0,0.026141773909330368
39511.0,0.0,0.038531553000211716
39512.0,0.0,0.016225576400756836
39513.0,0.0,0.05834890156984329
39514.0,0.0,0.02298109605908394
39515.0,0.0,0.010836593806743622
39516.0,0.0,0.016293639317154884
39517.0,1.0,0.40347951650619507
39518.0,0.0,0.003421159228309989
39519.0,0.0,0.027234036475419998
39520.0,0.0,0.017094489187002182
39521.0,0.0,0.0014513740316033363
39522.0,0.0,0.05607227236032486
39523.0,0.0,0.024906201288104057
39524.0,0.0,0.025873281061649323
39525.0,0.0,0.0015030310023576021
39526.0,0.0,0.0014260467141866684
39527.0,0.0,0.024906201288104057
39528.0,0.0,0.024590618908405304
39529.0,0.0,0.028024164959788322
39530.0,0.0,0.003806616645306349
39531.0,0.0,0.017378058284521103
39532.0,0.0,0.06689666211605072
39533.0,0.0,0.025005033239722252
39534.0,0.0,0.018040908500552177
39535.0,0.0,0.0246882326900959
39536.0,0.0,0.015938570722937584
39537.0,0.0,0.015878908336162567
39538.0,0.0,0.0014260467141866684
39539.0,0.0,0.0318819023668766
39540.0,0.0,0.0013842876069247723
39541.0,1.0,0.07039401680231094
39542.0,0.0,0.02236247807741165
39543.0,0.0,0.02824964001774788
39544.0,0.0,0.015938570722937584
39545.0,0.0,0.026122327893972397
39546.0,0.0,0.026744144037365913
39547.0,0.0,0.02893596701323986
39548.0,0.0,0.0008405508706346154
39549.0,0.0,0.023474901914596558
39550.0,1.0,0.9478880167007446
39551.0,0.0,0.042148660868406296
39552.0,0.0,0.025005033239722252
39553.0,0.0,0.024906201288104057
39554.0,0.0,0.0013973414897918701
39555.0,0.0,0.03749186545610428
39556.0,0.0,0.024906201288104057
39557.0,0.0,0.025771109387278557
39558.0,0.0,0.0182296484708786
39559.0,0.0,0.011279945261776447
39560.0,0.0,0.01575755886733532
39561.0,0.0,0.016446709632873535
39562.0,0.0,0.027001334354281425
39563.0,0.0,0.015202022157609463
39564.0,0.0,0.02395937219262123
39565.0,0.0,0.023853830993175507
39566.0,0.0,0.011183112859725952
39567.0,0.0,0.017378058284521103
39568.0,0.0,0.038782041519880295
39569.0,0.0,0.0014202744932845235
39570.0,0.0,0.04041016474366188
39571.0,0.0,0.024717602878808975
39572.0,0.0,0.015878908336162567
39573.0,0.0,0.025771109387278557
39574.0,0.0,0.01757531799376011
39575.0,0.0,0.02632135897874832
39576.0,0.0,0.33927401900291443
39577.0,0.0,0.024906201288104057
39578.0,1.0,0.05782511830329895
39579.0,0.0,0.018040908500552177
39580.0,0.0,0.025771109387278557
39581.0,0.0,0.024231432005763054
39582.0,0.0,0.026744144037365913
39583.0,1.0,0.01607489213347435
39584.0,0.0,0.0014260467141866684
39585.0,0.0,0.05522727221250534
39586.0,0.0,0.03458906710147858
39587.0,0.0,0.06301617622375488
39588.0,0.0,0.05708349123597145
39589.0,0.0,0.4003032445907593
39590.0,0.0,0.02207839861512184
39591.0,0.0,0.038543496280908585
39592.0,0.0,0.0014202744932845235
39593.0,0.0,0.023887183517217636
39594.0,0.0,0.023887183517217636
39595.0,0.0,0.47073468565940857
39596.0,0.0,0.003518701996654272
39597.0,0.0,0.027234036475419998
39598.0,0.0,0.018040908500552177
39599.0,0.0,0.0597548745572567
39600.0,0.0,0.0013770321384072304
39601.0,0.0,0.42740845680236816
39602.0,0.0,0.01704694889485836
39603.0,0.0,0.0012720894301310182
39604.0,0.0,0.012085461057722569
39605.0,0.0,0.03967888653278351
39606.0,0.0,0.06344211101531982
39607.0,0.0,0.02667977847158909
39608.0,0.0,0.35602715611457825
39609.0,0.0,0.025771109387278557
39610.0,0.0,0.014430656097829342
39611.0,0.0,0.0014202744932845235
39612.0,0.0,0.025005033239722252
39613.0,0.0,0.024590618908405304
39614.0,0.0,0.0013750650687143207
39615.0,0.0,0.018040908500552177
39616.0,0.0,0.05955221503973007
39617.0,0.0,0.016435613855719566
39618.0,0.0,0.025005033239722252
39619.0,0.0,0.0013536671176552773
39620.0,1.0,0.4037907123565674
39621.0,0.0,0.027234036475419998
39622.0,0.0,0.017378058284521103
39623.0,0.0,0.025873281061649323
39624.0,0.0,0.023887183517217636
39625.0,0.0,0.014555196277797222
39626.0,0.0,0.014870388433337212
39627.0,0.0,0.023636609315872192
39628.0,0.0,0.016225576400756836
39629.0,0.0,0.02544485405087471
39630.0,0.0,0.023853830993175507
39631.0,0.0,0.025642139837145805
39632.0,0.0,0.43061134219169617
39633.0,0.0,0.040762387216091156
39634.0,0.0,0.025005033239722252
39635.0,0.0,0.017115604132413864
39636.0,0.0,0.02663862146437168
39637.0,0.0,0.024906201288104057
39638.0,1.0,0.4122503101825714
39639.0,0.0,0.025545770302414894
39640.0,0.0,0.03957344591617584
39641.0,0.0,0.0014202744932845235
39642.0,0.0,0.05804179608821869
39643.0,0.0,0.03630084544420242
39644.0,0.0,0.016446709632873535
39645.0,0.0,0.024906201288104057
39646.0,0.0,0.027021421119570732
39647.0,0.0,0.025771109387278557
39648.0,0.0,0.023853830993175507
39649.0,0.0,0.001317504676990211
39650.0,0.0,0.029535578563809395
39651.0,0.0,0.027913730591535568
39652.0,0.0,0.01618671976029873
39653.0,0.0,0.023922305554151535
39654.0,0.0,0.02314114384353161
39655.0,0.0,0.023393183946609497
39656.0,0.0,0.016318025067448616
39657.0,0.0,0.02544485405087471
39658.0,0.0,0.02596247009932995
39659.0,0.0,0.0244136955589056
39660.0,0.0,0.4476095139980316
39661.0,0.0,0.02632135897874832
39662.0,0.0,0.05764511972665787
39663.0,0.0,0.06344211101531982
39664.0,0.0,0.0012720894301310182
39665.0,0.0,0.015223466791212559
39666.0,0.0,0.015223466791212559
39667.0,0.0,0.4392189085483551
39668.0,0.0,0.025771109387278557
39669.0,0.0,0.024944746866822243
39670.0,0.0,0.017969094216823578
39671.0,0.0,0.017969094216823578
39672.0,0.0,0.017378058284521103
39673.0,0.0,0.06175331398844719
39674.0,0.0,0.016435613855719566
39675.0,0.0,0.0016337033594027162
39676.0,0.0,0.02555767446756363
39677.0,0.0,0.023887183517217636
39678.0,0.0,0.02502305433154106
39679.0,0.0,0.0015030310023576021
39680.0,0.0,0.024717602878808975
39681.0,0.0,0.01746722124516964
39682.0,0.0,0.014124889858067036
39683.0,0.0,0.028110241517424583
39684.0,0.0,0.06474325805902481
39685.0,0.0,0.05795514956116676
39686.0,0.0,0.05522727221250534
39687.0,0.0,0.023924192413687706
39688.0,0.0,0.024717602878808975
39689.0,0.0,0.014891373924911022
39690.0,0.0,0.0014412200544029474
39691.0,0.0,0.0012772607151418924
39692.0,0.0,0.016225576400756836
39693.0,0.0,0.02314114384353161
39694.0,0.0,0.024555636569857597
39695.0,0.0,0.062166977673769
39696.0,0.0,0.014891373924911022
39697.0,0.0,0.0014202744932845235
39698.0,0.0,0.026963751763105392
39699.0,0.0,0.039073653519153595
39700.0,1.0,0.027234036475419998
39701.0,0.0,0.026141773909330368
39702.0,0.0,0.003328826045617461
39703.0,0.0,0.016122156754136086
39704.0,0.0,0.027234036475419998
39705.0,0.0,0.025005033239722252
39706.0,0.0,0.025227047502994537
39707.0,0.0,0.015413998626172543
39708.0,1.0,0.9962475895881653
39709.0,0.0,0.025873281061649323
39710.0,0.0,0.06644915789365768
39711.0,0.0,0.02445853315293789
39712.0,0.0,0.02323314920067787
39713.0,0.0,0.014255979098379612
39714.0,0.0,0.027341853827238083
39715.0,0.0,0.037938617169857025
39716.0,0.0,0.025771109387278557
39717.0,0.0,0.025771109387278557
39718.0,0.0,0.025873281061649323
39719.0,0.0,0.05607227236032486
39720.0,0.0,0.016352578997612
39721.0,0.0,0.02826070226728916
39722.0,0.0,0.025771109387278557
39723.0,0.0,0.016766361892223358
39724.0,0.0,0.043885406106710434
39725.0,0.0,0.02663862146437168
39726.0,0.0,0.015041153877973557
39727.0,0.0,0.015878908336162567
39728.0,1.0,0.05826426297426224
39729.0,1.0,0.4205121099948883
39730.0,0.0,0.02660154178738594
39731.0,0.0,0.037028223276138306
39732.0,0.0,0.0014202744932845235
39733.0,1.0,0.0597548745572567
39734.0,0.0,0.018040908500552177
39735.0,0.0,0.025771109387278557
39736.0,0.0,0.42014530301094055
39737.0,0.0,0.6175107955932617
39738.0,0.0,0.02526475116610527
39739.0,0.0,0.01899777166545391
39740.0,0.0,0.06344211101531982
39741.0,0.0,0.018475759774446487
39742.0,0.0,0.025873281061649323
39743.0,0.0,0.9236085414886475
39744.0,0.0,0.023433061316609383
39745.0,0.0,0.001298092189244926
39746.0,0.0,0.02398207224905491
39747.0,0.0,0.015413998626172543
39748.0,0.0,0.014777462929487228
39749.0,0.0,0.0013694989029318094
39750.0,0.0,0.023887183517217636
39751.0,0.0,0.03950551897287369
39752.0,1.0,0.010333484970033169
39753.0,0.0,0.02411230467259884
39754.0,0.0,0.02893596701323986
39755.0,0.0,0.025873281061649323
39756.0,1.0,0.39069804549217224
39757.0,0.0,0.01899777166545391
39758.0,0.0,0.015413998626172543
39759.0,0.0,0.05907125025987625
39760.0,0.0,0.015856554731726646
39761.0,0.0,0.01562632992863655
39762.0,0.0,0.022847406566143036
39763.0,0.0,0.05826232582330704
39764.0,0.0,0.06198906525969505
39765.0,0.0,0.02814936637878418
39766.0,0.0,0.023474901914596558
39767.0,0.0,0.02632135897874832
39768.0,0.0,0.05848557502031326
39769.0,0.0,0.05902445688843727
39770.0,0.0,0.023887183517217636
39771.0,0.0,0.02440434880554676
39772.0,0.0,0.027913730591535568
39773.0,0.0,0.010952994227409363
39774.0,0.0,0.015916068106889725
39775.0,0.0,0.024906201288104057
39776.0,0.0,0.0014018514193594456
39777.0,0.0,0.02536497637629509
39778.0,0.0,0.0013608243316411972
39779.0,0.0,0.016435613855719566
39780.0,0.0,0.02653190866112709
39781.0,0.0,0.017969094216823578
39782.0,0.0,0.017739813774824142
39783.0,0.0,0.4713025689125061
39784.0,0.0,0.024556316435337067
39785.0,0.0,0.016674311831593513
39786.0,0.0,0.0246882326900959
39787.0,0.0,0.019073618575930595
39788.0,0.0,0.015556056052446365
39789.0,0.0,0.024906201288104057
39790.0,0.0,0.024717602878808975
39791.0,0.0,0.016994355246424675
39792.0,0.0,0.027234036475419998
39793.0,0.0,0.038809921592473984
39794.0,0.0,0.023721186444163322
39795.0,0.0,0.010713044553995132
39796.0,0.0,0.027234036475419998
39797.0,0.0,0.025873281061649323
39798.0,1.0,0.9901076555252075
39799.0,0.0,0.03764684498310089
39800.0,0.0,0.03683403134346008
39801.0,0.0,0.06021404266357422
39802.0,0.0,0.01899777166545391
39803.0,0.0,0.015247267670929432
39804.0,0.0,0.044656071811914444
39805.0,0.0,0.027021421119570732
39806.0,0.0,0.0597548745572567
39807.0,0.0,0.06689666211605072
39808.0,0.0,0.022847406566143036
39809.0,0.0,0.018040908500552177
39810.0,0.0,0.023887183517217636
39811.0,0.0,0.023922305554151535
39812.0,0.0,0.06139259412884712
39813.0,0.0,0.024970166385173798
39814.0,0.0,0.02323314920067787
39815.0,0.0,0.024906201288104057
39816.0,0.0,0.024906201288104057
39817.0,0.0,0.025771109387278557
39818.0,0.0,0.013825992122292519
39819.0,0.0,0.030390391126275063
39820.0,0.0,0.02236247807741165
39821.0,0.0,0.024590618908405304
39822.0,0.0,0.017969094216823578
39823.0,0.0,0.023924192413687706
39824.0,0.0,0.02663862146437168
39825.0,0.0,0.0014202744932845235
39826.0,0.0,0.0013865068322047591
39827.0,0.0,0.017969094216823578
39828.0,0.0,0.4472556412220001
39829.0,0.0,0.024871468544006348
39830.0,0.0,0.017336970195174217
39831.0,0.0,0.015878908336162567
39832.0,0.0,0.026122327893972397
39833.0,0.0,0.06995423138141632
39834.0,0.0,0.011426706798374653
39835.0,0.0,0.02854803204536438
39836.0,0.0,0.024717602878808975
39837.0,1.0,0.6696712970733643
39838.0,0.0,0.025873281061649323
39839.0,0.0,0.027234036475419998
39840.0,0.0,0.026744144037365913
39841.0,0.0,0.024717602878808975
39842.0,0.0,0.024871468544006348
39843.0,0.0,0.0015030310023576021
39844.0,0.0,0.024906201288104057
39845.0,0.0,0.024302981793880463
39846.0,1.0,0.4426445960998535
39847.0,1.0,0.02544485405087471
39848.0,0.0,0.027234036475419998
39849.0,0.0,0.02236247807741165
39850.0,0.0,0.01707693375647068
39851.0,0.0,0.025771109387278557
39852.0,1.0,0.05795514956116676
39853.0,0.0,0.0012464794563129544
39854.0,0.0,0.0013714581727981567
39855.0,0.0,0.0012720894301310182
39856.0,0.0,0.025771109387278557
39857.0,0.0,0.024017333984375
39858.0,0.0,0.025771109387278557
39859.0,0.0,0.025005033239722252
39860.0,0.0,0.025771109387278557
39861.0,0.0,0.015856554731726646
39862.0,1.0,0.0013906233943998814
39863.0,0.0,0.4287012219429016
39864.0,0.0,0.0013047066750004888
39865.0,0.0,0.016097549349069595
39866.0,0.0,0.0014572733780369163
39867.0,0.0,0.02236247807741165
39868.0,0.0,0.0013714581727981567
39869.0,0.0,0.025873281061649323
39870.0,0.0,0.02663862146437168
39871.0,0.0,0.0013714581727981567
39872.0,0.0,0.025545770302414894
39873.0,0.0,0.015028689987957478
39874.0,0.0,0.029535578563809395
39875.0,1.0,0.41751599311828613
39876.0,0.0,0.02663862146437168
39877.0,0.0,0.4287012219429016
39878.0,0.0,0.025005033239722252
39879.0,0.0,0.031031303107738495
39880.0,1.0,0.026706915348768234
39881.0,0.0,0.025771109387278557
39882.0,0.0,0.024906201288104057
39883.0,0.0,0.018040908500552177
39884.0,0.0,0.025771109387278557
39885.0,0.0,0.02663862146437168
39886.0,0.0,0.07230093330144882
39887.0,0.0,0.017378058284521103
39888.0,1.0,0.4360010325908661
39889.0,0.0,0.026425663381814957
39890.0,0.0,0.0013714581727981567
39891.0,0.0,0.017810726538300514
39892.0,0.0,0.025229530408978462
39893.0,0.0,0.02236247807741165
39894.0,0.0,0.027234036475419998
39895.0,0.0,0.024906201288104057
39896.0,0.0,0.02236247807741165
39897.0,0.0,0.02207839861512184
39898.0,0.0,0.024590618908405304
39899.0,0.0,0.002962704747915268
39900.0,0.0,0.014777462929487228
39901.0,0.0,0.022331207990646362
39902.0,0.0,0.024906201288104057
39903.0,0.0,0.024727489799261093
39904.0,0.0,0.01575755886733532
39905.0,0.0,0.016622358933091164
39906.0,0.0,0.024906201288104057
39907.0,0.0,0.05817730352282524
39908.0,0.0,0.016109652817249298
39909.0,0.0,0.0013895576121285558
39910.0,0.0,0.02445853315293789
39911.0,0.0,0.023887183517217636
39912.0,0.0,0.05708349123597145
39913.0,0.0,0.05730250105261803
39914.0,0.0,0.025771109387278557
39915.0,0.0,0.4532330334186554
39916.0,0.0,0.027234036475419998
39917.0,0.0,0.06828693300485611
39918.0,0.0,0.013825992122292519
39919.0,0.0,0.027001334354281425
39920.0,0.0,0.015223466791212559
39921.0,0.0,0.02475586347281933
39922.0,0.0,0.024717602878808975
39923.0,0.0,0.02314114384353161
39924.0,1.0,0.024717602878808975
39925.0,0.0,0.02314114384353161
39926.0,0.0,0.02314114384353161
39927.0,0.0,0.0014202744932845235
39928.0,0.0,0.025771109387278557
39929.0,0.0,0.039172541350126266
39930.0,0.0,0.017336970195174217
39931.0,0.0,0.02653190866112709
39932.0,0.0,0.05826232582330704
39933.0,0.0,0.0013047066750004888
39934.0,0.0,0.025550583377480507
39935.0,0.0,0.014255979098379612
39936.0,0.0,0.027234036475419998
39937.0,0.0,0.02663862146437168
39938.0,0.0,0.4426445960998535
39939.0,0.0,0.027234036475419998
39940.0,0.0,0.02544485405087471
39941.0,0.0,0.03343838080763817
39942.0,0.0,0.025550583377480507
39943.0,1.0,0.4037907123565674
39944.0,0.0,0.017969094216823578
39945.0,0.0,0.044389087706804276
39946.0,0.0,0.02315574511885643
39947.0,0.0,0.029321173205971718
39948.0,0.0,0.025550583377480507
39949.0,0.0,0.017969094216823578
39950.0,0.0,0.001310010440647602
39951.0,0.0,0.023853830993175507
39952.0,0.0,0.03712456673383713
39953.0,0.0,0.025771109387278557
39954.0,0.0,0.025771109387278557
39955.0,0.0,0.06081552058458328
39956.0,0.0,0.037795647978782654
39957.0,0.0,0.024906201288104057
39958.0,0.0,0.04006950929760933
39959.0,0.0,0.03859657794237137
39960.0,0.0,0.02323314920067787
39961.0,0.0,0.025771109387278557
39962.0,0.0,0.025771109387278557
39963.0,0.0,0.02663862146437168
39964.0,0.0,0.02824964001774788
39965.0,0.0,0.024906201288104057
39966.0,0.0,0.02314114384353161
39967.0,0.0,0.0013181109679862857
39968.0,0.0,0.030525844544172287
39969.0,0.0,0.025383293628692627
39970.0,0.0,0.02544485405087471
39971.0,0.0,0.017810726538300514
39972.0,0.0,0.014243694953620434
39973.0,0.0,0.01729780063033104
39974.0,0.0,0.025771109387278557
39975.0,0.0,0.024871468544006348
39976.0,0.0,0.025227047502994537
39977.0,0.0,0.02854803204536438
39978.0,1.0,0.028895776718854904
39979.0,0.0,0.041112322360277176
39980.0,0.0,0.02279067598283291
39981.0,0.0,0.027234036475419998
39982.0,0.0,0.05795514956116676
39983.0,0.0,0.024906201288104057
39984.0,0.0,0.024717602878808975
39985.0,0.0,0.027341853827238083
39986.0,0.0,0.02632135897874832
39987.0,0.0,0.024717602878808975
39988.0,0.0,0.024906201288104057
39989.0,0.0,0.43704754114151
39990.0,0.0,0.026178205385804176
39991.0,0.0,0.05698017776012421
39992.0,0.0,0.02663862146437168
39993.0,0.0,0.013648834079504013
39994.0,1.0,0.4445684850215912
39995.0,0.0,0.02445853315293789
39996.0,0.0,0.024717602878808975
39997.0,0.0,0.024555636569857597
39998.0,0.0,0.017228078097105026
39999.0,0.0,0.026301685720682144
40000.0,0.0,0.02628469653427601
40001.0,0.0,0.06689666211605072
40002.0,0.0,0.016293639317154884
40003.0,0.0,0.02236247807741165
40004.0,0.0,0.016435613855719566
40005.0,0.0,0.0179496668279171
40006.0,0.0,0.022822577506303787
40007.0,0.0,0.025771109387278557
40008.0,0.0,0.018040908500552177
40009.0,0.0,0.016990484669804573
40010.0,0.0,0.014891373924911022
40011.0,0.0,0.014891373924911022
40012.0,0.0,0.025873281061649323
40013.0,0.0,0.02854803204536438
40014.0,0.0,0.030025148764252663
40015.0,0.0,0.024871468544006348
40016.0,0.0,0.017968246713280678
40017.0,0.0,0.07463542371988297
40018.0,0.0,0.040369320660829544
40019.0,0.0,0.022847406566143036
40020.0,0.0,0.023888908326625824
40021.0,0.0,0.025771109387278557
40022.0,0.0,0.02358420193195343
40023.0,0.0,0.01629883050918579
40024.0,0.0,0.017969094216823578
40025.0,0.0,0.034389086067676544
40026.0,0.0,0.02663862146437168
40027.0,0.0,0.016435613855719566
40028.0,0.0,0.030270930379629135
40029.0,0.0,0.0262258630245924
40030.0,0.0,0.0034557755570858717
40031.0,0.0,0.025651903823018074
40032.0,0.0,0.00144430180080235
40033.0,0.0,0.015413998626172543
40034.0,0.0,0.0013714581727981567
40035.0,0.0,0.4037907123565674
40036.0,0.0,0.05522727221250534
40037.0,1.0,0.8397490978240967
40038.0,0.0,0.02236247807741165
40039.0,0.0,0.03720346465706825
40040.0,0.0,0.0262258630245924
40041.0,0.0,0.019073618575930595
40042.0,0.0,0.016435613855719566
40043.0,0.0,0.02179497294127941
40044.0,0.0,0.02314114384353161
40045.0,0.0,0.015938570722937584
40046.0,0.0,0.014223608188331127
40047.0,1.0,0.022847406566143036
40048.0,0.0,0.015734784305095673
40049.0,0.0,0.025771109387278557
40050.0,0.0,0.05708349123597145
40051.0,0.0,0.05882978439331055
40052.0,0.0,0.03339214250445366
40053.0,0.0,0.026048487052321434
40054.0,0.0,0.018215972930192947
40055.0,0.0,0.023612098768353462
40056.0,0.0,0.001300412230193615
40057.0,0.0,0.016994355246424675
40058.0,0.0,0.0029790604021400213
40059.0,0.0,0.026301685720682144
40060.0,0.0,0.06175331398844719
40061.0,0.0,0.06100006029009819
40062.0,0.0,0.028148459270596504
40063.0,0.0,0.024590618908405304
40064.0,0.0,0.0013608243316411972
40065.0,0.0,0.027234036475419998
40066.0,0.0,0.039286255836486816
40067.0,0.0,0.027341853827238083
40068.0,0.0,0.01646127924323082
40069.0,0.0,0.02663862146437168
40070.0,0.0,0.029283806681632996
40071.0,0.0,0.025545770302414894
40072.0,0.0,0.015878908336162567
40073.0,0.0,0.06087524816393852
40074.0,0.0,0.4616709053516388
40075.0,0.0,0.022685261443257332
40076.0,0.0,0.015878908336162567
40077.0,0.0,0.003142543137073517
40078.0,0.0,0.05607227236032486
40079.0,0.0,0.025383293628692627
40080.0,0.0,0.025873281061649323
40081.0,0.0,0.031205356121063232
40082.0,0.0,0.014777462929487228
40083.0,0.0,0.018330127000808716
40084.0,0.0,0.02236247807741165
40085.0,0.0,0.060015689581632614
40086.0,0.0,0.02651994675397873
40087.0,0.0,0.02421925775706768
40088.0,0.0,0.025283005088567734
40089.0,0.0,0.023420259356498718
40090.0,0.0,0.02465379238128662
40091.0,0.0,0.02314114384353161
40092.0,0.0,0.015553967095911503
40093.0,0.0,0.016143593937158585
40094.0,0.0,0.020900513976812363
40095.0,0.0,0.0015753095503896475
40096.0,0.0,0.02481570467352867
40097.0,0.0,0.016777299344539642
40098.0,0.0,0.0016969741554930806
40099.0,0.0,0.05237181484699249
40100.0,0.0,0.024871468544006348
40101.0,0.0,0.014555196277797222
40102.0,0.0,0.024906201288104057
40103.0,0.0,0.024871746078133583
40104.0,0.0,0.0013714581727981567
40105.0,0.0,0.0012970002135261893
40106.0,0.0,0.027234036475419998
40107.0,0.0,0.027341853827238083
40108.0,0.0,0.02445853315293789
40109.0,0.0,0.04165147617459297
40110.0,0.0,0.058941278606653214
40111.0,0.0,0.023636609315872192
40112.0,1.0,0.7110199928283691
40113.0,0.0,0.024906201288104057
40114.0,0.0,0.0015091396635398269
40115.0,0.0,0.013825992122292519
40116.0,0.0,0.02440434880554676
40117.0,0.0,0.027234036475419998
40118.0,1.0,0.9759682416915894
40119.0,0.0,0.01574668474495411
40120.0,0.0,0.035611413419246674
40121.0,0.0,0.02236247807741165
40122.0,0.0,0.03761137276887894
40123.0,0.0,0.022047515958547592
40124.0,0.0,0.025873281061649323
40125.0,0.0,0.019073618575930595
40126.0,0.0,0.01722889207303524
40127.0,0.0,0.01574668474495411
40128.0,0.0,0.03941935673356056
40129.0,0.0,0.03969895839691162
40130.0,0.0,0.06100006029009819
40131.0,0.0,0.01086955051869154
40132.0,0.0,0.04538027197122574
40133.0,0.0,0.015050983056426048
40134.0,1.0,0.057245396077632904
40135.0,0.0,0.06368388235569
40136.0,0.0,0.0012720894301310182
40137.0,0.0,0.036027662456035614
40138.0,0.0,0.017969094216823578
40139.0,0.0,0.05522727221250534
40140.0,0.0,0.027001334354281425
40141.0,0.0,0.024906201288104057
40142.0,0.0,0.0013140484225004911
40143.0,0.0,0.010333484970033169
40144.0,0.0,0.013648834079504013
40145.0,0.0,0.06641776859760284
40146.0,0.0,0.026178205385804176
40147.0,0.0,0.030270930379629135
40148.0,0.0,0.016435613855719566
40149.0,0.0,0.027234036475419998
40150.0,0.0,0.037081919610500336
40151.0,0.0,0.0182296484708786
40152.0,0.0,0.025771109387278557
40153.0,0.0,0.024871468544006348
40154.0,0.0,0.024906201288104057
40155.0,0.0,0.024556316435337067
40156.0,0.0,0.0014058093074709177
40157.0,0.0,0.038782041519880295
40158.0,0.0,0.025346089154481888
40159.0,0.0,0.027001334354281425
40160.0,0.0,0.024555636569857597
40161.0,0.0,0.02445853315293789
40162.0,0.0,0.02314114384353161
40163.0,0.0,0.018330127000808716
40164.0,0.0,0.025873281061649323
40165.0,0.0,0.02854803204536438
40166.0,0.0,0.026122327893972397
40167.0,0.0,0.025771109387278557
40168.0,0.0,0.016435613855719566
40169.0,0.0,0.0012720894301310182
40170.0,0.0,0.026744144037365913
40171.0,0.0,0.010245205834507942
40172.0,0.0,0.0015030310023576021
40173.0,0.0,0.023636609315872192
40174.0,0.0,0.015223466791212559
40175.0,0.0,0.014223608188331127
40176.0,0.0,0.025873281061649323
40177.0,0.0,0.0014018514193594456
40178.0,0.0,0.02323314920067787
40179.0,0.0,0.01899777166545391
40180.0,0.0,0.05817730352282524
40181.0,0.0,0.026122327893972397
40182.0,0.0,0.023636609315872192
40183.0,0.0,0.025873281061649323
40184.0,0.0,0.017115604132413864
40185.0,0.0,0.061310164630413055
40186.0,0.0,0.024906201288104057
40187.0,0.0,0.03237330541014671
40188.0,0.0,0.015008592046797276
40189.0,0.0,0.0013770321384072304
40190.0,0.0,0.023887183517217636
40191.0,0.0,0.05515262857079506
40192.0,0.0,0.02396162785589695
40193.0,0.0,0.05795514956116676
40194.0,0.0,0.019502442330121994
40195.0,0.0,0.0014260467141866684
40196.0,0.0,0.06021404266357422
40197.0,0.0,0.016435613855719566
40198.0,0.0,0.024017333984375
40199.0,0.0,0.025771109387278557
40200.0,0.0,0.04624899476766586
40201.0,0.0,0.025771109387278557
40202.0,0.0,0.016435613855719566
40203.0,0.0,0.43061134219169617
40204.0,0.0,0.025873281061649323
40205.0,0.0,0.016435613855719566
40206.0,0.0,0.025245940312743187
40207.0,1.0,0.8499495983123779
40208.0,0.0,0.024871468544006348
40209.0,0.0,0.02641528844833374
40210.0,0.0,0.01678997464478016
40211.0,0.0,0.026141773909330368
40212.0,0.0,0.0014202744932845235
40213.0,0.0,0.010268616490066051
40214.0,0.0,0.013825992122292519
40215.0,0.0,0.016435613855719566
40216.0,0.0,0.03893374651670456
40217.0,0.0,0.01492331176996231
40218.0,0.0,0.02381543442606926
40219.0,0.0,0.015878908336162567
40220.0,0.0,0.02632135897874832
40221.0,0.0,0.4616709053516388
40222.0,1.0,0.43061134219169617
40223.0,0.0,0.017969094216823578
40224.0,0.0,0.023887183517217636
40225.0,0.0,0.023636609315872192
40226.0,0.0,0.02314114384353161
40227.0,0.0,0.03893374651670456
40228.0,0.0,0.02544485405087471
40229.0,0.0,0.023887183517217636
40230.0,0.0,0.06326238811016083
40231.0,0.0,0.015413998626172543
40232.0,0.0,0.010245205834507942
40233.0,0.0,0.02236247807741165
40234.0,0.0,0.028221415355801582
40235.0,0.0,0.026481470093131065
40236.0,0.0,0.0015030310023576021
40237.0,0.0,0.0013140484225004911
40238.0,0.0,0.025514967739582062
40239.0,0.0,0.042050596326589584
40240.0,0.0,0.02814936637878418
40241.0,0.0,0.2399931102991104
40242.0,0.0,0.02236247807741165
40243.0,0.0,0.01823294162750244
40244.0,0.0,0.05898585543036461
40245.0,0.0,0.014621013775467873
40246.0,0.0,0.01678997464478016
40247.0,0.0,0.01840336248278618
40248.0,0.0,0.022847406566143036
40249.0,0.0,0.02358420193195343
40250.0,0.0,0.016435613855719566
40251.0,0.0,0.023922305554151535
40252.0,1.0,0.4426445960998535
40253.0,1.0,0.4776502549648285
40254.0,0.0,0.03638214245438576
40255.0,0.0,0.014680053107440472
40256.0,0.0,0.02660154178738594
40257.0,0.0,0.025283005088567734
40258.0,0.0,0.017008891329169273
40259.0,0.0,0.05522727221250534
40260.0,0.0,0.0013121713418513536
40261.0,0.0,0.02413793094456196
40262.0,0.0,0.01506237406283617
40263.0,0.0,0.025245940312743187
40264.0,0.0,0.04378066211938858
40265.0,0.0,0.027234036475419998
40266.0,0.0,0.027234036475419998
40267.0,0.0,0.025873281061649323
40268.0,0.0,0.023887183517217636
40269.0,0.0,0.015878908336162567
40270.0,0.0,0.025229530408978462
40271.0,0.0,0.024590618908405304
40272.0,0.0,0.015107985585927963
40273.0,0.0,0.017969094216823578
40274.0,0.0,0.017228078097105026
40275.0,0.0,0.018040908500552177
40276.0,0.0,0.025771109387278557
40277.0,0.0,0.016435613855719566
40278.0,0.0,0.039782747626304626
40279.0,0.0,0.025005033239722252
40280.0,0.0,0.02544485405087471
40281.0,0.0,0.027341853827238083
40282.0,0.0,0.023697391152381897
40283.0,0.0,0.05623804032802582
40284.0,0.0,0.02381543442606926
40285.0,0.0,0.03513512387871742
40286.0,0.0,0.0014202744932845235
40287.0,0.0,0.01086955051869154
40288.0,0.0,0.02314114384353161
40289.0,0.0,0.01722889207303524
40290.0,0.0,0.025771109387278557
40291.0,0.0,0.023612098768353462
40292.0,0.0,0.023636609315872192
40293.0,0.0,0.0013714581727981567
40294.0,0.0,0.04006208851933479
40295.0,0.0,0.027234036475419998
40296.0,0.0,0.02440434880554676
40297.0,0.0,0.029535578563809395
40298.0,0.0,0.0014909888850525022
40299.0,0.0,0.011279945261776447
40300.0,0.0,0.017739813774824142
40301.0,0.0,0.025873281061649323
40302.0,0.0,0.016688881441950798
40303.0,1.0,0.4228905141353607
40304.0,0.0,0.024909960106015205
40305.0,0.0,0.016122156754136086
40306.0,0.0,0.05052105709910393
40307.0,0.0,0.022685261443257332
40308.0,0.0,0.02829911559820175
40309.0,0.0,0.02236247807741165
40310.0,0.0,0.016674311831593513
40311.0,0.0,0.01886281929910183
40312.0,0.0,0.0036006506998091936
40313.0,0.0,0.0510028712451458
40314.0,0.0,0.02544485405087471
40315.0,0.0,0.02070019766688347
40316.0,0.0,0.4532330334186554
40317.0,0.0,0.023924192413687706
40318.0,0.0,0.040135934948921204
40319.0,1.0,0.9960793852806091
40320.0,0.0,0.024717602878808975
40321.0,0.0,0.3431324362754822
40322.0,1.0,0.06574150919914246
40323.0,0.0,0.061813537031412125
40324.0,0.0,0.0033153772819787264
40325.0,0.0,0.02358420193195343
40326.0,0.0,0.024717602878808975
40327.0,0.0,0.0012772607151418924
40328.0,0.0,0.017968246713280678
40329.0,0.0,0.011426706798374653
40330.0,0.0,0.017378058284521103
40331.0,0.0,0.028332654386758804
40332.0,0.0,0.01533604972064495
40333.0,0.0,0.06021404266357422
40334.0,0.0,0.025005033239722252
40335.0,0.0,0.0014202744932845235
40336.0,0.0,0.024906201288104057
40337.0,0.0,0.026744144037365913
40338.0,0.0,0.016435613855719566
40339.0,0.0,0.03774404153227806
40340.0,0.0,0.040982529520988464
40341.0,0.0,0.044249724596738815
40342.0,0.0,0.014243694953620434
40343.0,0.0,0.026122327893972397
40344.0,0.0,0.037081919610500336
40345.0,0.0,0.022881310433149338
40346.0,1.0,0.05525912344455719
40347.0,0.0,0.06161027029156685
40348.0,0.0,0.010476582683622837
40349.0,0.0,0.00146260648034513
40350.0,0.0,0.06139259412884712
40351.0,0.0,0.032343778759241104
40352.0,0.0,0.0012283599935472012
40353.0,0.0,0.06549248099327087
40354.0,0.0,0.0012106910580769181
40355.0,0.0,0.0013388494262471795
40356.0,0.0,0.024906201288104057
40357.0,0.0,0.02358420193195343
40358.0,0.0,0.02207839861512184
40359.0,0.0,0.039906181395053864
40360.0,0.0,0.02632135897874832
40361.0,0.0,0.02236247807741165
40362.0,0.0,0.4445684850215912
40363.0,0.0,0.0015030310023576021
40364.0,0.0,0.05937730893492699
40365.0,0.0,0.025771109387278557
40366.0,0.0,0.025771109387278557
40367.0,0.0,0.014276108704507351
40368.0,0.0,0.015675872564315796
40369.0,0.0,0.06498962640762329
40370.0,0.0,0.06044430285692215
40371.0,0.0,0.02445853315293789
40372.0,0.0,0.01685047335922718
40373.0,0.0,0.03343838080763817
40374.0,0.0,0.022420059889554977
40375.0,0.0,0.016994355246424675
40376.0,0.0,0.017478905618190765
40377.0,0.0,0.024871468544006348
40378.0,0.0,0.0012720894301310182
40379.0,0.0,0.0013750650687143207
40380.0,0.0,0.014777462929487228
40381.0,0.0,0.024906201288104057
40382.0,0.0,0.02314114384353161
40383.0,0.0,0.01757531799376011
40384.0,0.0,0.05886192247271538
40385.0,0.0,0.02854803204536438
40386.0,0.0,0.015413998626172543
40387.0,0.0,0.041363924741744995
40388.0,0.0,0.016421860083937645
40389.0,0.0,0.025073513388633728
40390.0,0.0,0.05599655583500862
40391.0,0.0,0.05599655583500862
40392.0,0.0,0.024906201288104057
40393.0,0.0,0.015878908336162567
40394.0,0.0,0.4392189085483551
40395.0,0.0,0.02371274307370186
40396.0,0.0,0.06198906525969505
40397.0,0.0,0.015556056052446365
40398.0,1.0,0.05795514956116676
40399.0,0.0,0.02814936637878418
40400.0,0.0,0.0037912451662123203
40401.0,0.0,0.023677917197346687
40402.0,0.0,0.039568278938531876
40403.0,0.0,0.019073618575930595
40404.0,0.0,0.37829452753067017
40405.0,0.0,0.023853830993175507
40406.0,0.0,0.0033153772819787264
40407.0,0.0,0.019505595788359642
40408.0,0.0,0.01678997464478016
40409.0,0.0,0.0012555853463709354
40410.0,0.0,0.023730525746941566
40411.0,0.0,0.016529247164726257
40412.0,0.0,0.016435613855719566
40413.0,1.0,0.02314114384353161
40414.0,0.0,0.02854803204536438
40415.0,0.0,0.4360010325908661
40416.0,0.0,0.02323314920067787
40417.0,0.0,0.023887183517217636
40418.0,0.0,0.026141773909330368
40419.0,0.0,0.026141773909330368
40420.0,0.0,0.014700775034725666
40421.0,0.0,0.026481470093131065
40422.0,0.0,0.024906201288104057
40423.0,0.0,0.024906201288104057
40424.0,0.0,0.01562632992863655
40425.0,0.0,0.025550583377480507
40426.0,0.0,0.015638090670108795
40427.0,0.0,0.0012999485479667783
40428.0,0.0,0.025771109387278557
40429.0,0.0,0.039917442947626114
40430.0,0.0,0.5036236643791199
40431.0,0.0,0.024717602878808975
40432.0,0.0,0.024906201288104057
40433.0,0.0,0.0013608243316411972
40434.0,0.0,0.0014693202683702111
40435.0,0.0,0.0012266056146472692
40436.0,0.0,0.05840681120753288
40437.0,0.0,0.025771109387278557
40438.0,0.0,0.025771109387278557
40439.0,0.0,0.01704694889485836
40440.0,0.0,0.013337628915905952
40441.0,0.0,0.020436789840459824
40442.0,0.0,0.024906201288104057
40443.0,0.0,0.02628469653427601
40444.0,0.0,0.031205356121063232
40445.0,1.0,0.4167942404747009
40446.0,0.0,0.016435613855719566
40447.0,0.0,0.022451452910900116
40448.0,0.0,0.013825992122292519
40449.0,0.0,0.013337628915905952
40450.0,0.0,0.05915085971355438
40451.0,0.0,0.016225576400756836
40452.0,0.0,0.023887183517217636
40453.0,0.0,0.13400940597057343
40454.0,0.0,0.025945642963051796
40455.0,0.0,0.017969094216823578
40456.0,0.0,0.05817730352282524
40457.0,0.0,0.02445853315293789
40458.0,0.0,0.023636609315872192
40459.0,0.0,0.023887183517217636
40460.0,0.0,0.024231432005763054
40461.0,0.0,0.01722889207303524
40462.0,0.0,0.017008891329169273
40463.0,0.0,0.01729780063033104
40464.0,0.0,0.024555636569857597
40465.0,0.0,0.0014566865283995867
40466.0,0.0,0.027234036475419998
40467.0,0.0,0.0375516377389431
40468.0,0.0,0.03752155229449272
40469.0,0.0,0.014891373924911022
40470.0,0.0,0.0031331481877714396
40471.0,0.0,0.0012497587595134974
40472.0,0.0,0.02663862146437168
40473.0,0.0,0.024717602878808975
40474.0,0.0,0.010245205834507942
40475.0,0.0,0.02323314920067787
40476.0,0.0,0.0013608243316411972
40477.0,0.0,0.039917442947626114
40478.0,0.0,0.06325642764568329
40479.0,0.0,0.05522727221250534
40480.0,0.0,0.017739813774824142
40481.0,0.0,0.02371274307370186
40482.0,0.0,0.02314114384353161
40483.0,0.0,0.039073653519153595
40484.0,0.0,0.0012555853463709354
40485.0,0.0,0.016435613855719566
40486.0,0.0,0.02632135897874832
40487.0,0.0,0.02653190866112709
40488.0,0.0,0.017969094216823578
40489.0,0.0,0.0036088167689740658
40490.0,0.0,0.029092803597450256
40491.0,0.0,0.01899777166545391
40492.0,0.0,0.4532330334186554
40493.0,0.0,0.01521681435406208
40494.0,0.0,0.009754943661391735
40495.0,0.0,0.024717602878808975
40496.0,0.0,0.024871468544006348
40497.0,0.0,0.014743927866220474
40498.0,0.0,0.014743927866220474
40499.0,0.0,0.02526475116610527
40500.0,0.0,0.027983561158180237
40501.0,1.0,0.05983950197696686
40502.0,0.0,0.015413998626172543
40503.0,0.0,0.025873281061649323
40504.0,0.0,0.011022149585187435
40505.0,0.0,0.02632135897874832
40506.0,1.0,0.015916068106889725
40507.0,0.0,0.017739813774824142
40508.0,0.0,0.02632135897874832
40509.0,0.0,0.025055835023522377
40510.0,0.0,0.017316153272986412
40511.0,0.0,0.06175331398844719
40512.0,0.0,0.0014260467141866684
40513.0,0.0,0.033458106219768524
40514.0,0.0,0.025771109387278557
40515.0,0.0,0.01678997464478016
40516.0,0.0,0.01230571698397398
40517.0,0.0,0.0012720894301310182
40518.0,0.0,0.014061274006962776
40519.0,0.0,0.025771109387278557
40520.0,0.0,0.05066057667136192
40521.0,0.0,0.02544485405087471
40522.0,0.0,0.01521681435406208
40523.0,0.0,0.027234036475419998
40524.0,0.0,0.02314114384353161
40525.0,1.0,0.43704754114151
40526.0,0.0,0.025771109387278557
40527.0,0.0,0.4392189085483551
40528.0,0.0,0.0008083566790446639
40529.0,0.0,0.05730250105261803
40530.0,1.0,0.4270581603050232
40531.0,0.0,0.027234036475419998
40532.0,0.0,0.02314114384353161
40533.0,0.0,0.41323480010032654
40534.0,1.0,0.06777822971343994
40535.0,0.0,0.02398207224905491
40536.0,0.0,0.33927401900291443
40537.0,0.0,0.02504478208720684
40538.0,0.0,0.0014350505080074072
40539.0,0.0,0.025245940312743187
40540.0,0.0,0.009604624472558498
40541.0,0.0,0.025005033239722252
40542.0,0.0,0.027341853827238083
40543.0,0.0,0.025771109387278557
40544.0,0.0,0.013825992122292519
40545.0,0.0,0.0015091396635398269
40546.0,0.0,0.0012999485479667783
40547.0,0.0,0.43061134219169617
40548.0,0.0,0.0008444725535809994
40549.0,0.0,0.02703808806836605
40550.0,0.0,0.028332654386758804
40551.0,1.0,0.43061134219169617
40552.0,0.0,0.024906201288104057
40553.0,0.0,0.0037368685007095337
40554.0,0.0,0.04019296169281006
40555.0,0.0,0.025229530408978462
40556.0,0.0,0.0014752917923033237
40557.0,0.0,0.025005033239722252
40558.0,0.0,0.02440434880554676
40559.0,0.0,0.02895745076239109
40560.0,0.0,0.04296773672103882
40561.0,0.0,0.015556056052446365
40562.0,1.0,0.03859657794237137
40563.0,0.0,0.023887183517217636
40564.0,0.0,0.05795514956116676
40565.0,0.0,0.05345886945724487
40566.0,0.0,0.02314114384353161
40567.0,0.0,0.05047094076871872
40568.0,0.0,0.016121400520205498
40569.0,0.0,0.02521074190735817
40570.0,0.0,0.016994355246424675
40571.0,0.0,0.41751599311828613
40572.0,0.0,0.42740845680236816
40573.0,0.0,0.42969629168510437
40574.0,0.0,0.025771109387278557
40575.0,0.0,0.042051516473293304
40576.0,1.0,0.06266964226961136
40577.0,0.0,0.04109766334295273
40578.0,0.0,0.025545770302414894
40579.0,0.0,0.03516509383916855
40580.0,0.0,0.025227047502994537
40581.0,0.0,0.025771109387278557
40582.0,0.0,0.024906201288104057
40583.0,0.0,0.024590618908405304
40584.0,0.0,0.024556316435337067
40585.0,0.0,0.025771109387278557
40586.0,0.0,0.022847406566143036
40587.0,0.0,0.02624538727104664
40588.0,0.0,0.0182296484708786
40589.0,0.0,0.056397695094347
40590.0,0.0,0.01707693375647068
40591.0,0.0,0.4455717206001282
40592.0,0.0,0.0033689364790916443
40593.0,0.0,0.02481570467352867
40594.0,1.0,0.0247221440076828
40595.0,0.0,0.0012720894301310182
40596.0,0.0,0.017968246713280678
40597.0,0.0,0.014243694953620434
40598.0,0.0,0.0015030310023576021
40599.0,1.0,0.025771109387278557
40600.0,0.0,0.0013536671176552773
40601.0,0.0,0.024906201288104057
40602.0,0.0,0.02358420193195343
40603.0,0.0,0.025771109387278557
40604.0,0.0,0.02632135897874832
40605.0,0.0,0.026507172733545303
40606.0,0.0,0.010843920521438122
40607.0,0.0,0.016994355246424675
40608.0,0.0,0.014891373924911022
40609.0,0.0,0.023474901914596558
40610.0,0.0,0.024433191865682602
40611.0,0.0,0.02544485405087471
40612.0,0.0,0.01133112795650959
40613.0,0.0,0.02475586347281933
40614.0,0.0,0.02628469653427601
40615.0,0.0,0.039598796516656876
40616.0,0.0,0.027234036475419998
40617.0,0.0,0.019475087523460388
40618.0,0.0,0.0013536671176552773
40619.0,0.0,0.45540064573287964
40620.0,0.0,0.024970166385173798
40621.0,0.0,0.03571473807096481
40622.0,0.0,0.023887183517217636
40623.0,0.0,0.01712784171104431
40624.0,0.0,0.024624401703476906
40625.0,0.0,0.003424345515668392
40626.0,0.0,0.011426706798374653
40627.0,0.0,0.022331207990646362
40628.0,1.0,0.9787936210632324
40629.0,0.0,0.016435613855719566
40630.0,0.0,0.015638090670108795
40631.0,0.0,0.02314114384353161
40632.0,0.0,0.027341853827238083
40633.0,0.0,0.06559844315052032
40634.0,0.0,0.02355126105248928
40635.0,1.0,0.05066057667136192
40636.0,0.0,0.026122327893972397
40637.0,0.0,0.017810726538300514
40638.0,0.0,0.016661789268255234
40639.0,0.0,0.017968246713280678
40640.0,0.0,0.026141773909330368
40641.0,0.0,0.010113470256328583
40642.0,0.0,0.01830248348414898
40643.0,0.0,0.02445853315293789
40644.0,0.0,0.0013663552235811949
40645.0,0.0,0.024906201288104057
40646.0,0.0,0.017969094216823578
40647.0,0.0,0.0607430599629879
40648.0,0.0,0.06689666211605072
40649.0,1.0,0.6073448657989502
40650.0,0.0,0.024221207946538925
40651.0,0.0,0.0013714581727981567
40652.0,0.0,0.01608537882566452
40653.0,0.0,0.0013608243316411972
40654.0,0.0,0.024556316435337067
40655.0,0.0,0.04122937470674515
40656.0,0.0,0.023887183517217636
40657.0,0.0,0.016570892184972763
40658.0,0.0,0.025771109387278557
40659.0,0.0,0.01729780063033104
40660.0,0.0,0.023983800783753395
40661.0,0.0,0.013648834079504013
40662.0,0.0,0.025771109387278557
40663.0,0.0,0.018040908500552177
40664.0,0.0,0.024906201288104057
40665.0,0.0,0.002013028133660555
40666.0,1.0,0.43061134219169617
40667.0,0.0,0.011022149585187435
40668.0,0.0,0.026425663381814957
40669.0,0.0,0.039906181395053864
40670.0,0.0,0.014243694953620434
40671.0,0.0,0.001298092189244926
40672.0,0.0,0.4392189085483551
40673.0,0.0,0.022331207990646362
40674.0,0.0,0.023887183517217636
40675.0,0.0,0.016352578997612
40676.0,0.0,0.016122156754136086
40677.0,0.0,0.0012555853463709354
40678.0,0.0,0.0014513740316033363
40679.0,0.0,0.02814936637878418
40680.0,0.0,0.05264653265476227
40681.0,0.0,0.02360360138118267
40682.0,1.0,0.4392189085483551
40683.0,0.0,0.024906201288104057
40684.0,0.0,0.039073653519153595
40685.0,0.0,0.025873281061649323
40686.0,0.0,0.003526357701048255
40687.0,0.0,0.0263888631016016
40688.0,0.0,0.3426138460636139
40689.0,0.0,0.022685261443257332
40690.0,0.0,0.02207839861512184
40691.0,0.0,0.05264653265476227
40692.0,0.0,0.003915969282388687
40693.0,0.0,0.0013750650687143207
40694.0,0.0,0.02632135897874832
40695.0,0.0,0.022451452910900116
40696.0,0.0,0.06006842106580734
40697.0,0.0,0.027341853827238083
40698.0,0.0,0.01722889207303524
40699.0,0.0,0.025810956954956055
40700.0,0.0,0.0252692848443985
40701.0,0.0,0.025771109387278557
40702.0,0.0,0.05066057667136192
40703.0,0.0,0.02628469653427601
40704.0,0.0,0.02445853315293789
40705.0,0.0,0.015223466791212559
40706.0,1.0,0.4179510176181793
40707.0,0.0,0.016435613855719566
40708.0,0.0,0.024871468544006348
40709.0,0.0,0.0012283599935472012
40710.0,0.0,0.024871468544006348
40711.0,0.0,0.025005033239722252
40712.0,0.0,0.025245940312743187
40713.0,0.0,0.0029243326280266047
40714.0,0.0,0.01722889207303524
40715.0,0.0,0.023922305554151535
40716.0,0.0,0.0014202744932845235
40717.0,0.0,0.02663862146437168
40718.0,0.0,0.015413998626172543
40719.0,0.0,0.015916135162115097
40720.0,0.0,0.0031837711576372385
40721.0,0.0,0.017968246713280678
40722.0,0.0,0.015938570722937584
40723.0,0.0,0.02632135897874832
40724.0,0.0,0.024433191865682602
40725.0,0.0,0.024871468544006348
40726.0,0.0,0.025005033239722252
40727.0,0.0,0.034155093133449554
40728.0,0.0,0.0182296484708786
40729.0,0.0,0.024717602878808975
40730.0,0.0,0.016293639317154884
40731.0,0.0,0.01830248348414898
40732.0,0.0,0.05826232582330704
40733.0,0.0,0.3523220121860504
40734.0,0.0,0.014743927866220474
40735.0,0.0,0.4532330334186554
40736.0,0.0,0.02663862146437168
40737.0,0.0,0.025873281061649323
40738.0,0.0,0.012085461057722569
40739.0,0.0,0.02314114384353161
40740.0,0.0,0.02236247807741165
40741.0,0.0,0.0272603090852499
40742.0,0.0,0.027001334354281425
40743.0,0.0,0.05975974351167679
40744.0,0.0,0.015413998626172543
40745.0,0.0,0.03950551897287369
40746.0,0.0,0.022331207990646362
40747.0,0.0,0.02544485405087471
40748.0,0.0,0.036542318761348724
40749.0,0.0,0.0012106910580769181
40750.0,0.0,0.018225423991680145
40751.0,0.0,0.477917343378067
40752.0,0.0,0.0012720894301310182
40753.0,0.0,0.01704694889485836
40754.0,0.0,0.025873281061649323
40755.0,0.0,0.016122156754136086
40756.0,0.0,0.060015689581632614
40757.0,0.0,0.011426706798374653
40758.0,0.0,0.024906201288104057
40759.0,1.0,0.8570403456687927
40760.0,0.0,0.019502442330121994
40761.0,0.0,0.027892906218767166
40762.0,0.0,0.024717602878808975
40763.0,0.0,0.02445853315293789
40764.0,0.0,0.08598034828901291
40765.0,0.0,0.024970166385173798
40766.0,0.0,0.026122327893972397
40767.0,0.0,0.0012999485479667783
40768.0,0.0,0.022331207990646362
40769.0,0.0,0.0013770321384072304
40770.0,0.0,0.016994355246424675
40771.0,0.0,0.06175331398844719
40772.0,0.0,0.04513905569911003
40773.0,0.0,0.017739813774824142
40774.0,0.0,0.015675872564315796
40775.0,0.0,0.025771109387278557
40776.0,0.0,0.8936277627944946
40777.0,0.0,0.02445853315293789
40778.0,0.0,0.02236247807741165
40779.0,0.0,0.4465901553630829
40780.0,0.0,0.024624401703476906
40781.0,0.0,0.027234036475419998
40782.0,0.0,0.018215972930192947
40783.0,0.0,0.02544485405087471
40784.0,0.0,0.4476095139980316
40785.0,0.0,0.01560139562934637
40786.0,0.0,0.02445853315293789
40787.0,0.0,0.023922305554151535
40788.0,0.0,0.010664010420441628
40789.0,0.0,0.015638090670108795
40790.0,0.0,0.04332609102129936
40791.0,0.0,0.031205356121063232
40792.0,0.0,0.03380919620394707
40793.0,0.0,0.0014752917923033237
40794.0,0.0,0.02826070226728916
40795.0,1.0,0.4287012219429016
40796.0,0.0,0.027234036475419998
40797.0,0.0,0.0685766264796257
40798.0,0.0,0.0014412200544029474
40799.0,0.0,0.015878908336162567
40800.0,0.0,0.0036138459108769894
40801.0,0.0,0.024960659444332123
40802.0,0.0,0.023887183517217636
40803.0,0.0,0.01899777166545391
40804.0,0.0,0.010245205834507942
40805.0,0.0,0.017969094216823578
40806.0,0.0,0.0036034060176461935
40807.0,0.0,0.02628469653427601
40808.0,0.0,0.025005033239722252
40809.0,0.0,0.024871468544006348
40810.0,0.0,0.04469212517142296
40811.0,0.0,0.016674311831593513
40812.0,0.0,0.01618671976029873
40813.0,0.0,0.01740630343556404
40814.0,0.0,0.024717602878808975
40815.0,0.0,0.024906201288104057
40816.0,1.0,0.3523220121860504
40817.0,0.0,0.025771403685212135
40818.0,0.0,0.0014202744932845235
40819.0,0.0,0.02481570467352867
40820.0,0.0,0.023888908326625824
40821.0,0.0,0.01575755886733532
40822.0,0.0,0.02814936637878418
40823.0,0.0,0.02663862146437168
40824.0,0.0,0.024590618908405304
40825.0,0.0,0.025771109387278557
40826.0,0.0,0.003264355706050992
40827.0,0.0,0.01629883050918579
40828.0,0.0,0.062166977673769
40829.0,0.0,0.017969094216823578
40830.0,0.0,0.027913730591535568
40831.0,0.0,0.027234036475419998
40832.0,0.0,0.05607227236032486
40833.0,0.0,0.0038595302030444145
40834.0,0.0,0.022166267037391663
40835.0,0.0,0.023636609315872192
40836.0,0.0,0.001449301722459495
40837.0,0.0,0.001235361909493804
40838.0,0.0,0.02236247807741165
40839.0,0.0,0.015259179286658764
40840.0,0.0,0.02314114384353161
40841.0,0.0,0.0244136955589056
40842.0,0.0,0.01521681435406208
40843.0,0.0,0.02854803204536438
40844.0,0.0,0.0013714581727981567
40845.0,0.0,0.02358420193195343
40846.0,0.0,0.024590618908405304
40847.0,0.0,0.024717602878808975
40848.0,0.0,0.0020130272023379803
40849.0,0.0,0.025771109387278557
40850.0,0.0,0.4445684850215912
40851.0,0.0,0.017378058284521103
40852.0,0.0,0.023636609315872192
40853.0,0.0,0.02628469653427601
40854.0,0.0,0.024717602878808975
40855.0,0.0,0.01830248348414898
40856.0,0.0,0.03950551897287369
40857.0,0.0,0.025873281061649323
40858.0,0.0,0.017378058284521103
40859.0,0.0,0.05817730352282524
40860.0,0.0,0.02323314920067787
40861.0,0.0,0.0013160249218344688
40862.0,0.0,0.029535578563809395
40863.0,0.0,0.02061801590025425
40864.0,0.0,0.023853830993175507
40865.0,1.0,0.8499495983123779
40866.0,0.0,0.037175968289375305
40867.0,0.0,0.024590618908405304
40868.0,0.0,0.06021404266357422
40869.0,0.0,0.014255979098379612
40870.0,0.0,0.027341853827238083
40871.0,0.0,0.02644781582057476
40872.0,0.0,0.024906201288104057
40873.0,0.0,0.01575755886733532
40874.0,1.0,0.4492799937725067
40875.0,0.0,0.025771109387278557
40876.0,0.0,0.028895776718854904
40877.0,0.0,0.02663862146437168
40878.0,0.0,0.01629883050918579
40879.0,0.0,0.017478905618190765
40880.0,0.0,0.015986574813723564
40881.0,1.0,0.5826404690742493
40882.0,0.0,0.030163714662194252
40883.0,0.0,0.04354483634233475
40884.0,0.0,0.01697045937180519
40885.0,0.0,0.025514967739582062
40886.0,0.0,0.0014202744932845235
40887.0,0.0,0.023780781775712967
40888.0,0.0,0.024717602878808975
40889.0,0.0,0.038684967905282974
40890.0,0.0,0.025771109387278557
40891.0,0.0,0.025005033239722252
40892.0,0.0,0.015878908336162567
40893.0,0.0,0.02632135897874832
40894.0,0.0,0.017969094216823578
40895.0,0.0,0.037028223276138306
40896.0,0.0,0.05804179608821869
40897.0,0.0,0.022847406566143036
40898.0,0.0,0.318710595369339
40899.0,0.0,0.02236247807741165
40900.0,0.0,0.058183833956718445
40901.0,0.0,0.0032632232178002596
40902.0,0.0,0.0015549295349046588
40903.0,0.0,0.025873281061649323
40904.0,0.0,0.02061801590025425
40905.0,0.0,0.031205356121063232
40906.0,0.0,0.030670104548335075
40907.0,0.0,0.42605772614479065
40908.0,0.0,0.0012772607151418924
40909.0,0.0,0.02314114384353161
40910.0,0.0,0.025005033239722252
40911.0,0.0,0.02745433896780014
40912.0,0.0,0.022166267037391663
40913.0,1.0,0.9766860604286194
40914.0,0.0,0.029278311878442764
40915.0,0.0,0.025771109387278557
40916.0,1.0,0.056640829890966415
40917.0,0.0,0.01704694889485836
40918.0,0.0,0.026141773909330368
40919.0,0.0,0.0013140484225004911
40920.0,0.0,0.06006842106580734
40921.0,0.0,0.01629883050918579
40922.0,0.0,0.0242068562656641
40923.0,0.0,0.003603673307225108
40924.0,0.0,0.0014412200544029474
40925.0,0.0,0.014114202931523323
40926.0,0.0,0.0016694687074050307
40927.0,0.0,0.026301685720682144
40928.0,0.0,0.022847406566143036
40929.0,0.0,0.01899777166545391
40930.0,0.0,0.013431678526103497
40931.0,0.0,0.023636609315872192
40932.0,0.0,0.02314114384353161
40933.0,0.0,0.025771109387278557
40934.0,0.0,0.016435613855719566
40935.0,0.0,0.06024523451924324
40936.0,0.0,0.05638376995921135
40937.0,0.0,0.014297300949692726
40938.0,0.0,0.04297009855508804
40939.0,0.0,0.025005033239722252
40940.0,0.0,0.05697529390454292
40941.0,0.0,0.026122327893972397
40942.0,1.0,0.4392189085483551
40943.0,1.0,0.4616709053516388
40944.0,0.0,0.010113470256328583
40945.0,0.0,0.06139259412884712
40946.0,0.0,0.02624538727104664
40947.0,0.0,0.026425663381814957
40948.0,0.0,0.02632135897874832
40949.0,1.0,0.4290896952152252
40950.0,0.0,0.025771109387278557
40951.0,0.0,0.44336092472076416
40952.0,0.0,0.014243694953620434
40953.0,1.0,0.4287012219429016
40954.0,0.0,0.014743927866220474
40955.0,0.0,0.8251376748085022
40956.0,0.0,0.025873281061649323
40957.0,0.0,0.018421942368149757
40958.0,0.0,0.017739813774824142
40959.0,0.0,0.024717602878808975
40960.0,0.0,0.02632135897874832
40961.0,0.0,0.02544485405087471
40962.0,0.0,0.017810726538300514
40963.0,0.0,0.025771109387278557
40964.0,0.0,0.015938570722937584
40965.0,0.0,0.025005033239722252
40966.0,1.0,0.02824964001774788
40967.0,0.0,0.022847406566143036
40968.0,0.0,0.02663862146437168
40969.0,0.0,0.009604624472558498
40970.0,0.0,0.02236247807741165
40971.0,0.0,0.061310164630413055
40972.0,0.0,0.025771109387278557
40973.0,0.0,0.013825992122292519
40974.0,0.0,0.0013694989029318094
40975.0,0.0,0.012085461057722569
40976.0,0.0,0.05623804032802582
40977.0,0.0,0.041035208851099014
40978.0,0.0,0.023730525746941566
40979.0,0.0,0.04094049707055092
40980.0,0.0,0.02632135897874832
40981.0,0.0,0.0013608243316411972
40982.0,0.0,0.024717602878808975
40983.0,0.0,0.0013714581727981567
40984.0,1.0,0.43061134219169617
40985.0,0.0,0.0008162669837474823
40986.0,0.0,0.038782041519880295
40987.0,0.0,0.0017686361679807305
40988.0,0.0,0.017969094216823578
40989.0,1.0,0.05812613666057587
40990.0,0.0,0.016435613855719566
40991.0,0.0,0.024906201288104057
40992.0,0.0,0.0263888631016016
40993.0,0.0,0.001389697310514748
40994.0,0.0,0.013185258023440838
40995.0,0.0,0.05599725991487503
40996.0,0.0,0.06325642764568329
40997.0,0.0,0.026122327893972397
40998.0,0.0,0.0014752917923033237
40999.0,1.0,0.014261459931731224
41000.0,0.0,0.02314114384353161
41001.0,0.0,0.06428132206201553
41002.0,0.0,0.5049108862876892
41003.0,0.0,0.023922305554151535
41004.0,0.0,0.025873281061649323
41005.0,0.0,0.48198366165161133
41006.0,0.0,0.017739813774824142
41007.0,0.0,0.017115140333771706
41008.0,0.0,0.06139259412884712
41009.0,0.0,0.0015134642599150538
41010.0,0.0,0.4392189085483551
41011.0,0.0,0.038059405982494354
41012.0,0.0,0.023721186444163322
41013.0,0.0,0.024017333984375
41014.0,0.0,0.025873281061649323
41015.0,0.0,0.025771109387278557
41016.0,0.0,0.0012555853463709354
41017.0,0.0,0.45423975586891174
41018.0,0.0,0.023922305554151535
41019.0,0.0,0.025005033239722252
41020.0,0.0,0.011776643805205822
41021.0,0.0,0.025073513388633728
41022.0,0.0,0.014891373924911022
41023.0,0.0,0.02440434880554676
41024.0,0.0,0.025873281061649323
41025.0,0.0,0.01899777166545391
41026.0,0.0,0.0035982721019536257
41027.0,0.0,0.01899777166545391
41028.0,0.0,0.025771109387278557
41029.0,0.0,0.02632135897874832
41030.0,0.0,0.017115604132413864
41031.0,0.0,0.022822577506303787
41032.0,0.0,0.0182296484708786
41033.0,0.0,0.017336970195174217
41034.0,0.0,0.024717602878808975
41035.0,0.0,0.016122156754136086
41036.0,0.0,0.016435613855719566
41037.0,1.0,0.05599655583500862
41038.0,0.0,0.057245396077632904
41039.0,0.0,0.025550583377480507
41040.0,0.0,0.035082001239061356
41041.0,0.0,0.07383714616298676
41042.0,0.0,0.024871468544006348
41043.0,0.0,0.038782041519880295
41044.0,0.0,0.0012333538616076112
41045.0,0.0,0.05708349123597145
41046.0,0.0,0.03431449830532074
41047.0,0.0,0.025227047502994537
41048.0,0.0,0.025550583377480507
41049.0,0.0,0.024231432005763054
41050.0,0.0,0.014243694953620434
41051.0,0.0,0.02314114384353161
41052.0,0.0,0.05708349123597145
41053.0,0.0,0.02314114384353161
41054.0,0.0,0.015280703082680702
41055.0,0.0,0.025651903823018074
41056.0,0.0,0.0012193338479846716
41057.0,0.0,0.023922305554151535
41058.0,0.0,0.017997104674577713
41059.0,0.0,0.024555636569857597
41060.0,0.0,0.0012720894301310182
41061.0,0.0,0.0262258630245924
41062.0,0.0,0.024717602878808975
41063.0,0.0,0.04152005538344383
41064.0,0.0,0.016435613855719566
41065.0,0.0,0.054293230175971985
41066.0,0.0,0.029535578563809395
41067.0,0.0,0.025771109387278557
41068.0,0.0,0.024556316435337067
41069.0,0.0,0.0262258630245924
41070.0,0.0,0.025771109387278557
41071.0,0.0,0.02481570467352867
41072.0,0.0,0.02481570467352867
41073.0,0.0,0.0015030310023576021
41074.0,0.0,0.025771109387278557
41075.0,0.0,0.017739813774824142
41076.0,0.0,0.02854803204536438
41077.0,0.0,0.016994355246424675
41078.0,0.0,0.025771109387278557
41079.0,0.0,0.02814936637878418
41080.0,1.0,0.02445853315293789
41081.0,0.0,0.02398207224905491
41082.0,0.0,0.04266770929098129
41083.0,0.0,0.02521074190735817
41084.0,0.0,0.015050983056426048
41085.0,0.0,0.016225576400756836
41086.0,0.0,0.06777822971343994
41087.0,0.0,0.04019296169281006
41088.0,0.0,0.016435613855719566
41089.0,0.0,0.016121400520205498
41090.0,0.0,0.017969094216823578
41091.0,1.0,0.037267234176397324
41092.0,0.0,0.023298293352127075
41093.0,0.0,0.025771109387278557
41094.0,0.0,0.0015549295349046588
41095.0,0.0,0.003142543137073517
41096.0,0.0,0.01746722124516964
41097.0,0.0,0.035554345697164536
41098.0,1.0,0.9293532371520996
41099.0,0.0,0.024590618908405304
41100.0,1.0,0.015223466791212559
41101.0,0.0,0.024717602878808975
41102.0,0.0,0.016122156754136086
41103.0,0.0,0.025771109387278557
41104.0,0.0,0.01678997464478016
41105.0,0.0,0.018040908500552177
41106.0,0.0,0.03863940387964249
41107.0,0.0,0.016994355246424675
41108.0,0.0,0.014114202931523323
41109.0,0.0,0.017115140333771706
41110.0,0.0,0.02360360138118267
41111.0,0.0,0.0015030310023576021
41112.0,0.0,0.02632135897874832
41113.0,0.0,0.015413998626172543
41114.0,0.0,0.02314114384353161
41115.0,0.0,0.014243694953620434
41116.0,0.0,0.0013895576121285558
41117.0,0.0,0.04475943744182587
41118.0,0.0,0.015878908336162567
41119.0,0.0,0.02854803204536438
41120.0,0.0,0.023853830993175507
41121.0,1.0,0.05522727221250534
41122.0,0.0,0.05902445688843727
41123.0,0.0,0.3493441343307495
41124.0,0.0,0.025873281061649323
41125.0,0.0,0.0012720894301310182
41126.0,0.0,0.042148660868406296
41127.0,0.0,0.41840609908103943
41128.0,0.0,0.017969094216823578
41129.0,0.0,0.3513956665992737
41130.0,0.0,0.02653190866112709
41131.0,0.0,0.02632135897874832
41132.0,0.0,0.02445853315293789
41133.0,0.0,0.026122327893972397
41134.0,0.0,0.016853002831339836
41135.0,0.0,0.0015549295349046588
41136.0,0.0,0.024717602878808975
41137.0,1.0,0.02663862146437168
41138.0,0.0,0.026425663381814957
41139.0,0.0,0.02632135897874832
41140.0,0.0,0.054085057228803635
41141.0,0.0,0.42840272188186646
41142.0,0.0,0.02544485405087471
41143.0,0.0,0.02663862146437168
41144.0,0.0,0.015413998626172543
41145.0,1.0,0.9658974409103394
41146.0,0.0,0.03962787613272667
41147.0,0.0,0.014743927866220474
41148.0,0.0,0.025771109387278557
41149.0,0.0,0.03740875422954559
41150.0,0.0,0.024906201288104057
41151.0,0.0,0.015938570722937584
41152.0,0.0,0.01506237406283617
41153.0,0.0,0.057245396077632904
41154.0,0.0,0.023730525746941566
41155.0,0.0,0.015119008719921112
41156.0,0.0,0.05920252576470375
41157.0,0.0,0.019073618575930595
41158.0,0.0,0.023887183517217636
41159.0,0.0,0.027234036475419998
41160.0,0.0,0.02358420193195343
41161.0,0.0,0.02803678810596466
41162.0,0.0,0.0015030310023576021
41163.0,0.0,0.027205243706703186
41164.0,0.0,0.01722889207303524
41165.0,0.0,0.02544485405087471
41166.0,1.0,0.056377820670604706
41167.0,0.0,0.030163714662194252
41168.0,0.0,0.024871468544006348
41169.0,0.0,0.05795514956116676
41170.0,0.0,0.0034541932400316
41171.0,0.0,0.01899777166545391
41172.0,0.0,0.03276599198579788
41173.0,0.0,0.03115367330610752
41174.0,0.0,0.06512225419282913
41175.0,0.0,0.025771109387278557
41176.0,0.0,0.017969094216823578
41177.0,0.0,0.02323314920067787
41178.0,0.0,0.014255979098379612
41179.0,0.0,0.017378058284521103
41180.0,0.0,0.0013160249218344688
41181.0,0.0,0.027234036475419998
41182.0,0.0,0.038059405982494354
41183.0,0.0,0.0510028712451458
41184.0,0.0,0.01722889207303524
41185.0,0.0,0.02814936637878418
41186.0,0.0,0.04056795686483383
41187.0,0.0,0.03957344591617584
41188.0,0.0,0.0013140484225004911
41189.0,0.0,0.017855718731880188
41190.0,0.0,0.013465779833495617
41191.0,0.0,0.025771109387278557
41192.0,1.0,0.4442150890827179
41193.0,1.0,0.4215022325515747
41194.0,0.0,0.003202454885467887
41195.0,0.0,0.026744144037365913
41196.0,0.0,0.024590618908405304
41197.0,0.0,0.02445853315293789
41198.0,0.0,0.022938264533877373
41199.0,0.0,0.024871468544006348
41200.0,0.0,0.0690503939986229
41201.0,0.0,0.014114202931523323
41202.0,0.0,0.025771109387278557
41203.0,0.0,0.02207839861512184
41204.0,0.0,0.05998348444700241
41205.0,0.0,0.0013536671176552773
41206.0,0.0,0.05817730352282524
41207.0,0.0,0.015413998626172543
41208.0,0.0,0.05708349123597145
41209.0,0.0,0.024363409727811813
41210.0,0.0,0.024433191865682602
41211.0,0.0,0.025873281061649323
41212.0,0.0,0.02814936637878418
41213.0,0.0,0.06765059381723404
41214.0,0.0,0.05989658087491989
41215.0,0.0,0.0597548745572567
41216.0,0.0,0.0013906233943998814
41217.0,0.0,0.02314114384353161
41218.0,0.0,0.025073513388633728
41219.0,0.0,0.04266770929098129
41220.0,1.0,0.02507074922323227
41221.0,1.0,0.02632135897874832
41222.0,0.0,0.017969094216823578
41223.0,0.0,0.0014412200544029474
41224.0,0.0,0.024590618908405304
41225.0,0.0,0.01886281929910183
41226.0,0.0,0.02236247807741165
41227.0,0.0,0.02632135897874832
41228.0,0.0,0.02628469653427601
41229.0,0.0,0.015096615068614483
41230.0,0.0,0.026425663381814957
41231.0,0.0,0.06113040819764137
41232.0,0.0,0.013356479816138744
41233.0,0.0,0.019073618575930595
41234.0,0.0,0.02544485405087471
41235.0,1.0,0.40442416071891785
41236.0,0.0,0.015413998626172543
41237.0,0.0,0.0273841954767704
41238.0,0.0,0.06139259412884712
41239.0,0.0,0.027234036475419998
41240.0,0.0,0.05730250105261803
41241.0,0.0,0.022486286237835884
41242.0,0.0,0.016352578997612
41243.0,0.0,0.02236247807741165
41244.0,0.0,0.05522727221250534
41245.0,0.0,0.017969094216823578
41246.0,0.0,0.024906201288104057
41247.0,0.0,0.024906201288104057
41248.0,0.0,0.0013714581727981567
41249.0,0.0,0.036762747913599014
41250.0,0.0,0.04322633892297745
41251.0,0.0,0.017378058284521103
41252.0,0.0,0.05826232582330704
41253.0,0.0,0.4824769198894501
41254.0,0.0,0.016853002831339836
41255.0,0.0,0.016688881441950798
41256.0,0.0,0.024906201288104057
41257.0,0.0,0.027234036475419998
41258.0,0.0,0.04283391684293747
41259.0,0.0,0.014891373924911022
41260.0,0.0,0.028508367016911507
41261.0,0.0,0.06123312562704086
41262.0,1.0,0.42740845680236816
41263.0,0.0,0.018288765102624893
41264.0,0.0,0.025771109387278557
41265.0,0.0,0.05812613666057587
41266.0,1.0,0.05795514956116676
41267.0,0.0,0.06278541684150696
41268.0,0.0,0.027234036475419998
41269.0,0.0,0.02854803204536438
41270.0,0.0,0.02314114384353161
41271.0,0.0,0.04415956512093544
41272.0,0.0,0.001260689808987081
41273.0,0.0,0.02314114384353161
41274.0,0.0,0.02854803204536438
41275.0,0.0,0.024906201288104057
41276.0,0.0,0.02814936637878418
41277.0,0.0,0.01404144149273634
41278.0,0.0,0.0014202744932845235
41279.0,0.0,0.04041016474366188
41280.0,0.0,0.02314114384353161
41281.0,0.0,0.02314114384353161
41282.0,0.0,0.025873281061649323
41283.0,0.0,0.03959309309720993
41284.0,0.0,0.0327400341629982
41285.0,0.0,0.013825992122292519
41286.0,0.0,0.01724102534353733
41287.0,0.0,0.02544485405087471
41288.0,0.0,0.06399565190076828
41289.0,0.0,0.025771109387278557
41290.0,0.0,0.05817730352282524
41291.0,0.0,0.024906201288104057
41292.0,0.0,0.024906201288104057
41293.0,0.0,0.04095249995589256
41294.0,0.0,0.0012266056146472692
41295.0,0.0,0.029535578563809395
41296.0,1.0,0.9786312580108643
41297.0,0.0,0.06293682754039764
41298.0,0.0,0.0015030310023576021
41299.0,0.0,0.040309011936187744
41300.0,0.0,0.039073653519153595
41301.0,0.0,0.02632135897874832
41302.0,0.0,0.03833799064159393
41303.0,0.0,0.02663862146437168
41304.0,0.0,0.02632135897874832
41305.0,0.0,0.4392189085483551
41306.0,1.0,0.02660154178738594
41307.0,0.0,0.023887183517217636
41308.0,0.0,0.01133112795650959
41309.0,0.0,0.05607227236032486
41310.0,0.0,0.027234036475419998
41311.0,0.0,0.018040908500552177
41312.0,0.0,0.012175491079688072
41313.0,0.0,0.017969094216823578
41314.0,0.0,0.0013193896738812327
41315.0,0.0,0.010952994227409363
41316.0,0.0,0.015413998626172543
41317.0,0.0,0.016446709632873535
41318.0,0.0,0.04075709730386734
41319.0,0.0,0.015119008719921112
41320.0,0.0,0.003244467545300722
41321.0,0.0,0.0014202744932845235
41322.0,0.0,0.015193900093436241
41323.0,1.0,0.05908733606338501
41324.0,0.0,0.04230886325240135
41325.0,1.0,0.02355126105248928
41326.0,0.0,0.016777299344539642
41327.0,0.0,0.022331207990646362
41328.0,0.0,0.022685261443257332
41329.0,0.0,0.025810956954956055
41330.0,0.0,0.05840681120753288
41331.0,0.0,0.011426706798374653
41332.0,0.0,0.02814936637878418
41333.0,0.0,0.033961985260248184
41334.0,0.0,0.017378058284521103
41335.0,0.0,0.0013906233943998814
41336.0,0.0,0.015116751194000244
41337.0,0.0,0.025873281061649323
41338.0,0.0,0.024906201288104057
41339.0,0.0,0.06344211101531982
41340.0,0.0,0.018040908500552177
41341.0,0.0,0.026141773909330368
41342.0,0.0,0.01679009385406971
41343.0,0.0,0.017378058284521103
41344.0,1.0,0.9013168215751648
41345.0,0.0,0.02663862146437168
41346.0,0.0,0.014777462929487228
41347.0,0.0,0.02784525230526924
41348.0,0.0,0.018040908500552177
41349.0,0.0,0.06431885063648224
41350.0,0.0,0.05454898998141289
41351.0,0.0,0.039917442947626114
41352.0,0.0,0.0013608243316411972
41353.0,0.0,0.02632135897874832
41354.0,1.0,0.3523220121860504
41355.0,0.0,0.015724515542387962
41356.0,0.0,0.027234036475419998
41357.0,0.0,0.027234036475419998
41358.0,0.0,0.024717602878808975
41359.0,0.0,0.027341853827238083
41360.0,0.0,0.4442150890827179
41361.0,0.0,0.0019099721685051918
41362.0,0.0,0.017115604132413864
41363.0,0.0,0.024871468544006348
41364.0,0.0,0.014743927866220474
41365.0,0.0,0.003296883078292012
41366.0,0.0,0.023887183517217636
41367.0,0.0,0.01722889207303524
41368.0,1.0,0.02475586347281933
41369.0,0.0,0.019827978685498238
41370.0,0.0,0.03957344591617584
41371.0,0.0,0.027341853827238083
41372.0,0.0,0.02532712183892727
41373.0,0.0,0.015413998626172543
41374.0,0.0,0.027234036475419998
41375.0,0.0,0.023853830993175507
41376.0,0.0,0.016994355246424675
41377.0,0.0,0.042293984442949295
41378.0,0.0,0.019073618575930595
41379.0,0.0,0.02544485405087471
41380.0,0.0,0.056397695094347
41381.0,0.0,0.04475943744182587
41382.0,0.0,0.021784787997603416
41383.0,0.0,0.027234036475419998
41384.0,0.0,0.017739813774824142
41385.0,0.0,0.06916140019893646
41386.0,0.0,0.025005033239722252
41387.0,0.0,0.06139259412884712
41388.0,0.0,0.0013906233943998814
41389.0,0.0,0.02459888532757759
41390.0,0.0,0.01441872026771307
41391.0,0.0,0.024906201288104057
41392.0,0.0,0.0014401210937649012
41393.0,0.0,0.039147090166807175
41394.0,0.0,0.02667977847158909
41395.0,0.0,0.025310751050710678
41396.0,0.0,0.023636609315872192
41397.0,0.0,0.02591816894710064
41398.0,0.0,0.02445853315293789
41399.0,0.0,0.0031921309418976307
41400.0,0.0,0.016435613855719566
41401.0,0.0,0.05066057667136192
41402.0,0.0,0.02663862146437168
41403.0,0.0,0.02880288101732731
41404.0,0.0,0.029581069946289062
41405.0,0.0,0.02660154178738594
41406.0,0.0,0.03556228429079056
41407.0,0.0,0.05817730352282524
41408.0,0.0,0.026265054941177368
41409.0,0.0,0.025771109387278557
41410.0,0.0,0.025227047502994537
41411.0,0.0,0.028187638148665428
41412.0,0.0,0.023996541276574135
41413.0,1.0,0.4626805782318115
41414.0,0.0,0.039917442947626114
41415.0,0.0,0.016435613855719566
41416.0,0.0,0.014175931923091412
41417.0,0.0,0.03619825094938278
41418.0,0.0,0.022420059889554977
41419.0,0.0,0.014621013775467873
41420.0,0.0,0.017969094216823578
41421.0,0.0,0.002839556662365794
41422.0,0.0,0.016122156754136086
41423.0,0.0,0.015675872564315796
41424.0,0.0,0.0012333538616076112
41425.0,0.0,0.0013140484225004911
41426.0,0.0,0.017378058284521103
41427.0,0.0,0.04095249995589256
41428.0,0.0,0.025771109387278557
41429.0,0.0,0.028981421142816544
41430.0,0.0,0.025810956954956055
41431.0,0.0,0.01685047335922718
41432.0,0.0,0.06021404266357422
41433.0,0.0,0.02398207224905491
41434.0,0.0,0.014743927866220474
41435.0,0.0,0.02481570467352867
41436.0,0.0,0.02234203740954399
41437.0,0.0,0.025873281061649323
41438.0,0.0,0.010664010420441628
41439.0,1.0,0.8376485705375671
41440.0,0.0,0.011022149585187435
41441.0,0.0,0.016122156754136086
41442.0,0.0,0.02814936637878418
41443.0,0.0,0.01410497073084116
41444.0,0.0,0.04354483634233475
41445.0,0.0,0.0013608243316411972
41446.0,0.0,0.027001334354281425
41447.0,0.0,0.024590618908405304
41448.0,0.0,0.017358029261231422
41449.0,0.0,0.32667824625968933
41450.0,0.0,0.015856554731726646
41451.0,0.0,0.02426704578101635
41452.0,0.0,0.015041153877973557
41453.0,0.0,0.017378058284521103
41454.0,0.0,0.06639550626277924
41455.0,0.0,0.01521681435406208
41456.0,0.0,0.06511613726615906
41457.0,0.0,0.01899777166545391
41458.0,0.0,0.06260161846876144
41459.0,0.0,0.03941935673356056
41460.0,0.0,0.01618671976029873
41461.0,0.0,0.016661789268255234
41462.0,0.0,0.025771109387278557
41463.0,0.0,0.025771109387278557
41464.0,1.0,0.05812613666057587
41465.0,0.0,0.02624538727104664
41466.0,1.0,0.3523220121860504
41467.0,0.0,0.027234036475419998
41468.0,0.0,0.0270602498203516
41469.0,0.0,0.06302212178707123
41470.0,0.0,0.014230571687221527
41471.0,0.0,0.023853830993175507
41472.0,0.0,0.017739813774824142
41473.0,0.0,0.016362937167286873
41474.0,0.0,0.02653190866112709
41475.0,0.0,0.025771109387278557
41476.0,0.0,0.026122327893972397
41477.0,0.0,0.02355126105248928
41478.0,0.0,0.02544485405087471
41479.0,0.0,0.02663862146437168
41480.0,0.0,0.06139259412884712
41481.0,0.0,0.0014202744932845235
41482.0,0.0,0.023298293352127075
41483.0,0.0,0.02628469653427601
41484.0,0.0,0.026265054941177368
41485.0,1.0,0.02854803204536438
41486.0,0.0,0.07044494897127151
41487.0,0.0,0.052644629031419754
41488.0,0.0,0.4476095139980316
41489.0,0.0,0.05522727221250534
41490.0,0.0,0.01678997464478016
41491.0,0.0,0.02507074922323227
41492.0,0.0,0.025005033239722252
41493.0,0.0,0.02544485405087471
41494.0,0.0,0.024906201288104057
41495.0,0.0,0.025771109387278557
41496.0,0.0,0.0012285500997677445
41497.0,0.0,0.4360010325908661
41498.0,0.0,0.025771109387278557
41499.0,0.0,0.017228078097105026
41500.0,0.0,0.023853830993175507
41501.0,0.0,0.042359452694654465
41502.0,0.0,0.017739813774824142
41503.0,0.0,0.02481570467352867
41504.0,0.0,0.024717602878808975
41505.0,0.0,0.023887183517217636
41506.0,0.0,0.017255766317248344
41507.0,0.0,0.0014572733780369163
41508.0,0.0,0.06344211101531982
41509.0,0.0,0.02544485405087471
41510.0,0.0,0.024906201288104057
41511.0,0.0,0.02544485405087471
41512.0,0.0,0.04011544585227966
41513.0,0.0,0.04041016474366188
41514.0,0.0,0.02641528844833374
41515.0,0.0,0.015724515542387962
41516.0,0.0,0.023474901914596558
41517.0,0.0,0.025771109387278557
41518.0,0.0,0.03413638100028038
41519.0,0.0,0.47950536012649536
41520.0,0.0,0.015675872564315796
41521.0,0.0,0.015616292133927345
41522.0,0.0,0.0013536671176552773
41523.0,0.0,0.03972425311803818
41524.0,0.0,0.022847406566143036
41525.0,0.0,0.02710825391113758
41526.0,0.0,0.25248852372169495
41527.0,0.0,0.02348615787923336
41528.0,0.0,0.0034541932400316
41529.0,0.0,0.43061134219169617
41530.0,0.0,0.024556316435337067
41531.0,0.0,0.023612098768353462
41532.0,0.0,0.01574668474495411
41533.0,0.0,0.023887183517217636
41534.0,0.0,0.01899777166545391
41535.0,0.0,0.023888908326625824
41536.0,0.0,0.026301685720682144
41537.0,0.0,0.024906201288104057
41538.0,0.0,0.016352578997612
41539.0,0.0,0.016225576400756836
41540.0,0.0,0.025771109387278557
41541.0,0.0,0.02236247807741165
41542.0,0.0,0.02236247807741165
41543.0,0.0,0.015856554731726646
41544.0,0.0,0.02440434880554676
41545.0,0.0,0.0015549295349046588
41546.0,0.0,0.02663862146437168
41547.0,0.0,0.02314114384353161
41548.0,0.0,0.001925555756315589
41549.0,0.0,0.02360360138118267
41550.0,0.0,0.014124889858067036
41551.0,0.0,0.011426706798374653
41552.0,0.0,0.019177276641130447
41553.0,0.0,0.023853830993175507
41554.0,0.0,0.02632135897874832
41555.0,0.0,0.017810726538300514
41556.0,0.0,0.016853002831339836
41557.0,0.0,0.02481570467352867
41558.0,0.0,0.02663862146437168
41559.0,0.0,0.0016021872870624065
41560.0,0.0,0.0034331486094743013
41561.0,0.0,0.02995872125029564
41562.0,0.0,0.02504478208720684
41563.0,0.0,0.01846366375684738
41564.0,0.0,0.024556316435337067
41565.0,0.0,0.015856554731726646
41566.0,0.0,0.010268616490066051
41567.0,0.0,0.02314114384353161
41568.0,0.0,0.026744144037365913
41569.0,0.0,0.025283005088567734
41570.0,0.0,0.02632135897874832
41571.0,0.0,0.023922305554151535
41572.0,0.0,0.023887183517217636
41573.0,0.0,0.024871468544006348
41574.0,0.0,0.01678997464478016
41575.0,0.0,0.018040908500552177
41576.0,0.0,0.02481570467352867
41577.0,0.0,0.017969094216823578
41578.0,0.0,0.07372824847698212
41579.0,0.0,0.010575352236628532
41580.0,0.0,0.03922644257545471
41581.0,0.0,0.014891373924911022
41582.0,0.0,0.019073618575930595
41583.0,0.0,0.04094049707055092
41584.0,0.0,0.009604624472558498
41585.0,0.0,0.015878908336162567
41586.0,1.0,0.9882330298423767
41587.0,0.0,0.015616292133927345
41588.0,0.0,0.01722889207303524
41589.0,0.0,0.02628469653427601
41590.0,0.0,0.017693044617772102
41591.0,0.0,0.36442863941192627
41592.0,0.0,0.024906201288104057
41593.0,0.0,0.018531108275055885
41594.0,0.0,0.025771109387278557
41595.0,0.0,0.05264653265476227
41596.0,0.0,0.030282769352197647
41597.0,0.0,0.02632135897874832
41598.0,0.0,0.42605772614479065
41599.0,0.0,0.024906201288104057
41600.0,0.0,0.018421942368149757
41601.0,0.0,0.07277561724185944
41602.0,0.0,0.037497278302907944
41603.0,0.0,0.027128420770168304
41604.0,0.0,0.02236247807741165
41605.0,0.0,0.3523220121860504
41606.0,0.0,0.4445684850215912
41607.0,0.0,0.02445853315293789
41608.0,0.0,0.023887183517217636
41609.0,0.0,0.05983950197696686
41610.0,0.0,0.003117911983281374
41611.0,0.0,0.024717602878808975
41612.0,0.0,0.0035176854580640793
41613.0,0.0,0.018225423991680145
41614.0,0.0,0.0020149624906480312
41615.0,0.0,0.024906201288104057
41616.0,0.0,0.014588294550776482
41617.0,0.0,0.04426339268684387
41618.0,0.0,0.05515262857079506
41619.0,0.0,0.01165784988552332
41620.0,0.0,0.02314114384353161
41621.0,0.0,0.017008891329169273
41622.0,0.0,0.03928789123892784
41623.0,0.0,0.4470437467098236
41624.0,0.0,0.025346089154481888
41625.0,0.0,0.01618671976029873
41626.0,0.0,0.02314114384353161
41627.0,0.0,0.02544485405087471
41628.0,0.0,0.025945642963051796
41629.0,0.0,0.05362722650170326
41630.0,0.0,0.02331252209842205
41631.0,0.0,0.06440412998199463
41632.0,0.0,0.027021421119570732
41633.0,0.0,0.025771109387278557
41634.0,0.0,0.0014260467141866684
41635.0,0.0,0.024906201288104057
41636.0,0.0,0.02314114384353161
41637.0,0.0,0.01687617413699627
41638.0,0.0,0.0034053996205329895
41639.0,0.0,0.02632135897874832
41640.0,0.0,0.018040908500552177
41641.0,0.0,0.02632135897874832
41642.0,0.0,0.01133112795650959
41643.0,0.0,0.020551107823848724
41644.0,0.0,0.018706221133470535
41645.0,0.0,0.025810956954956055
41646.0,0.0,0.024871468544006348
41647.0,0.0,0.025245940312743187
41648.0,0.0,0.0229489766061306
41649.0,0.0,0.017478905618190765
41650.0,0.0,0.025771109387278557
41651.0,0.0,0.01618671976029873
41652.0,0.0,0.02854803204536438
41653.0,0.0,0.017739813774824142
41654.0,0.0,0.027234036475419998
41655.0,0.0,0.024717602878808975
41656.0,0.0,0.02663862146437168
41657.0,0.0,0.0014414848992601037
41658.0,0.0,0.0013486293610185385
41659.0,0.0,0.014243694953620434
41660.0,0.0,0.024231432005763054
41661.0,0.0,0.028432950377464294
41662.0,0.0,0.016435613855719566
41663.0,0.0,0.02314114384353161
41664.0,0.0,0.05607227236032486
41665.0,0.0,0.025771109387278557
41666.0,0.0,0.014958435669541359
41667.0,0.0,0.43704754114151
41668.0,0.0,0.025771109387278557
41669.0,0.0,0.027234036475419998
41670.0,0.0,0.0576346293091774
41671.0,0.0,0.02651994675397873
41672.0,0.0,0.026141773909330368
41673.0,0.0,0.027234036475419998
41674.0,0.0,0.024717602878808975
41675.0,0.0,0.013185258023440838
41676.0,0.0,0.025771109387278557
41677.0,0.0,0.01886281929910183
41678.0,0.0,0.024944746866822243
41679.0,0.0,0.07182678580284119
41680.0,1.0,0.05795514956116676
41681.0,0.0,0.4476095139980316
41682.0,0.0,0.05998348444700241
41683.0,0.0,0.026744144037365913
41684.0,0.0,0.024906201288104057
41685.0,0.0,0.02445853315293789
41686.0,0.0,0.025873281061649323
41687.0,0.0,0.017969094216823578
41688.0,0.0,0.025545770302414894
41689.0,0.0,0.01722889207303524
41690.0,0.0,0.024871468544006348
41691.0,0.0,0.02628469653427601
41692.0,0.0,0.01702914573252201
41693.0,0.0,0.017115140333771706
41694.0,0.0,0.022166267037391663
41695.0,0.0,0.023636609315872192
41696.0,0.0,0.016298197209835052
41697.0,0.0,0.02481570467352867
41698.0,1.0,0.9960840940475464
41699.0,0.0,0.03794029727578163
41700.0,0.0,0.0015091396635398269
41701.0,0.0,0.0014260467141866684
41702.0,0.0,0.027128420770168304
41703.0,0.0,0.027234036475419998
41704.0,0.0,0.026405904442071915
41705.0,0.0,0.016225576400756836
41706.0,0.0,0.017336970195174217
41707.0,0.0,0.05730250105261803
41708.0,0.0,0.050926804542541504
41709.0,0.0,0.039073653519153595
41710.0,0.0,0.02632135897874832
41711.0,0.0,0.02314114384353161
41712.0,0.0,0.058183833956718445
41713.0,0.0,0.039093051105737686
41714.0,0.0,0.016122156754136086
41715.0,0.0,0.015413998626172543
41716.0,1.0,0.3653699457645416
41717.0,0.0,0.013825992122292519
41718.0,0.0,0.023922305554151535
41719.0,1.0,0.0013714581727981567
41720.0,0.0,0.0014502613339573145
41721.0,0.0,0.024906201288104057
41722.0,0.0,0.026122327893972397
41723.0,0.0,0.024906201288104057
41724.0,0.0,0.05454898998141289
41725.0,0.0,0.023853830993175507
41726.0,0.0,0.058829501271247864
41727.0,0.0,0.48198366165161133
41728.0,0.0,0.06474325805902481
41729.0,0.0,0.023721186444163322
41730.0,0.0,0.015675872564315796
41731.0,0.0,0.02521074190735817
41732.0,0.0,0.027234036475419998
41733.0,1.0,0.05264653265476227
41734.0,0.0,0.04233984649181366
41735.0,0.0,0.023887183517217636
41736.0,0.0,0.024590618908405304
41737.0,0.0,0.03683403134346008
41738.0,1.0,0.039906181395053864
41739.0,0.0,0.010159410536289215
41740.0,0.0,0.022166267037391663
41741.0,0.0,0.06431885063648224
41742.0,0.0,0.022331207990646362
41743.0,0.0,0.02602090686559677
41744.0,0.0,0.02814936637878418
41745.0,0.0,0.04596911370754242
41746.0,0.0,0.058220189064741135
41747.0,0.0,0.015938570722937584
41748.0,0.0,0.03513512387871742
41749.0,0.0,0.059325143694877625
41750.0,0.0,0.027234036475419998
41751.0,0.0,0.024906201288104057
41752.0,0.0,0.015413998626172543
41753.0,0.0,0.025383293628692627
41754.0,1.0,0.4633311629295349
41755.0,0.0,0.02658638171851635
41756.0,0.0,0.42113515734672546
41757.0,0.0,0.03889988735318184
41758.0,0.0,0.04941122978925705
41759.0,0.0,0.05795514956116676
41760.0,0.0,0.025245940312743187
41761.0,0.0,0.015590906143188477
41762.0,0.0,0.024871468544006348
41763.0,0.0,0.03077230602502823
41764.0,0.0,0.015202022157609463
41765.0,0.0,0.02663862146437168
41766.0,0.0,0.025873281061649323
41767.0,0.0,0.014891373924911022
41768.0,0.0,0.003243122948333621
41769.0,0.0,0.003513687988743186
41770.0,0.0,0.0012877800036221743
41771.0,0.0,0.027234036475419998
41772.0,0.0,0.016435613855719566
41773.0,0.0,0.024906201288104057
41774.0,0.0,0.05834890156984329
41775.0,0.0,0.025283005088567734
41776.0,0.0,0.027913730591535568
41777.0,0.0,0.0015030310023576021
41778.0,0.0,0.025771109387278557
41779.0,0.0,0.06512225419282913
41780.0,0.0,0.018461478874087334
41781.0,0.0,0.0034143375232815742
41782.0,0.0,0.027341853827238083
41783.0,0.0,0.02323314920067787
41784.0,0.0,0.02663862146437168
41785.0,0.0,0.027341853827238083
41786.0,0.0,0.023887183517217636
41787.0,0.0,0.024017333984375
41788.0,0.0,0.02663862146437168
41789.0,0.0,0.24774743616580963
41790.0,0.0,0.0246882326900959
41791.0,0.0,0.0013694989029318094
41792.0,0.0,0.06021404266357422
41793.0,0.0,0.018040908500552177
41794.0,0.0,0.027001334354281425
41795.0,0.0,0.0012720894301310182
41796.0,0.0,0.02236247807741165
41797.0,0.0,0.058941278606653214
41798.0,0.0,0.02481570467352867
41799.0,0.0,0.41815587878227234
41800.0,0.0,0.06813625991344452
41801.0,0.0,0.02632135897874832
41802.0,0.0,0.058941278606653214
41803.0,0.0,0.025771109387278557
41804.0,0.0,0.05607227236032486
41805.0,0.0,0.026141773909330368
41806.0,0.0,0.025771109387278557
41807.0,0.0,0.018040908500552177
41808.0,0.0,0.013356479816138744
41809.0,0.0,0.0015030310023576021
41810.0,0.0,0.02358420193195343
41811.0,0.0,0.023924192413687706
41812.0,0.0,0.025771109387278557
41813.0,0.0,0.025873281061649323
41814.0,0.0,0.02703808806836605
41815.0,0.0,0.025771109387278557
41816.0,0.0,0.02236247807741165
41817.0,0.0,0.016435613855719566
41818.0,0.0,0.014243694953620434
41819.0,0.0,0.027234036475419998
41820.0,0.0,0.0015612490242347121
41821.0,0.0,0.05522727221250534
41822.0,0.0,0.06932222843170166
41823.0,1.0,0.44021958112716675
41824.0,0.0,0.029283806681632996
41825.0,0.0,0.018040908500552177
41826.0,0.0,0.04260427877306938
41827.0,0.0,0.47073468565940857
41828.0,0.0,0.03889988735318184
41829.0,0.0,0.02426704578101635
41830.0,0.0,0.018215972930192947
41831.0,0.0,0.02314114384353161
41832.0,0.0,0.0013431700645014644
41833.0,0.0,0.023887183517217636
41834.0,0.0,0.01747695542871952
41835.0,0.0,0.03876886144280434
41836.0,1.0,0.025771109387278557
41837.0,0.0,0.02314114384353161
41838.0,0.0,0.025873281061649323
41839.0,0.0,0.015878908336162567
41840.0,0.0,0.0013736317632719874
41841.0,0.0,0.06139259412884712
41842.0,0.0,0.02544514648616314
41843.0,0.0,0.0031689931638538837
41844.0,0.0,0.0016901070484891534
41845.0,0.0,0.022420059889554977
41846.0,0.0,0.015878908336162567
41847.0,0.0,0.014297300949692726
41848.0,0.0,0.02559009939432144
41849.0,0.0,0.038809921592473984
41850.0,0.0,0.02663862146437168
41851.0,0.0,0.0015549295349046588
41852.0,0.0,0.02314114384353161
41853.0,0.0,0.0399782694876194
41854.0,0.0,0.0263888631016016
41855.0,0.0,0.010713044553995132
41856.0,0.0,0.02481570467352867
41857.0,1.0,0.92838454246521
41858.0,1.0,0.4464757442474365
41859.0,0.0,0.026744144037365913
41860.0,0.0,0.024717602878808975
41861.0,0.0,0.026301685720682144
41862.0,0.0,0.027234036475419998
41863.0,0.0,0.0014202744932845235
41864.0,0.0,0.02358420193195343
41865.0,0.0,0.026744144037365913
41866.0,0.0,0.03683403134346008
41867.0,0.0,0.015223466791212559
41868.0,0.0,0.02061801590025425
41869.0,0.0,0.02544485405087471
41870.0,0.0,0.015878908336162567
41871.0,0.0,0.017378058284521103
41872.0,0.0,0.059674497693777084
41873.0,0.0,0.05929740518331528
41874.0,0.0,0.016293639317154884
41875.0,0.0,0.026744144037365913
41876.0,0.0,0.023705922067165375
41877.0,0.0,0.0013694989029318094
41878.0,0.0,0.024556316435337067
41879.0,0.0,0.025771109387278557
41880.0,0.0,0.022847406566143036
41881.0,0.0,0.024906201288104057
41882.0,0.0,0.024717602878808975
41883.0,0.0,0.022397181019186974
41884.0,0.0,0.031328391283750534
41885.0,0.0,0.01704694889485836
41886.0,0.0,0.01635638438165188
41887.0,0.0,0.0012283599935472012
41888.0,0.0,0.0633791908621788
41889.0,0.0,0.01722889207303524
41890.0,0.0,0.06344211101531982
41891.0,0.0,0.0032286918722093105
41892.0,0.0,0.016435613855719566
41893.0,0.0,0.0014202744932845235
41894.0,0.0,0.03683403134346008
41895.0,0.0,0.02632135897874832
41896.0,0.0,0.012793133035302162
41897.0,0.0,0.02854803204536438
41898.0,0.0,0.015413998626172543
41899.0,0.0,0.02421925775706768
41900.0,0.0,0.025873281061649323
41901.0,0.0,0.0013750650687143207
41902.0,0.0,0.025771109387278557
41903.0,0.0,0.02588205225765705
41904.0,0.0,0.027234036475419998
41905.0,0.0,0.4237212538719177
41906.0,0.0,0.04019296169281006
41907.0,0.0,0.025771109387278557
41908.0,0.0,0.02481570467352867
41909.0,0.0,0.027234036475419998
41910.0,0.0,0.025771109387278557
41911.0,0.0,0.0012044768081977963
41912.0,0.0,0.017861315980553627
41913.0,0.0,0.028332654386758804
41914.0,0.0,0.4532330334186554
41915.0,0.0,0.02355126105248928
41916.0,0.0,0.018040908500552177
41917.0,0.0,0.027234036475419998
41918.0,0.0,0.027341853827238083
41919.0,0.0,0.02607773244380951
41920.0,0.0,0.022331207990646362
41921.0,0.0,0.04214458912611008
41922.0,0.0,0.025873281061649323
41923.0,0.0,0.02536497637629509
41924.0,0.0,0.024590618908405304
41925.0,0.0,0.023887183517217636
41926.0,0.0,0.030525844544172287
41927.0,0.0,0.01899777166545391
41928.0,0.0,0.0014752917923033237
41929.0,0.0,0.015878908336162567
41930.0,0.0,0.016777299344539642
41931.0,0.0,0.025771109387278557
41932.0,0.0,0.01507534645497799
41933.0,0.0,0.019770890474319458
41934.0,1.0,0.024717602878808975
41935.0,0.0,0.029652222990989685
41936.0,0.0,0.015246058814227581
41937.0,0.0,0.02449849620461464
41938.0,0.0,0.04348112270236015
41939.0,0.0,0.025545770302414894
41940.0,0.0,0.04174934700131416
41941.0,0.0,0.02814936637878418
41942.0,0.0,0.015223466791212559
41943.0,1.0,0.014588294550776482
41944.0,0.0,0.014243694953620434
41945.0,0.0,0.0012283599935472012
41946.0,0.0,0.02398207224905491
41947.0,0.0,0.49766427278518677
41948.0,0.0,0.02632135897874832
41949.0,0.0,0.015590906143188477
41950.0,0.0,0.025771109387278557
41951.0,0.0,0.027234036475419998
41952.0,0.0,0.025550583377480507
41953.0,0.0,0.024906201288104057
41954.0,0.0,0.03859657794237137
41955.0,0.0,0.0010233159409835935
41956.0,0.0,0.02632135897874832
41957.0,0.0,0.02314114384353161
41958.0,0.0,0.05804179608821869
41959.0,0.0,0.02632135897874832
41960.0,1.0,0.7996756434440613
41961.0,0.0,0.025873281061649323
41962.0,1.0,0.4037907123565674
41963.0,0.0,0.023393183946609497
41964.0,0.0,0.023721186444163322
41965.0,0.0,0.026301685720682144
41966.0,0.0,0.0630522072315216
41967.0,0.0,0.031205356121063232
41968.0,0.0,0.024590618908405304
41969.0,0.0,0.03967888653278351
41970.0,0.0,0.0013140484225004911
41971.0,0.0,0.44283321499824524
41972.0,0.0,0.025771109387278557
41973.0,0.0,0.023730525746941566
41974.0,0.0,0.032201074063777924
41975.0,0.0,0.025771109387278557
41976.0,0.0,0.012085461057722569
41977.0,0.0,0.02323314920067787
41978.0,0.0,0.0629376545548439
41979.0,0.0,0.02236247807741165
41980.0,0.0,0.017336970195174217
41981.0,0.0,0.031328391283750534
41982.0,0.0,0.0014202744932845235
41983.0,0.0,0.016225576400756836
41984.0,0.0,0.018215972930192947
41985.0,0.0,0.02440434880554676
41986.0,0.0,0.04142071679234505
41987.0,0.0,0.015878908336162567
41988.0,0.0,0.012147805653512478
41989.0,0.0,0.024717602878808975
41990.0,0.0,0.0015030310023576021
41991.0,0.0,0.01158476434648037
41992.0,0.0,0.026141773909330368
41993.0,0.0,0.026122327893972397
41994.0,0.0,0.024717602878808975
41995.0,0.0,0.025771109387278557
41996.0,0.0,0.0008072012569755316
41997.0,0.0,0.04081787168979645
41998.0,0.0,0.05844329297542572
41999.0,0.0,0.014276108704507351
42000.0,0.0,0.02355126105248928
42001.0,0.0,0.0034331486094743013
42002.0,0.0,0.011426706798374653
42003.0,0.0,0.0271451435983181
42004.0,0.0,0.025283005088567734
42005.0,0.0,0.024871468544006348
42006.0,0.0,0.024590618908405304
42007.0,0.0,0.025771109387278557
42008.0,0.0,0.02507074922323227
42009.0,0.0,0.014276108704507351
42010.0,0.0,0.02323314920067787
42011.0,0.0,0.02236247807741165
42012.0,0.0,0.04493342712521553
42013.0,0.0,0.4436468780040741
42014.0,0.0,0.015223466791212559
42015.0,0.0,0.025771109387278557
42016.0,1.0,0.04300350323319435
42017.0,0.0,0.0013608243316411972
42018.0,0.0,0.025771109387278557
42019.0,0.0,0.027001334354281425
42020.0,0.0,0.02663862146437168
42021.0,0.0,0.025229530408978462
42022.0,0.0,0.003513687988743186
42023.0,0.0,0.016766361892223358
42024.0,0.0,0.05421041324734688
42025.0,0.0,0.02314114384353161
42026.0,0.0,0.025245940312743187
42027.0,0.0,0.037693385034799576
42028.0,0.0,0.02544485405087471
42029.0,0.0,0.02526475116610527
42030.0,0.0,0.010880522429943085
42031.0,0.0,0.02236247807741165
42032.0,0.0,0.025771109387278557
42033.0,0.0,0.022847406566143036
42034.0,0.0,0.02314114384353161
42035.0,0.0,0.015878908336162567
42036.0,0.0,0.06493914872407913
42037.0,0.0,0.024074561893939972
42038.0,0.0,0.05522727221250534
42039.0,0.0,0.023568198084831238
42040.0,0.0,0.02632135897874832
42041.0,1.0,0.02395937219262123
42042.0,0.0,0.027234036475419998
42043.0,0.0,0.02236247807741165
42044.0,0.0,0.02995872125029564
42045.0,0.0,0.0032407285179942846
42046.0,0.0,0.017208339646458626
42047.0,0.0,0.03637295961380005
42048.0,0.0,0.018040908500552177
42049.0,0.0,0.024871468544006348
42050.0,0.0,0.027234036475419998
42051.0,0.0,0.029535578563809395
42052.0,0.0,0.024363409727811813
42053.0,0.0,0.025771109387278557
42054.0,0.0,0.026196282356977463
42055.0,0.0,0.04682797193527222
42056.0,0.0,0.027341853827238083
42057.0,0.0,0.0015091396635398269
42058.0,0.0,0.02314114384353161
42059.0,0.0,0.04036801680922508
42060.0,1.0,0.4392189085483551
42061.0,0.0,0.06136394292116165
42062.0,0.0,0.0172517579048872
42063.0,0.0,0.01754879392683506
42064.0,0.0,0.001260689808987081
42065.0,1.0,0.025283005088567734
42066.0,0.0,0.027234036475419998
42067.0,0.0,0.014743927866220474
42068.0,0.0,0.02663862146437168
42069.0,0.0,0.024906201288104057
42070.0,0.0,0.4122503101825714
42071.0,0.0,0.0008937077946029603
42072.0,0.0,0.026122327893972397
42073.0,0.0,0.025771109387278557
42074.0,0.0,0.02544485405087471
42075.0,0.0,0.003731371136382222
42076.0,0.0,0.0012266056146472692
42077.0,0.0,0.027128420770168304
42078.0,0.0,0.0014202744932845235
42079.0,0.0,0.06511613726615906
42080.0,0.0,0.025771109387278557
42081.0,0.0,0.02236247807741165
42082.0,0.0,0.025743823498487473
42083.0,0.0,0.01445102971047163
42084.0,0.0,0.024906201288104057
42085.0,0.0,0.05582575500011444
42086.0,0.0,0.023853830993175507
42087.0,0.0,0.03712212294340134
42088.0,0.0,0.02814936637878418
42089.0,0.0,0.011426706798374653
42090.0,0.0,0.025873281061649323
42091.0,0.0,0.030939796939492226
42092.0,0.0,0.025005033239722252
42093.0,0.0,0.02445853315293789
42094.0,0.0,0.001295147929340601
42095.0,0.0,0.02628469653427601
42096.0,0.0,0.016994355246424675
42097.0,0.0,0.02264479734003544
42098.0,0.0,0.06804543733596802
42099.0,0.0,0.016435613855719566
42100.0,0.0,0.023568198084831238
42101.0,0.0,0.025172991678118706
42102.0,0.0,0.01629883050918579
42103.0,0.0,0.024590618908405304
42104.0,0.0,0.031328391283750534
42105.0,0.0,0.025245940312743187
42106.0,0.0,0.03304668888449669
42107.0,0.0,0.02632135897874832
42108.0,1.0,0.02236247807741165
42109.0,0.0,0.025073513388633728
42110.0,0.0,0.025245940312743187
42111.0,0.0,0.027234036475419998
42112.0,0.0,0.027341853827238083
42113.0,0.0,0.027234036475419998
42114.0,1.0,0.4316074550151825
42115.0,0.0,0.024906201288104057
42116.0,0.0,0.031205356121063232
42117.0,0.0,0.025771109387278557
42118.0,0.0,0.014891373924911022
42119.0,0.0,0.01899777166545391
42120.0,0.0,0.02803678810596466
42121.0,0.0,0.06175331398844719
42122.0,0.0,0.017739813774824142
42123.0,0.0,0.024906201288104057
42124.0,0.0,0.025346089154481888
42125.0,0.0,0.02544485405087471
42126.0,0.0,0.05628763884305954
42127.0,0.0,0.015223466791212559
42128.0,0.0,0.025229530408978462
42129.0,1.0,0.6175081133842468
42130.0,0.0,0.023474901914596558
42131.0,1.0,0.04019296169281006
42132.0,0.0,0.014276108704507351
42133.0,1.0,0.06044430285692215
42134.0,0.0,0.05916696786880493
42135.0,0.0,0.0014202744932845235
42136.0,0.0,0.001509379711933434
42137.0,0.0,0.024906201288104057
42138.0,0.0,0.024717602878808975
42139.0,0.0,0.025005033239722252
42140.0,0.0,0.022685261443257332
42141.0,0.0,0.02389991655945778
42142.0,0.0,0.01642438769340515
42143.0,0.0,0.014777462929487228
42144.0,0.0,0.025771109387278557
42145.0,0.0,0.027913730591535568
42146.0,0.0,0.32667824625968933
42147.0,0.0,0.014891373924911022
42148.0,0.0,0.025642139837145805
42149.0,0.0,0.03611791133880615
42150.0,0.0,0.0012124227359890938
42151.0,0.0,0.04094049707055092
42152.0,0.0,0.020057031884789467
42153.0,0.0,0.023924192413687706
42154.0,1.0,0.05522727221250534
42155.0,0.0,0.05604023113846779
42156.0,0.0,0.015413998626172543
42157.0,0.0,0.015638090670108795
42158.0,0.0,0.025771109387278557
42159.0,0.0,0.015116751194000244
42160.0,0.0,0.029848946258425713
42161.0,0.0,0.06198906525969505
42162.0,0.0,0.01506237406283617
42163.0,0.0,0.0015839730622246861
42164.0,0.0,0.014555196277797222
42165.0,0.0,0.025771109387278557
42166.0,0.0,0.02544485405087471
42167.0,0.0,0.0242068562656641
42168.0,0.0,0.016435613855719566
42169.0,0.0,0.06574150919914246
42170.0,0.0,0.0013663552235811949
42171.0,0.0,0.016122156754136086
42172.0,0.0,0.0013536671176552773
42173.0,0.0,0.03958925977349281
42174.0,0.0,0.0183898713439703
42175.0,0.0,0.024906201288104057
42176.0,0.0,0.027234036475419998
42177.0,0.0,0.0014401210937649012
42178.0,0.0,0.010985071770846844
42179.0,0.0,0.014891373924911022
42180.0,1.0,0.4360010325908661
42181.0,0.0,0.0033562947064638138
42182.0,0.0,0.023887183517217636
42183.0,0.0,0.024906201288104057
42184.0,0.0,0.0013714581727981567
42185.0,0.0,0.024871468544006348
42186.0,0.0,0.02663862146437168
42187.0,0.0,0.0012555853463709354
42188.0,1.0,0.4392189085483551
42189.0,0.0,0.025771109387278557
42190.0,0.0,0.025771109387278557
42191.0,0.0,0.025771109387278557
42192.0,0.0,0.02628469653427601
42193.0,0.0,0.3513956665992737
42194.0,0.0,0.02588205225765705
42195.0,0.0,0.02709795907139778
42196.0,0.0,0.025771109387278557
42197.0,0.0,0.011426706798374653
42198.0,0.0,0.024906201288104057
42199.0,0.0,0.025545770302414894
42200.0,0.0,0.0013694989029318094
42201.0,0.0,0.01629883050918579
42202.0,0.0,0.027234036475419998
42203.0,0.0,0.018330127000808716
42204.0,0.0,0.02314114384353161
42205.0,0.0,0.0013608243316411972
42206.0,0.0,0.025771109387278557
42207.0,0.0,0.014975089579820633
42208.0,0.0,0.02314114384353161
42209.0,0.0,0.025771109387278557
42210.0,0.0,0.025771109387278557
42211.0,0.0,0.018040908500552177
42212.0,0.0,0.32380878925323486
42213.0,0.0,0.011426706798374653
42214.0,1.0,0.4037907123565674
42215.0,0.0,0.010713044553995132
42216.0,0.0,0.01687617413699627
42217.0,0.0,0.02445853315293789
42218.0,0.0,0.024906201288104057
42219.0,0.0,0.027341853827238083
42220.0,0.0,0.024871468544006348
42221.0,0.0,0.02632135897874832
42222.0,0.0,0.02398207224905491
42223.0,1.0,0.8304533958435059
42224.0,0.0,0.014680053107440472
42225.0,0.0,0.024717602878808975
42226.0,0.0,0.014124889858067036
42227.0,1.0,0.02544485405087471
42228.0,0.0,0.02814936637878418
42229.0,0.0,0.02854803204536438
42230.0,0.0,0.01729780063033104
42231.0,0.0,0.026032596826553345
42232.0,0.0,0.022847406566143036
42233.0,1.0,0.027234036475419998
42234.0,0.0,0.024717602878808975
42235.0,0.0,0.4392189085483551
42236.0,0.0,0.42605772614479065
42237.0,0.0,0.037938617169857025
42238.0,0.0,0.4625804126262665
42239.0,0.0,0.017739813774824142
42240.0,0.0,0.04095249995589256
42241.0,0.0,0.017969094216823578
42242.0,0.0,0.02632135897874832
42243.0,0.0,0.02555767446756363
42244.0,0.0,0.0032132952474057674
42245.0,0.0,0.06175331398844719
42246.0,1.0,0.5212523937225342
42247.0,0.0,0.017969094216823578
42248.0,0.0,0.024906201288104057
42249.0,0.0,0.027234036475419998
42250.0,0.0,0.016109652817249298
42251.0,0.0,0.018215972930192947
42252.0,0.0,0.0014502613339573145
42253.0,0.0,0.02207839861512184
42254.0,0.0,0.014243694953620434
42255.0,0.0,0.02544485405087471
42256.0,0.0,0.0008554881205782294
42257.0,0.0,0.023433061316609383
42258.0,0.0,0.024906201288104057
42259.0,0.0,0.02398207224905491
42260.0,0.0,0.025651903823018074
42261.0,0.0,0.24193497002124786
42262.0,0.0,0.015223466791212559
42263.0,0.0,0.02323314920067787
42264.0,0.0,0.0013714581727981567
42265.0,0.0,0.02481570467352867
42266.0,0.0,0.01565380021929741
42267.0,0.0,0.02632135897874832
42268.0,0.0,0.05730250105261803
42269.0,0.0,0.0012720894301310182
42270.0,0.0,0.02236247807741165
42271.0,0.0,0.026301685720682144
42272.0,1.0,0.4370000660419464
42273.0,0.0,0.02323314920067787
42274.0,0.0,0.023887183517217636
42275.0,0.0,0.02544485405087471
42276.0,0.0,0.0013694989029318094
42277.0,0.0,0.06175331398844719
42278.0,0.0,0.016435613855719566
42279.0,0.0,0.015675872564315796
42280.0,0.0,0.4169633090496063
42281.0,1.0,0.05638376995921135
42282.0,0.0,0.025771109387278557
42283.0,0.0,0.01618671976029873
42284.0,0.0,0.0017605861648917198
42285.0,0.0,0.027234036475419998
42286.0,0.0,0.025873281061649323
42287.0,0.0,0.02061801590025425
42288.0,0.0,0.015878908336162567
42289.0,0.0,0.022331207990646362
42290.0,0.0,0.0012772607151418924
42291.0,0.0,0.02357242815196514
42292.0,1.0,0.018040908500552177
42293.0,0.0,0.025771109387278557
42294.0,0.0,0.015616292133927345
42295.0,0.0,0.02358420193195343
42296.0,1.0,0.9964537620544434
42297.0,0.0,0.02314114384353161
42298.0,0.0,0.025545770302414894
42299.0,0.0,0.024906201288104057
42300.0,0.0,0.022331207990646362
42301.0,0.0,0.025771109387278557
42302.0,0.0,0.02236247807741165
42303.0,0.0,0.024906201288104057
42304.0,1.0,0.3471915125846863
42305.0,0.0,0.04326498880982399
42306.0,0.0,0.05607227236032486
42307.0,0.0,0.003020623465999961
42308.0,0.0,0.017474841326475143
42309.0,0.0,0.025771109387278557
42310.0,0.0,0.04110029339790344
42311.0,0.0,0.06512225419282913
42312.0,0.0,0.024906201288104057
42313.0,0.0,0.0016565273981541395
42314.0,0.0,0.003244467545300722
42315.0,0.0,0.016777299344539642
42316.0,0.0,0.024906201288104057
42317.0,0.0,0.05812613666057587
42318.0,0.0,0.4476095139980316
42319.0,0.0,0.015223466791212559
42320.0,0.0,0.04296783357858658
42321.0,0.0,0.0014202744932845235
42322.0,0.0,0.0008673725533299148
42323.0,0.0,0.02893596701323986
42324.0,1.0,0.06722301989793777
42325.0,0.0,0.0033689364790916443
42326.0,0.0,0.023636609315872192
42327.0,0.0,0.018327536061406136
42328.0,0.0,0.06428132206201553
42329.0,0.0,0.016435613855719566
42330.0,0.0,0.011279945261776447
42331.0,0.0,0.016622358933091164
42332.0,0.0,0.024970166385173798
42333.0,0.0,0.02398207224905491
42334.0,0.0,0.06428132206201553
42335.0,0.0,0.05264653265476227
42336.0,0.0,0.015878908336162567
42337.0,1.0,0.02445853315293789
42338.0,0.0,0.02663862146437168
42339.0,0.0,0.023636609315872192
42340.0,0.0,0.02445853315293789
42341.0,0.0,0.027341853827238083
42342.0,0.0,0.053104232996702194
42343.0,0.0,0.025550583377480507
42344.0,0.0,0.024906201288104057
42345.0,0.0,0.023887183517217636
42346.0,0.0,0.04158467799425125
42347.0,0.0,0.02445853315293789
42348.0,0.0,0.02323314920067787
42349.0,0.0,0.05915085971355438
42350.0,0.0,0.02481570467352867
42351.0,0.0,0.0014202744932845235
42352.0,0.0,0.0690503939986229
42353.0,0.0,0.024717602878808975
42354.0,0.0,0.01521681435406208
42355.0,0.0,0.01685047335922718
42356.0,0.0,0.016622358933091164
42357.0,0.0,0.025550583377480507
42358.0,0.0,0.014297300949692726
42359.0,0.0,0.02323314920067787
42360.0,0.0,0.04991234093904495
42361.0,0.0,0.024231432005763054
42362.0,0.0,0.016994355246424675
42363.0,0.0,0.017969094216823578
42364.0,0.0,0.024231432005763054
42365.0,0.0,0.024231432005763054
42366.0,0.0,0.05730250105261803
42367.0,0.0,0.015724515542387962
42368.0,0.0,0.025245940312743187
42369.0,0.0,0.015413998626172543
42370.0,0.0,0.03343838080763817
42371.0,0.0,0.025642139837145805
42372.0,0.0,0.016097549349069595
42373.0,0.0,0.01886281929910183
42374.0,0.0,0.023730525746941566
42375.0,0.0,0.026265054941177368
42376.0,0.0,0.025771109387278557
42377.0,0.0,0.4169633090496063
42378.0,0.0,0.018215972930192947
42379.0,0.0,0.04528274014592171
42380.0,0.0,0.04094049707055092
42381.0,0.0,0.025873281061649323
42382.0,0.0,0.011426706798374653
42383.0,0.0,0.3513956665992737
42384.0,0.0,0.0013714581727981567
42385.0,0.0,0.017739813774824142
42386.0,0.0,0.025346089154481888
42387.0,0.0,0.01704694889485836
42388.0,0.0,0.018040908500552177
42389.0,0.0,0.06123312562704086
42390.0,0.0,0.02358420193195343
42391.0,0.0,0.03710935637354851
42392.0,0.0,0.027983561158180237
42393.0,0.0,0.024906201288104057
42394.0,0.0,0.025550583377480507
42395.0,0.0,0.02358420193195343
42396.0,0.0,0.03967888653278351
42397.0,0.0,0.02207839861512184
42398.0,0.0,0.0323781818151474
42399.0,0.0,0.011022149585187435
42400.0,0.0,0.01575755886733532
42401.0,0.0,0.0013714581727981567
42402.0,1.0,0.43061134219169617
42403.0,0.0,0.05812613666057587
42404.0,0.0,0.02814936637878418
42405.0,0.0,0.028332654386758804
42406.0,0.0,0.016435613855719566
42407.0,0.0,0.02440434880554676
42408.0,0.0,0.016435613855719566
42409.0,0.0,0.028221415355801582
42410.0,0.0,0.4122503101825714
42411.0,0.0,0.0036152524407953024
42412.0,0.0,0.02710825391113758
42413.0,0.0,0.024590618908405304
42414.0,0.0,0.0016762526938691735
42415.0,0.0,0.024906201288104057
42416.0,0.0,0.0012772607151418924
42417.0,0.0,0.025245940312743187
42418.0,0.0,0.0012266056146472692
42419.0,0.0,0.02632135897874832
42420.0,0.0,0.0015351338079199195
42421.0,0.0,0.02632135897874832
42422.0,0.0,0.07619859278202057
42423.0,0.0,0.05730250105261803
42424.0,0.0,0.024970166385173798
42425.0,0.0,0.013185258023440838
42426.0,0.0,0.025550583377480507
42427.0,0.0,0.04138460382819176
42428.0,0.0,0.01133112795650959
42429.0,0.0,0.02440434880554676
42430.0,0.0,0.039414212107658386
42431.0,0.0,0.03901994973421097
42432.0,0.0,0.025771109387278557
42433.0,0.0,0.02854803204536438
42434.0,0.0,0.023433061316609383
42435.0,0.0,0.023922305554151535
42436.0,0.0,0.02395937219262123
42437.0,0.0,0.024906201288104057
42438.0,0.0,0.016435613855719566
42439.0,0.0,0.027913730591535568
42440.0,0.0,0.02236247807741165
42441.0,0.0,0.01629883050918579
42442.0,0.0,0.02426704578101635
42443.0,0.0,0.015413998626172543
42444.0,0.0,0.023922305554151535
42445.0,0.0,0.06344211101531982
42446.0,0.0,0.001449301722459495
42447.0,0.0,0.025873281061649323
42448.0,0.0,0.03950551897287369
42449.0,0.0,0.024906201288104057
42450.0,0.0,0.028332654386758804
42451.0,1.0,0.05812613666057587
42452.0,0.0,0.017969094216823578
42453.0,0.0,0.01629883050918579
42454.0,0.0,0.018086470663547516
42455.0,0.0,0.024906201288104057
42456.0,1.0,0.017969094216823578
42457.0,0.0,0.024906201288104057
42458.0,0.0,0.024906201288104057
42459.0,0.0,0.027341853827238083
42460.0,0.0,0.025771109387278557
42461.0,0.0,0.014743927866220474
42462.0,0.0,0.017997104674577713
42463.0,0.0,0.03431449830532074
42464.0,0.0,0.0014018514193594456
42465.0,0.0,0.024590618908405304
42466.0,0.0,0.024231432005763054
42467.0,0.0,0.024906201288104057
42468.0,0.0,0.025771109387278557
42469.0,0.0,0.023887183517217636
42470.0,1.0,0.024909960106015205
42471.0,0.0,0.014743927866220474
42472.0,0.0,0.02632135897874832
42473.0,0.0,0.02663862146437168
42474.0,0.0,0.05937730893492699
42475.0,0.0,0.02314114384353161
42476.0,0.0,0.027234036475419998
42477.0,0.0,0.02854803204536438
42478.0,1.0,0.426791250705719
42479.0,0.0,0.029652222990989685
42480.0,0.0,0.02465379238128662
42481.0,0.0,0.0036574408877640963
42482.0,0.0,0.03753499314188957
42483.0,0.0,0.025810956954956055
42484.0,0.0,0.016435613855719566
42485.0,0.0,0.023922305554151535
42486.0,0.0,0.015856554731726646
42487.0,0.0,0.016777299344539642
42488.0,0.0,0.015223466791212559
42489.0,1.0,0.488776296377182
42490.0,0.0,0.0562143549323082
42491.0,0.0,0.02445853315293789
42492.0,1.0,0.05795514956116676
42493.0,0.0,0.027234036475419998
42494.0,0.0,0.015246058814227581
42495.0,0.0,0.027234036475419998
42496.0,0.0,0.04563373327255249
42497.0,0.0,0.016446709632873535
42498.0,0.0,0.01678997464478016
42499.0,0.0,0.03522440418601036
42500.0,0.0,0.026744144037365913
42501.0,1.0,0.6111487746238708
42502.0,0.0,0.02536497637629509
42503.0,0.0,0.023616880178451538
42504.0,0.0,0.01722889207303524
42505.0,1.0,0.4392189085483551
42506.0,0.0,0.02641528844833374
42507.0,0.0,0.016122156754136086
42508.0,0.0,0.011426706798374653
42509.0,0.0,0.02663862146437168
42510.0,0.0,0.0013714581727981567
42511.0,0.0,0.02641528844833374
42512.0,1.0,0.9930938482284546
42513.0,0.0,0.04475943744182587
42514.0,0.0,0.02544485405087471
42515.0,0.0,0.013825992122292519
42516.0,0.0,0.0015716943889856339
42517.0,0.0,0.016225576400756836
42518.0,0.0,0.04041016474366188
42519.0,0.0,0.06344211101531982
42520.0,0.0,0.024906201288104057
42521.0,0.0,0.013356479816138744
42522.0,0.0,0.01722889207303524
42523.0,0.0,0.026301685720682144
42524.0,0.0,0.06496512144804001
42525.0,0.0,0.015878908336162567
42526.0,0.0,0.02398207224905491
42527.0,0.0,0.01635638438165188
42528.0,0.0,0.01575755886733532
42529.0,0.0,0.016158010810613632
42530.0,0.0,0.0038794130086898804
42531.0,0.0,0.024906201288104057
42532.0,0.0,0.016435613855719566
42533.0,0.0,0.025545770302414894
42534.0,0.0,0.025771109387278557
42535.0,0.0,0.0012720894301310182
42536.0,0.0,0.024906201288104057
42537.0,0.0,0.025771109387278557
42538.0,1.0,0.9780598282814026
42539.0,0.0,0.014243694953620434
42540.0,0.0,0.022847406566143036
42541.0,0.0,0.017115140333771706
42542.0,0.0,0.04019296169281006
42543.0,0.0,0.017378058284521103
42544.0,0.0,0.02314114384353161
42545.0,0.0,0.011279945261776447
42546.0,0.0,0.025771109387278557
42547.0,0.0,0.024871468544006348
42548.0,0.0,0.024906201288104057
42549.0,0.0,0.024970166385173798
42550.0,0.0,0.025771109387278557
42551.0,0.0,0.05817730352282524
42552.0,0.0,0.023853830993175507
42553.0,0.0,0.01575755886733532
42554.0,0.0,0.06220649182796478
42555.0,0.0,0.04094049707055092
42556.0,0.0,0.026301685720682144
42557.0,0.0,0.024717602878808975
42558.0,0.0,0.06100006029009819
42559.0,0.0,0.011426706798374653
42560.0,0.0,0.04354483634233475
42561.0,0.0,0.32667824625968933
42562.0,0.0,0.04158467799425125
42563.0,1.0,0.4545174837112427
42564.0,0.0,0.02653190866112709
42565.0,0.0,0.057245396077632904
42566.0,0.0,0.0012283599935472012
42567.0,0.0,0.022685261443257332
42568.0,0.0,0.0031331481877714396
42569.0,0.0,0.027341853827238083
42570.0,0.0,0.10175956040620804
42571.0,0.0,0.02632135897874832
42572.0,0.0,0.4422444999217987
42573.0,0.0,0.03224973380565643
42574.0,0.0,0.0014513740316033363
42575.0,0.0,0.0373862199485302
42576.0,0.0,0.05554807558655739
42577.0,0.0,0.03954440355300903
42578.0,0.0,0.058941278606653214
42579.0,0.0,0.025247754529118538
42580.0,0.0,0.015803491696715355
42581.0,0.0,0.03012186661362648
42582.0,0.0,0.06474325805902481
42583.0,0.0,0.014743927866220474
42584.0,0.0,0.009745092131197453
42585.0,0.0,0.0013193896738812327
42586.0,0.0,0.02314114384353161
42587.0,0.0,0.014777462929487228
42588.0,0.0,0.025005033239722252
42589.0,0.0,0.05730250105261803
42590.0,0.0,0.061544325202703476
42591.0,0.0,0.0242068562656641
42592.0,0.0,0.029163094237446785
42593.0,0.0,0.02641528844833374
42594.0,0.0,0.05708349123597145
42595.0,0.0,0.024717602878808975
42596.0,0.0,0.016994355246424675
42597.0,0.0,0.024717602878808975
42598.0,0.0,0.025283005088567734
42599.0,0.0,0.028110241517424583
42600.0,0.0,0.02544485405087471
42601.0,0.0,0.016435613855719566
42602.0,0.0,0.01697045937180519
42603.0,0.0,0.02663862146437168
42604.0,0.0,0.06735178828239441
42605.0,0.0,0.0013714581727981567
42606.0,0.0,0.02314114384353161
42607.0,0.0,0.01722889207303524
42608.0,0.0,0.024906201288104057
42609.0,0.0,0.025245940312743187
42610.0,0.0,0.035886865109205246
42611.0,0.0,0.44383561611175537
42612.0,0.0,0.025771109387278557
42613.0,0.0,0.024906201288104057
42614.0,0.0,0.43026041984558105
42615.0,0.0,0.015444842167198658
42616.0,0.0,0.0012283599935472012
42617.0,0.0,0.025771109387278557
42618.0,0.0,0.0013608243316411972
42619.0,0.0,0.025651903823018074
42620.0,0.0,0.0015091396635398269
42621.0,0.0,0.04266770929098129
42622.0,0.0,0.031851623207330704
42623.0,1.0,0.040938615798950195
42624.0,0.0,0.016225576400756836
42625.0,0.0,0.026141773909330368
42626.0,0.0,0.07182678580284119
42627.0,0.0,0.05638376995921135
42628.0,0.0,0.036167774349451065
42629.0,0.0,0.0012720894301310182
42630.0,0.0,0.015413998626172543
42631.0,0.0,0.05459403246641159
42632.0,0.0,0.026744144037365913
42633.0,1.0,0.4392189085483551
42634.0,0.0,0.02236247807741165
42635.0,0.0,0.024906201288104057
42636.0,0.0,0.0013663552235811949
42637.0,0.0,0.0019410093082115054
42638.0,0.0,0.02314114384353161
42639.0,0.0,0.0015091396635398269
42640.0,0.0,0.02314114384353161
42641.0,0.0,0.023887183517217636
42642.0,0.0,0.022847406566143036
42643.0,0.0,0.016994355246424675
42644.0,0.0,0.02381543442606926
42645.0,0.0,0.01642952486872673
42646.0,0.0,0.024871468544006348
42647.0,0.0,0.0014260467141866684
42648.0,0.0,0.06469675898551941
42649.0,0.0,0.016921885311603546
42650.0,0.0,0.024017333984375
42651.0,0.0,0.02624538727104664
42652.0,0.0,0.023393183946609497
42653.0,0.0,0.0219366904348135
42654.0,0.0,0.027234036475419998
42655.0,0.0,0.025550583377480507
42656.0,0.0,0.02544485405087471
42657.0,0.0,0.024231432005763054
42658.0,0.0,0.027341853827238083
42659.0,0.0,0.01411010418087244
42660.0,0.0,0.42014530301094055
42661.0,0.0,0.024906201288104057
42662.0,0.0,0.024906201288104057
42663.0,0.0,0.02521074190735817
42664.0,0.0,0.017969094216823578
42665.0,1.0,0.025771109387278557
42666.0,0.0,0.015223466791212559
42667.0,0.0,0.025771109387278557
42668.0,0.0,0.02632135897874832
42669.0,0.0,0.0016644899733364582
42670.0,0.0,0.0014202744932845235
42671.0,0.0,0.016994355246424675
42672.0,0.0,0.025771109387278557
42673.0,0.0,0.43061134219169617
42674.0,0.0,0.03859657794237137
42675.0,0.0,0.05522727221250534
42676.0,0.0,0.029535578563809395
42677.0,0.0,0.05623804032802582
42678.0,0.0,0.43439170718193054
42679.0,1.0,0.019849760457873344
42680.0,0.0,0.015355028212070465
42681.0,0.0,0.019894592463970184
42682.0,0.0,0.027341853827238083
42683.0,0.0,0.04081787168979645
42684.0,0.0,0.016435613855719566
42685.0,0.0,0.0012266056146472692
42686.0,0.0,0.023636609315872192
42687.0,0.0,0.013356479816138744
42688.0,0.0,0.02641528844833374
42689.0,0.0,0.014743927866220474
42690.0,0.0,0.014891373924911022
42691.0,0.0,0.024906201288104057
42692.0,0.0,0.0013714581727981567
42693.0,0.0,0.025873281061649323
42694.0,0.0,0.4310002028942108
42695.0,0.0,0.02453019469976425
42696.0,0.0,0.05599725991487503
42697.0,0.0,0.015223466791212559
42698.0,0.0,0.017228078097105026
42699.0,0.0,0.053643546998500824
42700.0,0.0,0.055471550673246384
42701.0,0.0,0.01899777166545391
42702.0,1.0,0.9940728545188904
42703.0,0.0,0.03690774366259575
42704.0,0.0,0.016435613855719566
42705.0,0.0,0.46855831146240234
42706.0,0.0,0.023887183517217636
42707.0,0.0,0.01629883050918579
42708.0,1.0,0.06072279438376427
42709.0,0.0,0.024906201288104057
42710.0,0.0,0.041363924741744995
42711.0,0.0,0.026405904442071915
42712.0,0.0,0.027128420770168304
42713.0,0.0,0.057358935475349426
42714.0,0.0,0.024906201288104057
42715.0,0.0,0.014255979098379612
42716.0,0.0,0.024717602878808975
42717.0,0.0,0.4464757442474365
42718.0,0.0,0.02323314920067787
42719.0,0.0,0.014243694953620434
42720.0,0.0,0.02323314920067787
42721.0,0.0,0.0013608243316411972
42722.0,0.0,0.06375277787446976
42723.0,1.0,0.42605772614479065
42724.0,0.0,0.01608697883784771
42725.0,0.0,0.025346089154481888
42726.0,0.0,0.42805230617523193
42727.0,0.0,0.022331207990646362
42728.0,0.0,0.023887183517217636
42729.0,0.0,0.024556316435337067
42730.0,0.0,0.014446447603404522
42731.0,0.0,0.015878908336162567
42732.0,0.0,0.017336970195174217
42733.0,1.0,0.05708349123597145
42734.0,0.0,0.024017333984375
42735.0,0.0,0.025227047502994537
42736.0,0.0,0.025873281061649323
42737.0,0.0,0.02663862146437168
42738.0,0.0,0.042148660868406296
42739.0,0.0,0.027234036475419998
42740.0,0.0,0.011796005070209503
42741.0,0.0,0.027234036475419998
42742.0,0.0,0.06689666211605072
42743.0,0.0,0.015916068106889725
42744.0,0.0,0.017378058284521103
42745.0,0.0,0.025913292542099953
42746.0,1.0,0.43501991033554077
42747.0,0.0,0.01840336248278618
42748.0,0.0,0.009604624472558498
42749.0,0.0,0.02465379238128662
42750.0,0.0,0.019517777487635612
42751.0,0.0,0.014276108704507351
42752.0,0.0,0.02544485405087471
42753.0,1.0,0.34169960021972656
42754.0,0.0,0.024906201288104057
42755.0,0.0,0.025913292542099953
42756.0,0.0,0.02797490544617176
42757.0,0.0,0.02632135897874832
42758.0,0.0,0.05522727221250534
42759.0,0.0,0.02628469653427601
42760.0,0.0,0.025771109387278557
42761.0,0.0,0.0014401210937649012
42762.0,0.0,0.01629883050918579
42763.0,0.0,0.027341853827238083
42764.0,0.0,0.0013714581727981567
42765.0,0.0,0.43061134219169617
42766.0,0.0,0.016158010810613632
42767.0,0.0,0.025172991678118706
42768.0,0.0,0.022685261443257332
42769.0,0.0,0.0036478666588664055
42770.0,0.0,0.02207839861512184
42771.0,1.0,0.43402186036109924
42772.0,0.0,0.023922305554151535
42773.0,0.0,0.054085057228803635
42774.0,0.0,0.017378058284521103
42775.0,0.0,0.016811653971672058
42776.0,0.0,0.023636609315872192
42777.0,0.0,0.015413998626172543
42778.0,0.0,0.059325143694877625
42779.0,0.0,0.024906201288104057
42780.0,0.0,0.025771109387278557
42781.0,0.0,0.025771109387278557
42782.0,0.0,0.024717602878808975
42783.0,0.0,0.016225576400756836
42784.0,0.0,0.013166645541787148
42785.0,0.0,0.02445853315293789
42786.0,0.0,0.024906201288104057
42787.0,0.0,0.024906201288104057
42788.0,0.0,0.06344211101531982
42789.0,0.0,0.01464108843356371
42790.0,0.0,0.015856554731726646
42791.0,0.0,0.01562632992863655
42792.0,0.0,0.02314114384353161
42793.0,0.0,0.0014078195672482252
42794.0,0.0,0.02298109605908394
42795.0,0.0,0.016994355246424675
42796.0,0.0,0.02606891840696335
42797.0,0.0,0.027234036475419998
42798.0,0.0,0.03901994973421097
42799.0,0.0,0.011426706798374653
42800.0,0.0,0.0013694989029318094
42801.0,0.0,0.02314114384353161
42802.0,0.0,0.027234036475419998
42803.0,0.0,0.025771109387278557
42804.0,0.0,0.01704694889485836
42805.0,0.0,0.016097549349069595
42806.0,1.0,0.06021404266357422
42807.0,0.0,0.03749186545610428
42808.0,0.0,0.05628763884305954
42809.0,0.0,0.02314114384353161
42810.0,0.0,0.02766358107328415
42811.0,0.0,0.02507074922323227
42812.0,0.0,0.014243694953620434
42813.0,0.0,0.027879901230335236
42814.0,0.0,0.0013462231727316976
42815.0,0.0,0.027234036475419998
42816.0,0.0,0.023887183517217636
42817.0,0.0,0.023393183946609497
42818.0,0.0,0.0013714581727981567
42819.0,0.0,0.024555636569857597
42820.0,0.0,0.025227047502994537
42821.0,0.0,0.06113040819764137
42822.0,0.0,0.026706915348768234
42823.0,0.0,0.017277296632528305
42824.0,0.0,0.01899777166545391
42825.0,0.0,0.05623804032802582
42826.0,0.0,0.4445684850215912
42827.0,0.0,0.025771109387278557
42828.0,0.0,0.014743927866220474
42829.0,0.0,0.022331207990646362
42830.0,0.0,0.023922305554151535
42831.0,0.0,0.018032919615507126
42832.0,0.0,0.025771109387278557
42833.0,0.0,0.02236247807741165
42834.0,0.0,0.031205356121063232
42835.0,0.0,0.023853830993175507
42836.0,0.0,0.028332654386758804
42837.0,0.0,0.0012877800036221743
42838.0,0.0,0.022331207990646362
42839.0,0.0,0.023957328870892525
42840.0,0.0,0.04283391684293747
42841.0,0.0,0.05889163166284561
42842.0,0.0,0.02445853315293789
42843.0,0.0,0.022847406566143036
42844.0,0.0,0.029535578563809395
42845.0,0.0,0.024906201288104057
42846.0,0.0,0.024696536362171173
42847.0,0.0,0.025005033239722252
42848.0,0.0,0.026481470093131065
42849.0,0.0,0.023433061316609383
42850.0,0.0,0.017969094216823578
42851.0,0.0,0.05645400658249855
42852.0,0.0,0.0015030310023576021
42853.0,0.0,0.023474901914596558
42854.0,0.0,0.0014572733780369163
42855.0,0.0,0.0013140484225004911
42856.0,0.0,0.02658638171851635
42857.0,0.0,0.024906201288104057
42858.0,0.0,0.022847406566143036
42859.0,0.0,0.0016337033594027162
42860.0,0.0,0.016097549349069595
42861.0,0.0,0.05915085971355438
42862.0,0.0,0.0631110668182373
42863.0,1.0,0.023636609315872192
42864.0,1.0,0.4322679936885834
42865.0,0.0,0.024906201288104057
42866.0,0.0,0.025873281061649323
42867.0,0.0,0.03527308255434036
42868.0,1.0,0.0273841954767704
42869.0,0.0,0.02314114384353161
42870.0,0.0,0.027234036475419998
42871.0,0.0,0.014297300949692726
42872.0,0.0,0.025651903823018074
42873.0,0.0,0.026744144037365913
42874.0,0.0,0.0014401210937649012
42875.0,0.0,0.024906201288104057
42876.0,0.0,0.022331207990646362
42877.0,0.0,0.02555892802774906
42878.0,0.0,0.027234036475419998
42879.0,0.0,0.02663862146437168
42880.0,0.0,0.03740875422954559
42881.0,0.0,0.02061801590025425
42882.0,0.0,0.027913730591535568
42883.0,0.0,0.022331207990646362
42884.0,0.0,0.035130035132169724
42885.0,0.0,0.024717602878808975
42886.0,0.0,0.024074561893939972
42887.0,0.0,0.025771109387278557
42888.0,0.0,0.016109652817249298
42889.0,0.0,0.02803678810596466
42890.0,0.0,0.02544485405087471
42891.0,0.0,0.004114829003810883
42892.0,0.0,0.02475586347281933
42893.0,0.0,0.027913730591535568
42894.0,0.0,0.03634200617671013
42895.0,0.0,0.06301617622375488
42896.0,0.0,0.025873281061649323
42897.0,0.0,0.024906201288104057
42898.0,0.0,0.025310751050710678
42899.0,0.0,0.027234036475419998
42900.0,0.0,0.05607227236032486
42901.0,0.0,0.024590618908405304
42902.0,0.0,0.02236247807741165
42903.0,0.0,0.036226965487003326
42904.0,1.0,0.4032955467700958
42905.0,0.0,0.011426706798374653
42906.0,0.0,0.015413998626172543
42907.0,0.0,0.02703808806836605
42908.0,0.0,0.024590618908405304
42909.0,0.0,0.05983950197696686
42910.0,0.0,0.017855718731880188
42911.0,0.0,0.041395772248506546
42912.0,0.0,0.03935639187693596
42913.0,0.0,0.0013714581727981567
42914.0,0.0,0.02663862146437168
42915.0,0.0,0.025005033239722252
42916.0,1.0,0.43026041984558105
42917.0,0.0,0.025771109387278557
42918.0,0.0,0.016293639317154884
42919.0,0.0,0.02236247807741165
42920.0,0.0,0.0246882326900959
42921.0,0.0,0.023636609315872192
42922.0,0.0,0.0012985700741410255
42923.0,1.0,0.32667824625968933
42924.0,0.0,0.02381543442606926
42925.0,0.0,0.43026041984558105
42926.0,0.0,0.025771109387278557
42927.0,0.0,0.0012772607151418924
42928.0,0.0,0.0013714581727981567
42929.0,0.0,0.0014731851406395435
42930.0,0.0,0.030143672600388527
42931.0,0.0,0.014297300949692726
42932.0,0.0,0.01618671976029873
42933.0,0.0,0.06559844315052032
42934.0,0.0,0.02814936637878418
42935.0,0.0,0.02323314920067787
42936.0,0.0,0.025005033239722252
42937.0,0.0,0.025383293628692627
42938.0,0.0,0.01899777166545391
42939.0,0.0,0.027234036475419998
42940.0,0.0,0.02314114384353161
42941.0,0.0,0.06584784388542175
42942.0,0.0,0.01566341333091259
42943.0,0.0,0.039917442947626114
42944.0,0.0,0.023780781775712967
42945.0,0.0,0.01754879392683506
42946.0,0.0,0.017102519050240517
42947.0,0.0,0.016122156754136086
42948.0,0.0,0.025873281061649323
42949.0,0.0,0.017969094216823578
42950.0,0.0,0.0015415605157613754
42951.0,0.0,0.027234036475419998
42952.0,0.0,0.024871468544006348
42953.0,0.0,0.014891373924911022
42954.0,0.0,0.02632135897874832
42955.0,0.0,0.016571078449487686
42956.0,0.0,0.0012720894301310182
42957.0,0.0,0.024906201288104057
42958.0,1.0,0.8432868719100952
42959.0,0.0,0.02398207224905491
42960.0,0.0,0.0013140484225004911
42961.0,0.0,0.061310164630413055
42962.0,0.0,0.017739813774824142
42963.0,0.0,0.023922305554151535
42964.0,0.0,0.025172991678118706
42965.0,0.0,0.025550583377480507
42966.0,0.0,0.05599725991487503
42967.0,0.0,0.02236247807741165
42968.0,0.0,0.024970166385173798
42969.0,0.0,0.03513512387871742
42970.0,0.0,0.016435613855719566
42971.0,0.0,0.014093264937400818
42972.0,0.0,0.06402409821748734
42973.0,0.0,0.4546341001987457
42974.0,0.0,0.001482709776610136
42975.0,0.0,0.02663862146437168
42976.0,0.0,0.022847406566143036
42977.0,0.0,0.06512225419282913
42978.0,0.0,0.02544485405087471
42979.0,0.0,0.02314114384353161
42980.0,0.0,0.001488859299570322
42981.0,1.0,0.05393500626087189
42982.0,0.0,0.02663862146437168
42983.0,0.0,0.03476127237081528
42984.0,0.0,0.016435613855719566
42985.0,0.0,0.05812613666057587
42986.0,0.0,0.023853830993175507
42987.0,0.0,0.014700775034725666
42988.0,0.0,0.017378058284521103
42989.0,0.0,0.0013462231727316976
42990.0,0.0,0.4616709053516388
42991.0,0.0,0.02632135897874832
42992.0,0.0,0.05607227236032486
42993.0,0.0,0.003202454885467887
42994.0,0.0,0.02663862146437168
42995.0,0.0,0.06021404266357422
42996.0,0.0,0.05776204541325569
42997.0,0.0,0.014114202931523323
42998.0,0.0,0.02624538727104664
42999.0,0.0,0.01135983970016241
43000.0,0.0,0.013825992122292519
43001.0,0.0,0.011022149585187435
43002.0,0.0,0.025005033239722252
43003.0,0.0,0.009619723074138165
43004.0,0.0,0.025771109387278557
43005.0,0.0,0.02355126105248928
43006.0,1.0,0.9480361938476562
43007.0,0.0,0.0012720894301310182
43008.0,0.0,0.012085461057722569
43009.0,0.0,0.024906201288104057
43010.0,0.0,0.023887183517217636
43011.0,0.0,0.0182296484708786
43012.0,0.0,0.010575352236628532
43013.0,0.0,0.02440434880554676
43014.0,0.0,0.011426706798374653
43015.0,0.0,0.0219366904348135
43016.0,0.0,0.06329625844955444
43017.0,0.0,0.01722889207303524
43018.0,0.0,0.001394281629472971
43019.0,0.0,0.025245940312743187
43020.0,0.0,0.06139259412884712
43021.0,0.0,0.016529247164726257
43022.0,0.0,0.02207839861512184
43023.0,1.0,0.03755959868431091
43024.0,0.0,0.01575755886733532
43025.0,0.0,0.0246882326900959
43026.0,0.0,0.027234036475419998
43027.0,0.0,0.0033102568704634905
43028.0,0.0,0.027341853827238083
43029.0,0.0,0.027234036475419998
43030.0,0.0,0.0013608243316411972
43031.0,0.0,0.01574668474495411
43032.0,0.0,0.016994355246424675
43033.0,0.0,0.02632135897874832
43034.0,0.0,0.025005033239722252
43035.0,0.0,0.01722889207303524
43036.0,0.0,0.02418375387787819
43037.0,0.0,0.012636831030249596
43038.0,0.0,0.026425663381814957
43039.0,0.0,0.015590906143188477
43040.0,0.0,0.03859657794237137
43041.0,0.0,0.016766361892223358
43042.0,0.0,0.24193497002124786
43043.0,0.0,0.00159203982912004
43044.0,0.0,0.05530938133597374
43045.0,0.0,0.02314114384353161
43046.0,0.0,0.023922305554151535
43047.0,0.0,0.02314114384353161
43048.0,0.0,0.039073653519153595
43049.0,0.0,0.025771109387278557
43050.0,0.0,0.016121400520205498
43051.0,0.0,0.05159967020153999
43052.0,0.0,0.014276108704507351
43053.0,0.0,0.024590618908405304
43054.0,0.0,0.4392189085483551
43055.0,0.0,0.027234036475419998
43056.0,1.0,0.05907125025987625
43057.0,0.0,0.04614293575286865
43058.0,1.0,0.024590618908405304
43059.0,1.0,0.8353279232978821
43060.0,0.0,0.02314114384353161
43061.0,0.0,0.0034331486094743013
43062.0,0.0,0.02207839861512184
43063.0,0.0,0.0013906233943998814
43064.0,0.0,0.024906201288104057
43065.0,0.0,0.022822577506303787
43066.0,0.0,0.023887183517217636
43067.0,0.0,0.02641528844833374
43068.0,0.0,0.013356479816138744
43069.0,0.0,0.024717602878808975
43070.0,0.0,0.016435613855719566
43071.0,0.0,0.02544485405087471
43072.0,0.0,0.0013714581727981567
43073.0,0.0,0.02236247807741165
43074.0,0.0,0.0016061033820733428
43075.0,0.0,0.01899777166545391
43076.0,0.0,0.025771109387278557
43077.0,0.0,0.05264653265476227
43078.0,0.0,0.024906201288104057
43079.0,1.0,0.026301685720682144
43080.0,0.0,0.0014401210937649012
43081.0,0.0,0.02641528844833374
43082.0,0.0,0.017969094216823578
43083.0,0.0,0.02632135897874832
43084.0,0.0,0.026706915348768234
43085.0,0.0,0.02502305433154106
43086.0,0.0,0.01574668474495411
43087.0,1.0,0.9795085191726685
43088.0,1.0,0.40732526779174805
43089.0,0.0,0.0287359319627285
43090.0,0.0,0.015916068106889725
43091.0,0.0,0.026301685720682144
43092.0,0.0,0.02398207224905491
43093.0,0.0,0.024717602878808975
43094.0,0.0,0.024906201288104057
43095.0,0.0,0.024906201288104057
43096.0,0.0,0.022847406566143036
43097.0,0.0,0.024906201288104057
43098.0,0.0,0.02544485405087471
43099.0,0.0,0.022331207990646362
43100.0,0.0,0.03794029727578163
43101.0,0.0,0.06021404266357422
43102.0,1.0,0.40732526779174805
43103.0,0.0,0.015878908336162567
43104.0,0.0,0.02663862146437168
43105.0,0.0,0.01608537882566452
43106.0,0.0,0.027234036475419998
43107.0,1.0,0.4942064881324768
43108.0,0.0,0.01574668474495411
43109.0,0.0,0.024871468544006348
43110.0,0.0,0.36442863941192627
43111.0,0.0,0.001298092189244926
43112.0,0.0,0.003859918797388673
43113.0,0.0,0.0013694989029318094
43114.0,0.0,0.024590618908405304
43115.0,0.0,0.023409880697727203
43116.0,0.0,0.015280703082680702
43117.0,0.0,0.02663862146437168
43118.0,0.0,0.026405904442071915
43119.0,0.0,0.001298092189244926
43120.0,0.0,0.015638090670108795
43121.0,0.0,0.06368388235569
43122.0,0.0,0.024717602878808975
43123.0,0.0,0.017342584207654
43124.0,0.0,0.02624538727104664
43125.0,0.0,0.02663862146437168
43126.0,0.0,0.023887183517217636
43127.0,0.0,0.015223466791212559
43128.0,0.0,0.058941278606653214
43129.0,0.0,0.0692535936832428
43130.0,0.0,0.037583593279123306
43131.0,0.0,0.010245205834507942
43132.0,1.0,0.9774124622344971
43133.0,0.0,0.024717602878808975
43134.0,0.0,0.06084814295172691
43135.0,0.0,0.02236247807741165
43136.0,0.0,0.024906201288104057
43137.0,0.0,0.036800939589738846
43138.0,0.0,0.027341853827238083
43139.0,0.0,0.06240420788526535
43140.0,1.0,0.06512225419282913
43141.0,0.0,0.47445109486579895
43142.0,0.0,0.025073513388633728
43143.0,0.0,0.025771109387278557
43144.0,0.0,0.025229530408978462
43145.0,0.0,0.0016337033594027162
43146.0,0.0,0.04371431842446327
43147.0,0.0,0.017969094216823578
43148.0,0.0,0.0014693202683702111
43149.0,0.0,0.02663862146437168
43150.0,0.0,0.0014202744932845235
43151.0,0.0,0.4486140012741089
43152.0,0.0,0.026122327893972397
43153.0,0.0,0.024717602878808975
43154.0,0.0,0.025771109387278557
43155.0,0.0,0.024906201288104057
43156.0,0.0,0.023636609315872192
43157.0,0.0,0.0014202744932845235
43158.0,0.0,0.0013770321384072304
43159.0,0.0,0.024501239880919456
43160.0,0.0,0.026481470093131065
43161.0,0.0,0.018040908500552177
43162.0,0.0,0.027234036475419998
43163.0,0.0,0.05638376995921135
43164.0,0.0,0.0597548745572567
43165.0,0.0,0.014870388433337212
43166.0,0.0,0.02314114384353161
43167.0,0.0,0.0015030310023576021
43168.0,0.0,0.028444690629839897
43169.0,0.0,0.02361888997256756
43170.0,0.0,0.013825992122292519
43171.0,1.0,0.4392189085483551
43172.0,0.0,0.022938264533877373
43173.0,0.0,0.017739813774824142
43174.0,0.0,0.06574150919914246
43175.0,0.0,0.0014078195672482252
43176.0,0.0,0.01704694889485836
43177.0,0.0,0.037497278302907944
43178.0,0.0,0.017749255523085594
43179.0,0.0,0.027234036475419998
43180.0,1.0,0.024871468544006348
43181.0,0.0,0.024906201288104057
43182.0,0.0,0.016853002831339836
43183.0,0.0,0.017969094216823578
43184.0,0.0,0.024871468544006348
43185.0,0.0,0.015856554731726646
43186.0,0.0,0.024871468544006348
43187.0,1.0,0.024717602878808975
43188.0,0.0,0.06344211101531982
43189.0,0.0,0.027234036475419998
43190.0,0.0,0.02314114384353161
43191.0,0.0,0.05400810018181801
43192.0,0.0,0.036167774349451065
43193.0,0.0,0.025771109387278557
43194.0,0.0,0.017969094216823578
43195.0,1.0,0.43061134219169617
43196.0,0.0,0.018040908500552177
43197.0,0.0,0.03646305575966835
43198.0,0.0,0.02361888997256756
43199.0,0.0,0.045394692569971085
43200.0,0.0,0.058183833956718445
43201.0,1.0,0.010713044553995132
43202.0,0.0,0.04056795686483383
43203.0,0.0,0.024906201288104057
43204.0,0.0,0.001396275358274579
43205.0,0.0,0.0014018514193594456
43206.0,0.0,0.023887183517217636
43207.0,0.0,0.01886281929910183
43208.0,0.0,0.0014202744932845235
43209.0,0.0,0.02355126105248928
43210.0,0.0,0.4360010325908661
43211.0,0.0,0.011426706798374653
43212.0,0.0,0.026141773909330368
43213.0,0.0,0.025771109387278557
43214.0,0.0,0.026301685720682144
43215.0,0.0,0.026122327893972397
43216.0,0.0,0.02179497294127941
43217.0,0.0,0.028508367016911507
43218.0,0.0,0.019562629982829094
43219.0,0.0,0.027234036475419998
43220.0,0.0,0.024717602878808975
43221.0,0.0,0.04357469454407692
43222.0,0.0,0.027341853827238083
43223.0,1.0,0.43061134219169617
43224.0,0.0,0.011426706798374653
43225.0,0.0,0.0016876945737749338
43226.0,0.0,0.024717602878808975
43227.0,0.0,0.02398207224905491
43228.0,0.0,0.01757531799376011
43229.0,0.0,0.01757531799376011
43230.0,1.0,0.42969629168510437
43231.0,0.0,0.056600261479616165
43232.0,0.0,0.025771109387278557
43233.0,0.0,0.023474901914596558
43234.0,1.0,0.996327817440033
43235.0,0.0,0.02314114384353161
43236.0,0.0,0.0015396418748423457
43237.0,0.0,0.4476095139980316
43238.0,0.0,0.05817730352282524
43239.0,0.0,0.05990281701087952
43240.0,0.0,0.04006950929760933
43241.0,0.0,0.018215972930192947
43242.0,0.0,0.025771109387278557
43243.0,0.0,0.016529247164726257
43244.0,0.0,0.055439580231904984
43245.0,0.0,0.027234036475419998
43246.0,0.0,0.026425663381814957
43247.0,0.0,0.024327654391527176
43248.0,0.0,0.02663862146437168
43249.0,0.0,0.4426445960998535
43250.0,0.0,0.010575352236628532
43251.0,0.0,0.0038794130086898804
43252.0,0.0,0.02314114384353161
43253.0,0.0,0.027234036475419998
43254.0,0.0,0.016435613855719566
43255.0,0.0,0.42014530301094055
43256.0,0.0,0.016122156754136086
43257.0,0.0,0.011593515053391457
43258.0,1.0,0.02544485405087471
43259.0,0.0,0.025771109387278557
43260.0,0.0,0.02624538727104664
43261.0,0.0,0.017336970195174217
43262.0,0.0,0.023677917197346687
43263.0,0.0,0.02348615787923336
43264.0,0.0,0.015096615068614483
43265.0,1.0,0.43026041984558105
43266.0,0.0,0.026122327893972397
43267.0,0.0,0.024717602878808975
43268.0,0.0,0.024501239880919456
43269.0,0.0,0.0246882326900959
43270.0,0.0,0.010245205834507942
43271.0,0.0,0.05421041324734688
43272.0,0.0,0.0014572733780369163
43273.0,0.0,0.017969094216823578
43274.0,0.0,0.013825992122292519
43275.0,0.0,0.025873281061649323
43276.0,0.0,0.01899777166545391
43277.0,0.0,0.027341853827238083
43278.0,0.0,0.01165784988552332
43279.0,0.0,0.026141773909330368
43280.0,0.0,0.05902445688843727
43281.0,0.0,0.024717602878808975
43282.0,0.0,0.03574252501130104
43283.0,0.0,0.02632135897874832
43284.0,0.0,0.02632135897874832
43285.0,0.0,0.02445853315293789
43286.0,0.0,0.04371431842446327
43287.0,0.0,0.017378058284521103
43288.0,1.0,0.4616709053516388
43289.0,0.0,0.039073653519153595
43290.0,0.0,0.014223608188331127
43291.0,0.0,0.024556316435337067
43292.0,0.0,0.010713044553995132
43293.0,0.0,0.024556316435337067
43294.0,0.0,0.017969094216823578
43295.0,0.0,0.017969094216823578
43296.0,0.0,0.023298293352127075
43297.0,0.0,0.02505970373749733
43298.0,0.0,0.023887183517217636
43299.0,0.0,0.0014075487852096558
43300.0,0.0,0.0014202744932845235
43301.0,0.0,0.02398207224905491
43302.0,0.0,0.016293639317154884
43303.0,0.0,0.025771109387278557
43304.0,0.0,0.43501991033554077
43305.0,0.0,0.05907125025987625
43306.0,0.0,0.0033562947064638138
43307.0,0.0,0.025545770302414894
43308.0,0.0,0.0015549295349046588
43309.0,0.0,0.019268490374088287
43310.0,0.0,0.030036920681595802
43311.0,0.0,0.015590906143188477
43312.0,0.0,0.027234036475419998
43313.0,0.0,0.01565380021929741
43314.0,0.0,0.026141773909330368
43315.0,0.0,0.02814936637878418
43316.0,1.0,0.06175331398844719
43317.0,0.0,0.027001334354281425
43318.0,0.0,0.022847406566143036
43319.0,0.0,0.025771109387278557
43320.0,0.0,0.026122327893972397
43321.0,0.0,0.017336970195174217
43322.0,0.0,0.024555636569857597
43323.0,0.0,0.014743927866220474
43324.0,0.0,0.015413998626172543
43325.0,0.0,0.015413998626172543
43326.0,0.0,0.025771109387278557
43327.0,0.0,0.012447402812540531
43328.0,0.0,0.02465379238128662
43329.0,0.0,0.017378058284521103
43330.0,0.0,0.0031921309418976307
43331.0,0.0,0.015413998626172543
43332.0,0.0,0.038145195692777634
43333.0,0.0,0.01575755886733532
43334.0,0.0,0.017969094216823578
43335.0,0.0,0.01608537882566452
43336.0,0.0,0.024556316435337067
43337.0,0.0,0.00432791281491518
43338.0,0.0,0.001449301722459495
43339.0,0.0,0.02314114384353161
43340.0,0.0,0.05708349123597145
43341.0,0.0,0.024717602878808975
43342.0,0.0,0.02364484779536724
43343.0,0.0,0.019010698422789574
43344.0,0.0,0.014743927866220474
43345.0,0.0,0.0012999485479667783
43346.0,0.0,0.4338580071926117
43347.0,0.0,0.024717602878808975
43348.0,1.0,0.6040259003639221
43349.0,0.0,0.06175331398844719
43350.0,0.0,0.02440434880554676
43351.0,0.0,0.02719457447528839
43352.0,0.0,0.0014693202683702111
43353.0,0.0,0.0029790604021400213
43354.0,0.0,0.01045270822942257
43355.0,0.0,0.024717602878808975
43356.0,0.0,0.010952994227409363
43357.0,0.0,0.030282769352197647
43358.0,0.0,0.015202022157609463
43359.0,0.0,0.016994355246424675
43360.0,0.0,0.023474901914596558
43361.0,0.0,0.0511234775185585
43362.0,0.0,0.02544485405087471
43363.0,0.0,0.024906201288104057
43364.0,0.0,0.025283005088567734
43365.0,0.0,0.03339214250445366
43366.0,0.0,0.026122327893972397
43367.0,0.0,0.025771109387278557
43368.0,0.0,0.025771109387278557
43369.0,0.0,0.026301685720682144
43370.0,0.0,0.02360360138118267
43371.0,0.0,0.017008891329169273
43372.0,0.0,0.02314114384353161
43373.0,0.0,0.0031331481877714396
43374.0,0.0,0.0219366904348135
43375.0,0.0,0.024906201288104057
43376.0,0.0,0.0014260467141866684
43377.0,0.0,0.015280703082680702
43378.0,0.0,0.025005033239722252
43379.0,0.0,0.014891373924911022
43380.0,0.0,0.03710935637354851
43381.0,0.0,0.02628469653427601
43382.0,0.0,0.015878908336162567
43383.0,0.0,0.02632135897874832
43384.0,0.0,0.06465663015842438
43385.0,0.0,0.01704694889485836
43386.0,0.0,0.0182296484708786
43387.0,0.0,0.4532330334186554
43388.0,0.0,0.025005033239722252
43389.0,0.0,0.028332654386758804
43390.0,0.0,0.015202022157609463
43391.0,0.0,0.05826232582330704
43392.0,0.0,0.025771109387278557
43393.0,0.0,0.016994355246424675
43394.0,0.0,0.02632135897874832
43395.0,0.0,0.0014202744932845235
43396.0,0.0,0.0014129901537671685
43397.0,0.0,0.02663862146437168
43398.0,0.0,0.0008083566790446639
43399.0,0.0,0.028508367016911507
43400.0,0.0,0.02336050570011139
43401.0,0.0,0.012085461057722569
43402.0,0.0,0.00330717652104795
43403.0,0.0,0.02298109605908394
43404.0,0.0,0.0034053996205329895
43405.0,0.0,0.02663862146437168
43406.0,0.0,0.029535578563809395
43407.0,0.0,0.025771109387278557
43408.0,0.0,0.024906201288104057
43409.0,1.0,0.024906201288104057
43410.0,0.0,0.0013694989029318094
43411.0,0.0,0.010880522429943085
43412.0,0.0,0.025771109387278557
43413.0,0.0,0.058183833956718445
43414.0,0.0,0.02628469653427601
43415.0,0.0,0.02453019469976425
43416.0,0.0,0.025771109387278557
43417.0,0.0,0.024717602878808975
43418.0,0.0,0.022653555497527122
43419.0,0.0,0.058156099170446396
43420.0,0.0,0.025005033239722252
43421.0,0.0,0.020983798429369926
43422.0,0.0,0.0035067377611994743
43423.0,0.0,0.02854803204536438
43424.0,0.0,0.0013193896738812327
43425.0,0.0,0.026301685720682144
43426.0,0.0,0.024871468544006348
43427.0,0.0,0.024590618908405304
43428.0,0.0,0.0014260467141866684
43429.0,0.0,0.022613143548369408
43430.0,0.0,0.002401642734184861
43431.0,0.0,0.02628469653427601
43432.0,0.0,0.024717602878808975
43433.0,0.0,0.017969094216823578
43434.0,0.0,0.06198906525969505
43435.0,0.0,0.06050252914428711
43436.0,0.0,0.01411010418087244
43437.0,0.0,0.018040908500552177
43438.0,0.0,0.022775495424866676
43439.0,0.0,0.05264653265476227
43440.0,0.0,0.014958435669541359
43441.0,0.0,0.02624538727104664
43442.0,0.0,0.028660891577601433
43443.0,0.0,0.025771109387278557
43444.0,0.0,0.025771109387278557
43445.0,1.0,0.4122503101825714
43446.0,0.0,0.02526475116610527
43447.0,0.0,0.0182296484708786
43448.0,0.0,0.023887183517217636
43449.0,0.0,0.02314114384353161
43450.0,0.0,0.03901994973421097
43451.0,0.0,0.014297300949692726
43452.0,0.0,0.025550583377480507
43453.0,0.0,0.04016203433275223
43454.0,0.0,0.0031689931638538837
43455.0,0.0,0.0033562947064638138
43456.0,0.0,0.016674311831593513
43457.0,0.0,0.02544485405087471
43458.0,0.0,0.0012283599935472012
43459.0,0.0,0.024906201288104057
43460.0,0.0,0.03012186661362648
43461.0,0.0,0.0015716943889856339
43462.0,0.0,0.018225423991680145
43463.0,0.0,0.02481570467352867
43464.0,0.0,0.027913730591535568
43465.0,0.0,0.0015549295349046588
43466.0,1.0,0.02703808806836605
43467.0,0.0,0.0014902749098837376
43468.0,0.0,0.0013140484225004911
43469.0,0.0,0.015223466791212559
43470.0,0.0,0.028110241517424583
43471.0,0.0,0.024717602878808975
43472.0,0.0,0.025771109387278557
43473.0,0.0,0.023887183517217636
43474.0,0.0,0.025771109387278557
43475.0,0.0,0.024017333984375
43476.0,0.0,0.017969094216823578
43477.0,0.0,0.05826232582330704
43478.0,0.0,0.01722889207303524
43479.0,0.0,0.03600543364882469
43480.0,0.0,0.016109652817249298
43481.0,0.0,0.014555196277797222
43482.0,0.0,0.029009977355599403
43483.0,0.0,0.0014401210937649012
43484.0,0.0,0.025771109387278557
43485.0,0.0,0.02323314920067787
43486.0,0.0,0.01562632992863655
43487.0,0.0,0.025550583377480507
43488.0,0.0,0.015224582515656948
43489.0,0.0,0.03889988735318184
43490.0,0.0,0.04283391684293747
43491.0,0.0,0.02826070226728916
43492.0,0.0,0.025005033239722252
43493.0,0.0,0.04041016474366188
43494.0,0.0,0.025771109387278557
43495.0,0.0,0.00147164985537529
43496.0,0.0,0.02398207224905491
43497.0,0.0,0.04019111022353172
43498.0,0.0,0.01230571698397398
43499.0,0.0,0.022420059889554977
43500.0,0.0,0.02814936637878418
43501.0,0.0,0.014777462929487228
43502.0,0.0,0.02814936637878418
43503.0,0.0,0.035744842141866684
43504.0,0.0,0.027341853827238083
43505.0,0.0,0.024906201288104057
43506.0,0.0,0.0016337033594027162
43507.0,0.0,0.0015030310023576021
43508.0,0.0,0.025771109387278557
43509.0,1.0,0.43061134219169617
43510.0,0.0,0.024717602878808975
43511.0,1.0,0.4616555869579315
43512.0,0.0,0.02236247807741165
43513.0,0.0,0.023721186444163322
43514.0,0.0,0.023721186444163322
43515.0,0.0,0.02398207224905491
43516.0,0.0,0.022451452910900116
43517.0,0.0,0.02663862146437168
43518.0,0.0,0.025771109387278557
43519.0,0.0,0.024906201288104057
43520.0,0.0,0.06302130222320557
43521.0,0.0,0.009263969026505947
43522.0,0.0,0.02632135897874832
43523.0,0.0,0.02632135897874832
43524.0,0.0,0.05538422241806984
43525.0,1.0,0.025771109387278557
43526.0,0.0,0.041035208851099014
43527.0,0.0,0.019337741658091545
43528.0,0.0,0.02663862146437168
43529.0,0.0,0.024906201288104057
43530.0,1.0,0.4342096447944641
43531.0,0.0,0.025005033239722252
43532.0,0.0,0.016435613855719566
43533.0,0.0,0.0016694687074050307
43534.0,0.0,0.025229530408978462
43535.0,0.0,0.0013140484225004911
43536.0,0.0,0.02481570467352867
43537.0,0.0,0.0166352316737175
43538.0,0.0,0.0013080606004223228
43539.0,0.0,0.4169096350669861
43540.0,0.0,0.035130035132169724
43541.0,0.0,0.060643456876277924
43542.0,0.0,0.024906201288104057
43543.0,1.0,0.4476095139980316
43544.0,0.0,0.023922305554151535
43545.0,0.0,0.027818085625767708
43546.0,0.0,0.024906201288104057
43547.0,0.0,0.023721186444163322
43548.0,0.0,0.024717602878808975
43549.0,0.0,0.024717602878808975
43550.0,1.0,0.058760810643434525
43551.0,0.0,0.02814936637878418
43552.0,0.0,0.04006950929760933
43553.0,0.0,0.022420059889554977
43554.0,0.0,0.027234036475419998
43555.0,0.0,0.017969094216823578
43556.0,0.0,0.06839460879564285
43557.0,0.0,0.025873281061649323
43558.0,0.0,0.015375401824712753
43559.0,0.0,0.01575755886733532
43560.0,0.0,0.024906201288104057
43561.0,0.0,0.05522727221250534
43562.0,0.0,0.0015030310023576021
43563.0,0.0,0.01521681435406208
43564.0,0.0,0.00146260648034513
43565.0,0.0,0.015675872564315796
43566.0,1.0,0.4621187150478363
43567.0,0.0,0.0014202744932845235
43568.0,0.0,0.06715065240859985
43569.0,0.0,0.018086470663547516
43570.0,0.0,0.029535578563809395
43571.0,0.0,0.02663862146437168
43572.0,0.0,0.05929740518331528
43573.0,0.0,0.011426706798374653
43574.0,0.0,0.0015030310023576021
43575.0,0.0,0.024906201288104057
43576.0,0.0,0.02440434880554676
43577.0,1.0,0.7947115302085876
43578.0,1.0,0.468829482793808
43579.0,0.0,0.0690503939986229
43580.0,0.0,0.02663862146437168
43581.0,0.0,0.024871468544006348
43582.0,0.0,0.02814936637878418
43583.0,0.0,0.02445853315293789
43584.0,0.0,0.024717602878808975
43585.0,0.0,0.015616292133927345
43586.0,0.0,0.025771109387278557
43587.0,0.0,0.0015030310023576021
43588.0,0.0,0.0014401210937649012
43589.0,0.0,0.025005033239722252
43590.0,0.0,0.04243891313672066
43591.0,0.0,0.03516509383916855
43592.0,0.0,0.05604023113846779
43593.0,0.0,0.012085461057722569
43594.0,0.0,0.060643456876277924
43595.0,0.0,0.0015373285859823227
43596.0,0.0,0.016225576400756836
43597.0,0.0,0.010985071770846844
43598.0,0.0,0.05522727221250534
43599.0,0.0,0.0014202744932845235
43600.0,0.0,0.015616292133927345
43601.0,0.0,0.02526475116610527
43602.0,0.0,0.023636609315872192
43603.0,0.0,0.03511656075716019
43604.0,0.0,0.023474901914596558
43605.0,1.0,0.5043087005615234
43606.0,0.0,0.024906201288104057
43607.0,0.0,0.026425663381814957
43608.0,0.0,0.014891373924911022
43609.0,0.0,0.42840272188186646
43610.0,0.0,0.05576154962182045
43611.0,0.0,0.024906201288104057
43612.0,0.0,0.0031891600228846073
43613.0,0.0,0.02323314920067787
43614.0,0.0,0.02481570467352867
43615.0,1.0,0.023887183517217636
43616.0,0.0,0.025771109387278557
43617.0,0.0,0.024906201288104057
43618.0,0.0,0.025771109387278557
43619.0,0.0,0.003459122497588396
43620.0,0.0,0.015413998626172543
43621.0,0.0,0.025771109387278557
43622.0,0.0,0.025771109387278557
43623.0,0.0,0.017739813774824142
43624.0,0.0,0.0012877800036221743
43625.0,0.0,0.024717602878808975
43626.0,0.0,0.025771109387278557
43627.0,0.0,0.02314114384353161
43628.0,0.0,0.025913292542099953
43629.0,0.0,0.02663862146437168
43630.0,0.0,0.016661789268255234
43631.0,0.0,0.015878908336162567
43632.0,0.0,0.025771109387278557
43633.0,0.0,0.03889988735318184
43634.0,1.0,0.4122503101825714
43635.0,0.0,0.014891373924911022
43636.0,0.0,0.016994355246424675
43637.0,0.0,0.025771109387278557
43638.0,0.0,0.02314114384353161
43639.0,0.0,0.024871468544006348
43640.0,0.0,0.027234036475419998
43641.0,0.0,0.018288765102624893
43642.0,0.0,0.05848557502031326
43643.0,0.0,0.013356479816138744
43644.0,0.0,0.0012266056146472692
43645.0,0.0,0.032201074063777924
43646.0,0.0,0.026141773909330368
43647.0,0.0,0.0008554881205782294
43648.0,0.0,0.0013517334591597319
43649.0,0.0,0.016435613855719566
43650.0,1.0,0.4100680947303772
43651.0,0.0,0.028660891577601433
43652.0,0.0,0.0263888631016016
43653.0,0.0,0.0014202744932845235
43654.0,0.0,0.016435613855719566
43655.0,0.0,0.040349941700696945
43656.0,0.0,0.0014260467141866684
43657.0,0.0,0.016122156754136086
43658.0,0.0,0.025771109387278557
43659.0,0.0,0.02880288101732731
43660.0,0.0,0.06610185652971268
43661.0,0.0,0.03655308112502098
43662.0,0.0,0.02445853315293789
43663.0,1.0,0.43061134219169617
43664.0,0.0,0.023922305554151535
43665.0,0.0,0.013337628915905952
43666.0,0.0,0.01722889207303524
43667.0,0.0,0.018215972930192947
43668.0,0.0,0.025245940312743187
43669.0,0.0,0.06344211101531982
43670.0,0.0,0.06113040819764137
43671.0,0.0,0.025771109387278557
43672.0,0.0,0.003142543137073517
43673.0,0.0,0.05533432960510254
43674.0,0.0,0.02641528844833374
43675.0,0.0,0.025771109387278557
43676.0,0.0,0.024871468544006348
43677.0,0.0,0.0182296484708786
43678.0,0.0,0.02445853315293789
43679.0,0.0,0.027021421119570732
43680.0,0.0,0.02663862146437168
43681.0,0.0,0.027234036475419998
43682.0,1.0,0.3513956665992737
43683.0,1.0,0.4037907123565674
43684.0,0.0,0.02314114384353161
43685.0,0.0,0.027234036475419998
43686.0,0.0,0.04475943744182587
43687.0,0.0,0.0014260467141866684
43688.0,0.0,0.0013714581727981567
43689.0,0.0,0.024717602878808975
43690.0,0.0,0.015413998626172543
43691.0,0.0,0.025873281061649323
43692.0,0.0,0.02826070226728916
43693.0,0.0,0.016122156754136086
43694.0,0.0,0.0263888631016016
43695.0,0.0,0.02361888997256756
43696.0,0.0,0.017625512555241585
43697.0,0.0,0.01899777166545391
43698.0,0.0,0.0012720894301310182
43699.0,0.0,0.025550583377480507
43700.0,0.0,0.025771109387278557
43701.0,0.0,0.02632135897874832
43702.0,0.0,0.016435613855719566
43703.0,0.0,0.05937730893492699
43704.0,0.0,0.023420259356498718
43705.0,0.0,0.42579787969589233
43706.0,0.0,0.025873281061649323
43707.0,0.0,0.025771109387278557
43708.0,0.0,0.025771109387278557
43709.0,0.0,0.035611413419246674
43710.0,0.0,0.025771109387278557
43711.0,0.0,0.02481570467352867
43712.0,0.0,0.03458906710147858
43713.0,0.0,0.015734784305095673
43714.0,0.0,0.026301685720682144
43715.0,0.0,0.05990281701087952
43716.0,0.0,0.025005033239722252
43717.0,0.0,0.04870469123125076
43718.0,0.0,0.0013213740894570947
43719.0,0.0,0.02207839861512184
43720.0,0.0,0.023887183517217636
43721.0,0.0,0.037497278302907944
43722.0,0.0,0.03985670953989029
43723.0,0.0,0.04536139592528343
43724.0,0.0,0.01886281929910183
43725.0,0.0,0.024906201288104057
43726.0,0.0,0.014777462929487228
43727.0,0.0,0.027234036475419998
43728.0,0.0,0.040753159672021866
43729.0,0.0,0.015413998626172543
43730.0,0.0,0.02663862146437168
43731.0,0.0,0.026122327893972397
43732.0,0.0,0.025245940312743187
43733.0,0.0,0.024556316435337067
43734.0,0.0,0.02360360138118267
43735.0,1.0,0.02104819379746914
43736.0,0.0,0.0013160249218344688
43737.0,0.0,0.028508367016911507
43738.0,0.0,0.06175331398844719
43739.0,0.0,0.05893402174115181
43740.0,0.0,0.010583467781543732
43741.0,0.0,0.016122156754136086
43742.0,0.0,0.023922305554151535
43743.0,0.0,0.025771109387278557
43744.0,0.0,0.014777462929487228
43745.0,1.0,0.02314114384353161
43746.0,0.0,0.025771109387278557
43747.0,0.0,0.0013160249218344688
43748.0,0.0,0.023853830993175507
43749.0,0.0,0.024906201288104057
43750.0,0.0,0.03026505373418331
43751.0,0.0,0.024906201288104057
43752.0,0.0,0.0013714581727981567
43753.0,0.0,0.02826070226728916
43754.0,0.0,0.02628469653427601
43755.0,0.0,0.02814936637878418
43756.0,0.0,0.0013334295945242047
43757.0,0.0,0.024717602878808975
43758.0,0.0,0.026425663381814957
43759.0,0.0,0.024906201288104057
43760.0,0.0,0.05998837947845459
43761.0,0.0,0.013185258023440838
43762.0,0.0,0.4287012219429016
43763.0,0.0,0.025651903823018074
43764.0,0.0,0.013825992122292519
43765.0,0.0,0.02481570467352867
43766.0,0.0,0.01722889207303524
43767.0,0.0,0.014891373924911022
43768.0,0.0,0.05522727221250534
43769.0,0.0,0.06574150919914246
43770.0,0.0,0.024717602878808975
43771.0,0.0,0.0014374268939718604
43772.0,0.0,0.02632135897874832
43773.0,0.0,0.02544485405087471
43774.0,0.0,0.02445853315293789
43775.0,0.0,0.4943975806236267
43776.0,0.0,0.024717602878808975
43777.0,0.0,0.05645400658249855
43778.0,0.0,0.016994355246424675
43779.0,0.0,0.41840609908103943
43780.0,0.0,0.02236247807741165
43781.0,0.0,0.025771109387278557
43782.0,0.0,0.026425663381814957
43783.0,0.0,0.016435613855719566
43784.0,0.0,0.001447077956981957
43785.0,0.0,0.060643456876277924
43786.0,0.0,0.024906201288104057
43787.0,0.0,0.013825992122292519
43788.0,0.0,0.02544485405087471
43789.0,0.0,0.05447521060705185
43790.0,0.0,0.017008891329169273
43791.0,0.0,0.01722889207303524
43792.0,0.0,0.01704694889485836
43793.0,0.0,0.02398207224905491
43794.0,0.0,0.02445853315293789
43795.0,0.0,0.015878908336162567
43796.0,0.0,0.0012283599935472012
43797.0,0.0,0.011041376739740372
43798.0,0.0,0.016661789268255234
43799.0,0.0,0.024906201288104057
43800.0,0.0,0.025545770302414894
43801.0,1.0,0.061627063900232315
43802.0,0.0,0.024970166385173798
43803.0,0.0,0.024906201288104057
43804.0,0.0,0.0031331481877714396
43805.0,0.0,0.016122156754136086
43806.0,0.0,0.01158476434648037
43807.0,0.0,0.026141773909330368
43808.0,0.0,0.062166977673769
43809.0,0.0,0.039906181395053864
43810.0,0.0,0.02632135897874832
43811.0,0.0,0.014297300949692726
43812.0,1.0,0.4392189085483551
43813.0,0.0,0.022331207990646362
43814.0,0.0,0.0008083566790446639
43815.0,0.0,0.028332654386758804
43816.0,0.0,0.025073513388633728
43817.0,0.0,0.023887183517217636
43818.0,0.0,0.027234036475419998
43819.0,0.0,0.023887183517217636
43820.0,0.0,0.025229530408978462
43821.0,0.0,0.04174934700131416
43822.0,0.0,0.027341853827238083
43823.0,0.0,0.025245940312743187
43824.0,0.0,0.02632135897874832
43825.0,0.0,0.02398207224905491
43826.0,0.0,0.03962787613272667
43827.0,0.0,0.017478905618190765
43828.0,0.0,0.02536497637629509
43829.0,0.0,0.0013591691385954618
43830.0,0.0,0.02784525230526924
43831.0,1.0,0.4169633090496063
43832.0,0.0,0.002018179977312684
43833.0,0.0,0.0033106503542512655
43834.0,0.0,0.01678997464478016
43835.0,0.0,0.017228078097105026
43836.0,0.0,0.02314114384353161
43837.0,0.0,0.0012720894301310182
43838.0,1.0,0.025771109387278557
43839.0,0.0,0.026301685720682144
43840.0,0.0,0.003526357701048255
43841.0,0.0,0.02314114384353161
43842.0,0.0,0.02803678810596466
43843.0,0.0,0.01899777166545391
43844.0,0.0,0.05741441249847412
43845.0,0.0,0.0014260467141866684
43846.0,0.0,0.025005033239722252
43847.0,0.0,0.025771109387278557
43848.0,0.0,0.027234036475419998
43849.0,0.0,0.023887183517217636
43850.0,0.0,0.003027476603165269
43851.0,0.0,0.02440434880554676
43852.0,0.0,0.47821998596191406
43853.0,0.0,0.009604624472558498
43854.0,0.0,0.4616709053516388
43855.0,1.0,0.47940459847450256
43856.0,0.0,0.015856554731726646
43857.0,0.0,0.02445853315293789
43858.0,0.0,0.4392189085483551
43859.0,0.0,0.02179497294127941
43860.0,0.0,0.023888908326625824
43861.0,0.0,0.051568660885095596
43862.0,0.0,0.025743823498487473
43863.0,0.0,0.013356479816138744
43864.0,0.0,0.026178205385804176
43865.0,0.0,0.02651994675397873
43866.0,0.0,0.038809921592473984
43867.0,0.0,0.0014260467141866684
43868.0,1.0,0.4370000660419464
43869.0,1.0,0.05848557502031326
43870.0,0.0,0.017336970195174217
43871.0,0.0,0.0015030310023576021
43872.0,0.0,0.022451452910900116
43873.0,0.0,0.44021958112716675
43874.0,0.0,0.015223466791212559
43875.0,0.0,0.015938570722937584
43876.0,0.0,0.34842145442962646
43877.0,0.0,0.018040908500552177
43878.0,0.0,0.025005033239722252
43879.0,0.0,0.024717602878808975
43880.0,0.0,0.024906201288104057
43881.0,0.0,0.014700775034725666
43882.0,0.0,0.015938570722937584
43883.0,0.0,0.023887183517217636
43884.0,1.0,0.8335214257240295
43885.0,0.0,0.01750209368765354
43886.0,0.0,0.02327995002269745
43887.0,1.0,0.44283321499824524
43888.0,0.0,0.024556316435337067
43889.0,0.0,0.02632135897874832
43890.0,0.0,0.0014412200544029474
43891.0,0.0,0.026786578819155693
43892.0,0.0,0.016435613855719566
43893.0,0.0,0.026141773909330368
43894.0,0.0,0.025005033239722252
43895.0,0.0,0.016097549349069595
43896.0,0.0,0.024906201288104057
43897.0,0.0,0.026405904442071915
43898.0,0.0,0.022881310433149338
43899.0,0.0,0.02895745076239109
43900.0,0.0,0.0262258630245924
43901.0,0.0,0.017720025032758713
43902.0,0.0,0.01722889207303524
43903.0,0.0,0.015280703082680702
43904.0,0.0,0.02440434880554676
43905.0,0.0,0.37137600779533386
43906.0,0.0,0.43704754114151
43907.0,0.0,0.017336970195174217
43908.0,0.0,0.025651903823018074
43909.0,0.0,0.05708349123597145
43910.0,0.0,0.023887183517217636
43911.0,0.0,0.02314114384353161
43912.0,0.0,0.06722301989793777
43913.0,0.0,0.024906201288104057
43914.0,0.0,0.05958195775747299
43915.0,0.0,0.024906201288104057
43916.0,0.0,0.02632135897874832
43917.0,0.0,0.05864908918738365
43918.0,0.0,0.02663862146437168
43919.0,0.0,0.017969094216823578
43920.0,0.0,0.023887183517217636
43921.0,0.0,0.027234036475419998
43922.0,0.0,0.024717602878808975
43923.0,0.0,0.00330717652104795
43924.0,0.0,0.02814936637878418
43925.0,0.0,0.026122327893972397
43926.0,0.0,0.02663702517747879
43927.0,0.0,0.018288765102624893
43928.0,0.0,0.01562632992863655
43929.0,0.0,0.027234036475419998
43930.0,0.0,0.016435613855719566
43931.0,0.0,0.020900513976812363
43932.0,0.0,0.017378058284521103
43933.0,0.0,0.02440434880554676
43934.0,0.0,0.016435613855719566
43935.0,0.0,0.02018248662352562
43936.0,0.0,0.0219366904348135
43937.0,0.0,0.024906201288104057
43938.0,0.0,0.027234036475419998
43939.0,0.0,0.024906201288104057
43940.0,0.0,0.017895635217428207
43941.0,0.0,0.0262258630245924
43942.0,1.0,0.4426445960998535
43943.0,0.0,0.03622309863567352
43944.0,0.0,0.02544485405087471
43945.0,0.0,0.01722889207303524
43946.0,0.0,0.001552709611132741
43947.0,0.0,0.027341853827238083
43948.0,0.0,0.0597548745572567
43949.0,0.0,0.0015030310023576021
43950.0,0.0,0.05795514956116676
43951.0,0.0,0.02323314920067787
43952.0,0.0,0.025122351944446564
43953.0,0.0,0.02814936637878418
43954.0,0.0,0.014700775034725666
43955.0,0.0,0.03683403134346008
43956.0,1.0,0.45241183042526245
43957.0,0.0,0.016435613855719566
43958.0,0.0,0.040959469974040985
43959.0,0.0,0.015878908336162567
43960.0,0.0,0.017336970195174217
43961.0,0.0,0.016760852187871933
43962.0,0.0,0.024590618908405304
43963.0,0.0,0.025873281061649323
43964.0,0.0,0.016994355246424675
43965.0,0.0,0.011426706798374653
43966.0,0.0,0.023922305554151535
43967.0,0.0,0.022451452910900116
43968.0,0.0,0.05685824900865555
43969.0,0.0,0.027234036475419998
43970.0,0.0,0.01629883050918579
43971.0,0.0,0.016097549349069595
43972.0,0.0,0.025873281061649323
43973.0,0.0,0.018060391768813133
43974.0,0.0,0.01704694889485836
43975.0,0.0,0.003296883078292012
43976.0,0.0,0.025005033239722252
43977.0,0.0,0.029535578563809395
43978.0,0.0,0.027001334354281425
43979.0,0.0,0.0626082718372345
43980.0,0.0,0.024717602878808975
43981.0,0.0,0.025771109387278557
43982.0,0.0,0.04475943744182587
43983.0,0.0,0.0012283599935472012
43984.0,0.0,0.015638090670108795
43985.0,0.0,0.015675872564315796
43986.0,0.0,0.02663862146437168
43987.0,0.0,0.015724515542387962
43988.0,0.0,0.0185039434581995
43989.0,0.0,0.01646127924323082
43990.0,0.0,0.0031689931638538837
43991.0,0.0,0.016994355246424675
43992.0,0.0,0.06139259412884712
43993.0,0.0,0.0012283599935472012
43994.0,0.0,0.030525844544172287
43995.0,0.0,0.0263888631016016
43996.0,0.0,0.02663862146437168
43997.0,0.0,0.027234036475419998
43998.0,0.0,0.0033562947064638138
43999.0,0.0,0.02591816894710064
44000.0,0.0,0.02360360138118267
44001.0,0.0,0.024717602878808975
44002.0,0.0,0.011279945261776447
44003.0,0.0,0.026301685720682144
44004.0,0.0,0.05520085245370865
44005.0,0.0,0.017969094216823578
44006.0,0.0,0.02628469653427601
44007.0,0.0,0.024717602878808975
44008.0,0.0,0.025651903823018074
44009.0,0.0,0.01899777166545391
44010.0,0.0,0.02544485405087471
44011.0,0.0,0.06375277787446976
44012.0,0.0,0.025771109387278557
44013.0,0.0,0.015878908336162567
44014.0,0.0,0.018934329971671104
44015.0,0.0,0.016435613855719566
44016.0,0.0,0.0015091396635398269
44017.0,0.0,0.013648834079504013
44018.0,0.0,0.01629883050918579
44019.0,0.0,0.01575755886733532
44020.0,0.0,0.02663862146437168
44021.0,0.0,0.017378058284521103
44022.0,1.0,0.8499495983123779
44023.0,0.0,0.06512225419282913
44024.0,0.0,0.05066057667136192
44025.0,0.0,0.0014202744932845235
44026.0,0.0,0.02641528844833374
44027.0,0.0,0.025771109387278557
44028.0,0.0,0.017739813774824142
44029.0,0.0,0.016994355246424675
44030.0,0.0,0.3818483054637909
44031.0,0.0,0.025346089154481888
44032.0,0.0,0.4374377727508545
44033.0,0.0,0.02513364516198635
44034.0,0.0,0.06715065240859985
44035.0,0.0,0.024556316435337067
44036.0,0.0,0.024906201288104057
44037.0,0.0,0.024501239880919456
44038.0,0.0,0.0166483037173748
44039.0,0.0,0.023922305554151535
44040.0,0.0,0.023636609315872192
44041.0,0.0,0.0013516949256882071
44042.0,0.0,0.02814936637878418
44043.0,0.0,0.05795514956116676
44044.0,0.0,0.016435613855719566
44045.0,0.0,0.0012720894301310182
44046.0,0.0,0.016435613855719566
44047.0,0.0,0.037497278302907944
44048.0,0.0,0.024717602878808975
44049.0,0.0,0.0013608243316411972
44050.0,0.0,0.038782041519880295
44051.0,0.0,0.023636609315872192
44052.0,0.0,0.025771109387278557
44053.0,0.0,0.026141773909330368
44054.0,0.0,0.02445853315293789
44055.0,0.0,0.025771109387278557
44056.0,0.0,0.02854803204536438
44057.0,0.0,0.0013608243316411972
44058.0,0.0,0.016435613855719566
44059.0,0.0,0.020731663331389427
44060.0,0.0,0.05708349123597145
44061.0,0.0,0.02814936637878418
44062.0,0.0,0.014243694953620434
44063.0,0.0,0.025771109387278557
44064.0,0.0,0.0013462231727316976
44065.0,0.0,0.06670156121253967
44066.0,0.0,0.025771109387278557
44067.0,0.0,0.029936516657471657
44068.0,0.0,0.015556056052446365
44069.0,0.0,0.05708349123597145
44070.0,0.0,0.03858567029237747
44071.0,0.0,0.004168759565800428
44072.0,0.0,0.016994355246424675
44073.0,0.0,0.0013770321384072304
44074.0,0.0,0.02660154178738594
44075.0,0.0,0.0014513740316033363
44076.0,0.0,0.026122327893972397
44077.0,0.0,0.02314114384353161
44078.0,0.0,0.024717602878808975
44079.0,0.0,0.015553967095911503
44080.0,1.0,0.996130108833313
44081.0,0.0,0.02544485405087471
44082.0,0.0,0.01445102971047163
44083.0,0.0,0.027234036475419998
44084.0,0.0,0.016994355246424675
44085.0,0.0,0.05708349123597145
44086.0,0.0,0.01899777166545391
44087.0,0.0,0.035494234412908554
44088.0,0.0,0.02663862146437168
44089.0,0.0,0.016435613855719566
44090.0,0.0,0.02207839861512184
44091.0,0.0,0.02632135897874832
44092.0,0.0,0.017969094216823578
44093.0,0.0,0.027234036475419998
44094.0,0.0,0.016122156754136086
44095.0,0.0,0.027046462520956993
44096.0,0.0,0.0690503939986229
44097.0,0.0,0.06639550626277924
44098.0,0.0,0.03077230602502823
44099.0,0.0,0.025873281061649323
44100.0,0.0,0.029021726921200752
44101.0,0.0,0.017378058284521103
44102.0,0.0,0.022331207990646362
44103.0,0.0,0.026122327893972397
44104.0,0.0,0.35567474365234375
44105.0,0.0,0.01646127924323082
44106.0,0.0,0.01562632992863655
44107.0,0.0,0.014743927866220474
44108.0,0.0,0.0016337033594027162
44109.0,0.0,0.027234036475419998
44110.0,0.0,0.02663862146437168
44111.0,0.0,0.025771109387278557
44112.0,0.0,0.024717602878808975
44113.0,0.0,0.0013714581727981567
44114.0,0.0,0.06175331398844719
44115.0,0.0,0.024871468544006348
44116.0,0.0,0.0014401210937649012
44117.0,0.0,0.026196282356977463
44118.0,0.0,0.024717602878808975
44119.0,0.0,0.0015775627689436078
44120.0,0.0,0.059055082499980927
44121.0,0.0,0.0015030310023576021
44122.0,0.0,0.02358420193195343
44123.0,0.0,0.041035208851099014
44124.0,0.0,0.014958435669541359
44125.0,0.0,0.025771109387278557
44126.0,0.0,0.023636609315872192
44127.0,0.0,0.014891373924911022
44128.0,0.0,0.02236247807741165
44129.0,0.0,0.039172541350126266
44130.0,0.0,0.43026041984558105
44131.0,0.0,0.05607227236032486
44132.0,0.0,0.02608109824359417
44133.0,0.0,0.024944746866822243
44134.0,0.0,0.024017333984375
44135.0,0.0,0.0013750650687143207
44136.0,0.0,0.02314114384353161
44137.0,0.0,0.04041016474366188
44138.0,1.0,0.025771109387278557
44139.0,0.0,0.016225576400756836
44140.0,0.0,0.024717602878808975
44141.0,0.0,0.025545770302414894
44142.0,0.0,0.0188921932131052
44143.0,0.0,0.03563554584980011
44144.0,0.0,0.016109652817249298
44145.0,0.0,0.044331323355436325
44146.0,1.0,0.06208358332514763
44147.0,0.0,0.0013714581727981567
44148.0,0.0,0.42605772614479065
44149.0,0.0,0.02314114384353161
44150.0,0.0,0.011593515053391457
44151.0,0.0,0.024717602878808975
44152.0,0.0,0.0701579749584198
44153.0,1.0,0.4693763256072998
44154.0,0.0,0.0034994937013834715
44155.0,0.0,0.024590618908405304
44156.0,0.0,0.028385622426867485
44157.0,0.0,0.018288765102624893
44158.0,0.0,0.024717602878808975
44159.0,0.0,0.02355126105248928
44160.0,0.0,0.024717602878808975
44161.0,0.0,0.05787777155637741
44162.0,0.0,0.06670156121253967
44163.0,0.0,0.025043737143278122
44164.0,0.0,0.0015653333393856883
44165.0,1.0,0.4360010325908661
44166.0,0.0,0.017969094216823578
44167.0,0.0,0.01899777166545391
44168.0,0.0,0.02663862146437168
44169.0,0.0,0.024717602878808975
44170.0,0.0,0.023636609315872192
44171.0,0.0,0.027913730591535568
44172.0,0.0,0.01629883050918579
44173.0,0.0,0.0014513740316033363
44174.0,0.0,0.024590618908405304
44175.0,0.0,0.01899777166545391
44176.0,0.0,0.024906201288104057
44177.0,1.0,0.4201633334159851
44178.0,0.0,0.05795514956116676
44179.0,0.0,0.026744144037365913
44180.0,0.0,0.025283005088567734
44181.0,0.0,0.024717602878808975
44182.0,0.0,0.0375516377389431
44183.0,0.0,0.027913730591535568
44184.0,0.0,0.02628469653427601
44185.0,0.0,0.06639550626277924
44186.0,0.0,0.015246058814227581
44187.0,1.0,0.01574668474495411
44188.0,0.0,0.01618671976029873
44189.0,0.0,0.001921580987982452
44190.0,0.0,0.027001334354281425
44191.0,1.0,0.4739935100078583
44192.0,0.0,0.025771109387278557
44193.0,0.0,0.01704694889485836
44194.0,0.0,0.02314114384353161
44195.0,0.0,0.025245940312743187
44196.0,0.0,0.026122327893972397
44197.0,0.0,0.016435613855719566
44198.0,0.0,0.06139259412884712
44199.0,0.0,0.024906201288104057
44200.0,0.0,0.02526475116610527
44201.0,0.0,0.025651903823018074
44202.0,0.0,0.025771109387278557
44203.0,0.0,0.025346089154481888
44204.0,0.0,0.022331207990646362
44205.0,0.0,0.023612098768353462
44206.0,0.0,0.023636609315872192
44207.0,0.0,0.0014202744932845235
44208.0,0.0,0.05085766315460205
44209.0,0.0,0.01678997464478016
44210.0,0.0,0.0014693202683702111
44211.0,1.0,0.4360010325908661
44212.0,0.0,0.023636609315872192
44213.0,0.0,0.0013140484225004911
44214.0,0.0,0.02632135897874832
44215.0,0.0,0.023474901914596558
44216.0,0.0,0.02624538727104664
44217.0,1.0,0.48369818925857544
44218.0,0.0,0.02653190866112709
44219.0,0.0,0.0013141449308022857
44220.0,0.0,0.028660891577601433
44221.0,0.0,0.025771109387278557
44222.0,0.0,0.02364484779536724
44223.0,0.0,0.04019111022353172
44224.0,0.0,0.014297300949692726
44225.0,0.0,0.023887183517217636
44226.0,0.0,0.05826232582330704
44227.0,0.0,0.015116751194000244
44228.0,0.0,0.03024178557097912
44229.0,0.0,0.0246882326900959
44230.0,0.0,0.01618671976029873
44231.0,0.0,0.024717602878808975
44232.0,0.0,0.04041016474366188
44233.0,0.0,0.017969094216823578
44234.0,0.0,0.024717602878808975
44235.0,1.0,0.43402186036109924
44236.0,1.0,0.040762387216091156
44237.0,0.0,0.003504489315673709
44238.0,0.0,0.02814936637878418
44239.0,0.0,0.0036289540585130453
44240.0,0.0,0.05708349123597145
44241.0,0.0,0.059028562158346176
44242.0,0.0,0.024906201288104057
44243.0,0.0,0.025873281061649323
44244.0,0.0,0.01740630343556404
44245.0,0.0,0.02236247807741165
44246.0,0.0,0.02445853315293789
44247.0,0.0,0.06375277787446976
44248.0,0.0,0.0014693202683702111
44249.0,0.0,0.022847406566143036
44250.0,0.0,0.0013517334591597319
44251.0,0.0,0.012085461057722569
44252.0,0.0,0.022331207990646362
44253.0,1.0,0.0013714581727981567
44254.0,0.0,0.014891373924911022
44255.0,0.0,0.02355126105248928
44256.0,0.0,0.02710825391113758
44257.0,0.0,0.024871468544006348
44258.0,0.0,0.017969094216823578
44259.0,0.0,0.018330127000808716
44260.0,0.0,0.02624538727104664
44261.0,0.0,0.017478905618190765
44262.0,0.0,0.0016403414774686098
44263.0,0.0,0.01133112795650959
44264.0,0.0,0.026706915348768234
44265.0,0.0,0.02632135897874832
44266.0,0.0,0.015878908336162567
44267.0,0.0,0.003264355706050992
44268.0,1.0,0.4547342360019684
44269.0,0.0,0.02179497294127941
44270.0,0.0,0.025771109387278557
44271.0,0.0,0.025771109387278557
44272.0,0.0,0.014777462929487228
44273.0,0.0,0.058765873312950134
44274.0,0.0,0.02691265195608139
44275.0,0.0,0.02628469653427601
44276.0,0.0,0.022331207990646362
44277.0,0.0,0.024717602878808975
44278.0,0.0,0.024906201288104057
44279.0,1.0,0.9961143732070923
44280.0,1.0,0.4287012219429016
44281.0,0.0,0.03859657794237137
44282.0,0.0,0.0262258630245924
44283.0,0.0,0.016994355246424675
44284.0,0.0,0.0007728622877039015
44285.0,0.0,0.06131014972925186
44286.0,0.0,0.0014202744932845235
44287.0,0.0,0.05693892389535904
44288.0,0.0,0.023887183517217636
44289.0,1.0,0.4316074550151825
44290.0,0.0,0.01629883050918579
44291.0,0.0,0.02314114384353161
44292.0,0.0,0.015938570722937584
44293.0,0.0,0.014891373924911022
44294.0,0.0,0.01639237254858017
44295.0,0.0,0.017378058284521103
44296.0,0.0,0.027341853827238083
44297.0,0.0,0.025771109387278557
44298.0,0.0,0.017969094216823578
44299.0,0.0,0.025073513388633728
44300.0,0.0,0.026122327893972397
44301.0,0.0,0.0015485414769500494
44302.0,0.0,0.015413998626172543
44303.0,0.0,0.024906201288104057
44304.0,0.0,0.022420059889554977
44305.0,0.0,0.0014513740316033363
44306.0,0.0,0.04475943744182587
44307.0,0.0,0.015856554731726646
44308.0,0.0,0.4166153073310852
44309.0,0.0,0.016122156754136086
44310.0,0.0,0.022047515958547592
44311.0,0.0,0.06100006029009819
44312.0,0.0,0.0013770321384072304
44313.0,0.0,0.025282183662056923
44314.0,0.0,0.02314114384353161
44315.0,0.0,0.4392189085483551
44316.0,0.0,0.026744144037365913
44317.0,0.0,0.025122351944446564
44318.0,0.0,0.01685047335922718
44319.0,0.0,0.019941624253988266
44320.0,0.0,0.023393183946609497
44321.0,0.0,0.01678997464478016
44322.0,1.0,0.027341853827238083
44323.0,0.0,0.027341853827238083
44324.0,0.0,0.014223608188331127
44325.0,0.0,0.0219366904348135
44326.0,0.0,0.0014202744932845235
44327.0,0.0,0.02507074922323227
44328.0,0.0,0.019073618575930595
44329.0,0.0,0.05795514956116676
44330.0,0.0,0.026141773909330368
44331.0,0.0,0.3493441343307495
44332.0,0.0,0.02398207224905491
44333.0,0.0,0.024906201288104057
44334.0,0.0,0.027234036475419998
44335.0,0.0,0.024717602878808975
44336.0,0.0,0.023616880178451538
44337.0,0.0,0.025873281061649323
44338.0,0.0,0.04019296169281006
44339.0,0.0,0.003296883078292012
44340.0,0.0,0.024717602878808975
44341.0,0.0,0.024556316435337067
44342.0,0.0,0.0013886369997635484
44343.0,0.0,0.015413998626172543
44344.0,0.0,0.0246882326900959
44345.0,0.0,0.4620184004306793
44346.0,0.0,0.4334816634654999
44347.0,0.0,0.02660154178738594
44348.0,1.0,0.01521681435406208
44349.0,0.0,0.022331207990646362
44350.0,0.0,0.025642139837145805
44351.0,1.0,0.4287012219429016
44352.0,0.0,0.025771109387278557
44353.0,0.0,0.015280703082680702
44354.0,0.0,0.01704694889485836
44355.0,0.0,0.06660893559455872
44356.0,0.0,0.024556316435337067
44357.0,0.0,0.016435613855719566
44358.0,0.0,0.022166267037391663
44359.0,0.0,0.054758843034505844
44360.0,0.0,0.013825992122292519
44361.0,1.0,0.9962627291679382
44362.0,0.0,0.026122327893972397
44363.0,1.0,0.014743927866220474
44364.0,0.0,0.34842145442962646
44365.0,0.0,0.024871468544006348
44366.0,0.0,0.015413998626172543
44367.0,0.0,0.017190374433994293
44368.0,0.0,0.023853830993175507
44369.0,0.0,0.03278540074825287
44370.0,0.0,0.016435613855719566
44371.0,0.0,0.06010523810982704
44372.0,0.0,0.02663862146437168
44373.0,0.0,0.016811653971672058
44374.0,0.0,0.07015801221132278
44375.0,0.0,0.01899777166545391
44376.0,0.0,0.01562632992863655
44377.0,0.0,0.01575755886733532
44378.0,0.0,0.03685896098613739
44379.0,0.0,0.0016085185343399644
44380.0,0.0,0.015878908336162567
44381.0,0.0,0.024717602878808975
44382.0,0.0,0.017378058284521103
44383.0,0.0,0.0014135412639006972
44384.0,0.0,0.0015091396635398269
44385.0,0.0,0.05264653265476227
44386.0,0.0,0.06065884605050087
44387.0,0.0,0.018330127000808716
44388.0,0.0,0.05826232582330704
44389.0,0.0,0.023636609315872192
44390.0,0.0,0.025771109387278557
44391.0,0.0,0.02641528844833374
44392.0,0.0,0.02358420193195343
44393.0,0.0,0.06198906525969505
44394.0,0.0,0.015878908336162567
44395.0,0.0,0.02526475116610527
44396.0,0.0,0.027234036475419998
44397.0,0.0,0.027749337255954742
44398.0,0.0,0.0013121713418513536
44399.0,1.0,0.8414415121078491
44400.0,0.0,0.019073618575930595
44401.0,0.0,0.023853830993175507
44402.0,0.0,0.023887183517217636
44403.0,0.0,0.02854803204536438
44404.0,0.0,0.025771109387278557
44405.0,1.0,0.8441259264945984
44406.0,0.0,0.027341853827238083
44407.0,0.0,0.025810956954956055
44408.0,0.0,0.035320766270160675
44409.0,0.0,0.025651903823018074
44410.0,0.0,0.025771403685212135
44411.0,0.0,0.037240318953990936
44412.0,0.0,0.04019296169281006
44413.0,0.0,0.02236247807741165
44414.0,0.0,0.003405652241781354
44415.0,0.0,0.025771109387278557
44416.0,0.0,0.03838136047124863
44417.0,1.0,0.46592435240745544
44418.0,0.0,0.024906201288104057
44419.0,0.0,0.05826232582330704
44420.0,0.0,0.016435613855719566
44421.0,0.0,0.017969094216823578
44422.0,0.0,0.0014018514193594456
44423.0,0.0,0.016853002831339836
44424.0,0.0,0.029535578563809395
44425.0,0.0,0.02314114384353161
44426.0,0.0,0.014297300949692726
44427.0,0.0,0.026178205385804176
44428.0,0.0,0.0012908532517030835
44429.0,1.0,0.4773422181606293
44430.0,0.0,0.002240327652543783
44431.0,1.0,0.5952742099761963
44432.0,0.0,0.025229530408978462
44433.0,0.0,0.02440434880554676
44434.0,0.0,0.028332654386758804
44435.0,0.0,0.02236247807741165
44436.0,0.0,0.06344211101531982
44437.0,0.0,0.045929525047540665
44438.0,0.0,0.01448389608412981
44439.0,0.0,0.04041016474366188
44440.0,0.0,0.0013608243316411972
44441.0,1.0,0.4436468780040741
44442.0,0.0,0.036230430006980896
44443.0,0.0,0.06325642764568329
44444.0,0.0,0.02660154178738594
44445.0,0.0,0.4342096447944641
44446.0,0.0,0.023948587477207184
44447.0,1.0,0.024717602878808975
44448.0,0.0,0.0014693202683702111
44449.0,0.0,0.001447077956981957
44450.0,0.0,0.05826232582330704
44451.0,0.0,0.0597548745572567
44452.0,0.0,0.025545770302414894
44453.0,0.0,0.023922305554151535
44454.0,0.0,0.02632135897874832
44455.0,0.0,0.018288765102624893
44456.0,0.0,0.018215972930192947
44457.0,0.0,0.016122156754136086
44458.0,1.0,0.45423975586891174
44459.0,0.0,0.05525912344455719
44460.0,0.0,0.01722889207303524
44461.0,0.0,0.06715065240859985
44462.0,0.0,0.024717602878808975
44463.0,0.0,0.024906201288104057
44464.0,0.0,0.020538270473480225
44465.0,0.0,0.0246882326900959
44466.0,0.0,0.015590906143188477
44467.0,0.0,0.0014459739904850721
44468.0,0.0,0.003060255665332079
44469.0,0.0,0.02814936637878418
44470.0,0.0,0.0013591691385954618
44471.0,0.0,0.06175331398844719
44472.0,0.0,0.02663862146437168
44473.0,0.0,0.01575755886733532
44474.0,0.0,0.024906201288104057
44475.0,0.0,0.016936318948864937
44476.0,0.0,0.06154433637857437
44477.0,0.0,0.003620080417022109
44478.0,0.0,0.05795514956116676
44479.0,0.0,0.027234036475419998
44480.0,0.0,0.037497278302907944
44481.0,0.0,0.018330127000808716
44482.0,0.0,0.024555636569857597
44483.0,0.0,0.016994355246424675
44484.0,0.0,0.026141773909330368
44485.0,0.0,0.029966790229082108
44486.0,0.0,0.011426706798374653
44487.0,1.0,0.4633311629295349
44488.0,0.0,0.013825992122292519
44489.0,0.0,0.01678997464478016
44490.0,0.0,0.02632135897874832
44491.0,0.0,0.0262258630245924
44492.0,1.0,0.05522727221250534
44493.0,0.0,0.013356479816138744
44494.0,0.0,0.01724102534353733
44495.0,0.0,0.025873281061649323
44496.0,0.0,0.025771109387278557
44497.0,0.0,0.022685261443257332
44498.0,0.0,0.023853830993175507
44499.0,0.0,0.039073653519153595
44500.0,0.0,0.025771109387278557
44501.0,0.0,0.02526475116610527
44502.0,0.0,0.015878908336162567
44503.0,0.0,0.027234036475419998
44504.0,0.0,0.015355028212070465
44505.0,0.0,0.03683403134346008
44506.0,0.0,0.024906201288104057
44507.0,0.0,0.015028689987957478
44508.0,0.0,0.015228435397148132
44509.0,0.0,0.025873281061649323
44510.0,0.0,0.0016337033594027162
44511.0,0.0,0.02814936637878418
44512.0,0.0,0.0013770321384072304
44513.0,0.0,0.032200779765844345
44514.0,0.0,0.02323314920067787
44515.0,0.0,0.0014898506924510002
44516.0,0.0,0.0013973414897918701
44517.0,0.0,0.02481570467352867
44518.0,0.0,0.010245205834507942
44519.0,0.0,0.06582305580377579
44520.0,0.0,0.024906201288104057
44521.0,0.0,0.05607227236032486
44522.0,0.0,0.028982939198613167
44523.0,0.0,0.0014202744932845235
44524.0,0.0,0.02314114384353161
44525.0,1.0,0.976718544960022
44526.0,0.0,0.025771109387278557
44527.0,0.0,0.026122327893972397
44528.0,0.0,0.0013770321384072304
44529.0,0.0,0.025545770302414894
44530.0,0.0,0.04391167312860489
44531.0,0.0,0.024717602878808975
44532.0,0.0,0.024906201288104057
44533.0,0.0,0.022775495424866676
44534.0,0.0,0.025005033239722252
44535.0,0.0,0.017810726538300514
44536.0,0.0,0.01678997464478016
44537.0,0.0,0.016994355246424675
44538.0,0.0,0.0013770321384072304
44539.0,0.0,0.0014078195672482252
44540.0,0.0,0.010245205834507942
44541.0,0.0,0.02236247807741165
44542.0,1.0,0.02826070226728916
44543.0,0.0,0.0014566865283995867
44544.0,0.0,0.024590618908405304
44545.0,0.0,0.02995872125029564
44546.0,0.0,0.023887183517217636
44547.0,0.0,0.0014260467141866684
44548.0,0.0,0.05983950197696686
44549.0,0.0,0.02663862146437168
44550.0,1.0,0.41751599311828613
44551.0,0.0,0.01785333640873432
44552.0,1.0,0.8013213276863098
44553.0,0.0,0.024717602878808975
44554.0,0.0,0.023922305554151535
44555.0,0.0,0.010565029457211494
44556.0,0.0,0.02174413576722145
44557.0,0.0,0.01575755886733532
44558.0,0.0,0.028332654386758804
44559.0,0.0,0.0013663552235811949
44560.0,0.0,0.016435613855719566
44561.0,0.0,0.025771109387278557
44562.0,0.0,0.02475586347281933
44563.0,1.0,0.47904735803604126
44564.0,0.0,0.023853830993175507
44565.0,0.0,0.024906201288104057
44566.0,0.0,0.044757403433322906
44567.0,0.0,0.025771109387278557
44568.0,0.0,0.023636609315872192
44569.0,0.0,0.02314114384353161
44570.0,0.0,0.016674311831593513
44571.0,0.0,0.015590906143188477
44572.0,0.0,0.0013750650687143207
44573.0,0.0,0.02709795907139778
44574.0,0.0,0.022847406566143036
44575.0,0.0,0.05598025768995285
44576.0,0.0,0.0013080606004223228
44577.0,0.0,0.0263888631016016
44578.0,0.0,0.026122327893972397
44579.0,0.0,0.025873281061649323
44580.0,0.0,0.031205356121063232
44581.0,1.0,0.027341853827238083
44582.0,0.0,0.02323314920067787
44583.0,0.0,0.0014513740316033363
44584.0,1.0,0.06175331398844719
44585.0,0.0,0.01678997464478016
44586.0,0.0,0.0014202744932845235
44587.0,0.0,0.015556056052446365
44588.0,0.0,0.06431885063648224
44589.0,0.0,0.06689666211605072
44590.0,0.0,0.02445853315293789
44591.0,0.0,0.039073653519153595
44592.0,0.0,0.06509760767221451
44593.0,0.0,0.4512373208999634
44594.0,0.0,0.02398207224905491
44595.0,0.0,0.023474901914596558
44596.0,0.0,0.04260427877306938
44597.0,0.0,0.024871468544006348
44598.0,1.0,0.4197966754436493
44599.0,1.0,0.9934011101722717
44600.0,0.0,0.01899777166545391
44601.0,0.0,0.01722889207303524
44602.0,0.0,0.002149638719856739
44603.0,0.0,0.015675872564315796
44604.0,0.0,0.02663862146437168
44605.0,0.0,0.02314114384353161
44606.0,0.0,0.02663862146437168
44607.0,0.0,0.02323314920067787
44608.0,0.0,0.025771109387278557
44609.0,0.0,0.053188540041446686
44610.0,0.0,0.4476095139980316
44611.0,0.0,0.02445853315293789
44612.0,0.0,0.025005033239722252
44613.0,0.0,0.01722889207303524
44614.0,0.0,0.06212304159998894
44615.0,0.0,0.024590618908405304
44616.0,0.0,0.06375277787446976
44617.0,0.0,0.02236247807741165
44618.0,0.0,0.015590906143188477
44619.0,0.0,0.027341853827238083
44620.0,0.0,0.024590618908405304
44621.0,0.0,0.02814936637878418
44622.0,0.0,0.017816275358200073
44623.0,0.0,0.0182296484708786
44624.0,0.0,0.0014513740316033363
44625.0,0.0,0.05730250105261803
44626.0,0.0,0.024871468544006348
44627.0,0.0,0.023474901914596558
44628.0,0.0,0.02236247807741165
44629.0,0.0,0.02663862146437168
44630.0,0.0,0.0014058093074709177
44631.0,0.0,0.02663862146437168
44632.0,0.0,0.014891373924911022
44633.0,0.0,0.04300350323319435
44634.0,0.0,0.025771109387278557
44635.0,1.0,0.4316074550151825
44636.0,1.0,0.7688976526260376
44637.0,0.0,0.0039218454621732235
44638.0,0.0,0.06369338184595108
44639.0,0.0,0.016435613855719566
44640.0,0.0,0.01678997464478016
44641.0,0.0,0.027234036475419998
44642.0,0.0,0.024906201288104057
44643.0,0.0,0.025247754529118538
44644.0,0.0,0.023636609315872192
44645.0,0.0,0.02766358107328415
44646.0,0.0,0.026122327893972397
44647.0,0.0,0.017336970195174217
44648.0,0.0,0.022047515958547592
44649.0,0.0,0.025771109387278557
44650.0,1.0,0.4750063121318817
44651.0,0.0,0.024906201288104057
44652.0,0.0,0.014588294550776482
44653.0,0.0,0.02632135897874832
44654.0,0.0,0.0012266056146472692
44655.0,0.0,0.07022298127412796
44656.0,0.0,0.0246882326900959
44657.0,0.0,0.014700775034725666
44658.0,0.0,0.06198906525969505
44659.0,0.0,0.4207862913608551
44660.0,0.0,0.05599655583500862
44661.0,0.0,0.017020871862769127
44662.0,0.0,0.023721186444163322
44663.0,0.0,0.014777462929487228
44664.0,0.0,0.0014260467141866684
44665.0,0.0,0.017768170684576035
44666.0,0.0,0.024871468544006348
44667.0,0.0,0.023887183517217636
44668.0,0.0,0.0012464794563129544
44669.0,0.0,0.02814936637878418
44670.0,0.0,0.010113470256328583
44671.0,0.0,0.024556316435337067
44672.0,0.0,0.0012999485479667783
44673.0,0.0,0.018970008939504623
44674.0,0.0,0.02314114384353161
44675.0,0.0,0.026196282356977463
44676.0,0.0,0.015884090214967728
44677.0,0.0,0.05708349123597145
44678.0,0.0,0.01722889207303524
44679.0,0.0,0.016564786434173584
44680.0,0.0,0.0033562947064638138
44681.0,0.0,0.01629883050918579
44682.0,0.0,0.03744565322995186
44683.0,1.0,0.4392189085483551
44684.0,0.0,0.024906201288104057
44685.0,0.0,0.02236247807741165
44686.0,0.0,0.23497061431407928
44687.0,0.0,0.024871468544006348
44688.0,0.0,0.02314114384353161
44689.0,0.0,0.025771109387278557
44690.0,0.0,0.019268490374088287
44691.0,0.0,0.06131014972925186
44692.0,0.0,0.026983819901943207
44693.0,0.0,0.025771109387278557
44694.0,0.0,0.024717602878808975
44695.0,0.0,0.015856554731726646
44696.0,0.0,0.0013694989029318094
44697.0,0.0,0.02663862146437168
44698.0,0.0,0.02854803204536438
44699.0,0.0,0.014124889858067036
44700.0,1.0,0.9922752976417542
44701.0,0.0,0.03806278854608536
44702.0,0.0,0.02314114384353161
44703.0,0.0,0.024871468544006348
44704.0,0.0,0.05773843452334404
44705.0,0.0,0.01758851297199726
44706.0,1.0,0.4461071491241455
44707.0,0.0,0.02314114384353161
44708.0,0.0,0.02660154178738594
44709.0,0.0,0.0008162669837474823
44710.0,0.0,0.02314114384353161
44711.0,0.0,0.025771109387278557
44712.0,0.0,0.01899777166545391
44713.0,0.0,0.02544485405087471
44714.0,0.0,0.02641528844833374
44715.0,0.0,0.026122327893972397
44716.0,0.0,0.025771109387278557
44717.0,0.0,0.4616555869579315
44718.0,0.0,0.06175331398844719
44719.0,0.0,0.023887183517217636
44720.0,0.0,0.0013770321384072304
44721.0,0.0,0.02814936637878418
44722.0,0.0,0.024822676554322243
44723.0,0.0,0.015041153877973557
44724.0,0.0,0.43061134219169617
44725.0,0.0,0.015413998626172543
44726.0,0.0,0.003027476603165269
44727.0,0.0,0.025545770302414894
44728.0,0.0,0.015878908336162567
44729.0,0.0,0.02544485405087471
44730.0,0.0,0.025771109387278557
44731.0,0.0,0.024717602878808975
44732.0,0.0,0.024906201288104057
44733.0,0.0,0.017969094216823578
44734.0,0.0,0.024717602878808975
44735.0,0.0,0.05059177801012993
44736.0,0.0,0.02663862146437168
44737.0,0.0,0.011426706798374653
44738.0,0.0,0.027234036475419998
44739.0,0.0,0.02521074190735817
44740.0,0.0,0.017378058284521103
44741.0,0.0,0.035611413419246674
44742.0,0.0,0.05522727221250534
44743.0,0.0,0.024906201288104057
44744.0,0.0,0.01692560501396656
44745.0,0.0,0.02653190866112709
44746.0,0.0,0.016109652817249298
44747.0,0.0,0.04260427877306938
44748.0,1.0,0.44021958112716675
44749.0,0.0,0.01543995551764965
44750.0,0.0,0.015878908336162567
44751.0,0.0,0.017816275358200073
44752.0,0.0,0.016293639317154884
44753.0,0.0,0.024906201288104057
44754.0,0.0,0.017969094216823578
44755.0,0.0,0.05700397118926048
44756.0,0.0,0.026122327893972397
44757.0,1.0,0.014891373924911022
44758.0,0.0,0.025616150349378586
44759.0,0.0,0.024906201288104057
44760.0,1.0,0.4122503101825714
44761.0,0.0,0.025771109387278557
44762.0,0.0,0.025005033239722252
44763.0,0.0,0.026141773909330368
44764.0,0.0,0.025005033239722252
44765.0,0.0,0.025873281061649323
44766.0,0.0,0.017378058284521103
44767.0,0.0,0.023697391152381897
44768.0,0.0,0.017478905618190765
44769.0,0.0,0.0008072012569755316
44770.0,1.0,0.5783472657203674
44771.0,0.0,0.027234036475419998
44772.0,0.0,0.041035208851099014
44773.0,0.0,0.017968246713280678
44774.0,0.0,0.02405453659594059
44775.0,0.0,0.001295147929340601
44776.0,0.0,0.015878908336162567
44777.0,0.0,0.02663862146437168
44778.0,0.0,0.017352622002363205
44779.0,0.0,0.025005033239722252
44780.0,0.0,0.027341853827238083
44781.0,0.0,0.02314114384353161
44782.0,0.0,0.017008891329169273
44783.0,0.0,0.025245940312743187
44784.0,0.0,0.0013714581727981567
44785.0,0.0,0.024717602878808975
44786.0,0.0,0.0013431700645014644
44787.0,0.0,0.4205121099948883
44788.0,0.0,0.0012173517607152462
44789.0,0.0,0.0013953462475910783
44790.0,0.0,0.06474325805902481
44791.0,0.0,0.0014401210937649012
44792.0,0.0,0.0012333538616076112
44793.0,0.0,0.02314114384353161
44794.0,0.0,0.059325143694877625
44795.0,0.0,0.01618671976029873
44796.0,0.0,0.05812613666057587
44797.0,0.0,0.027341853827238083
44798.0,0.0,0.026122327893972397
44799.0,0.0,0.025771109387278557
44800.0,0.0,0.018330127000808716
44801.0,0.0,0.025550583377480507
44802.0,0.0,0.025771109387278557
44803.0,0.0,0.02544485405087471
44804.0,0.0,0.0013431700645014644
44805.0,0.0,0.02314114384353161
44806.0,1.0,0.904673159122467
44807.0,0.0,0.01692560501396656
44808.0,0.0,0.025771109387278557
44809.0,0.0,0.001604478806257248
44810.0,0.0,0.05607227236032486
44811.0,0.0,0.024717602878808975
44812.0,0.0,0.014555196277797222
44813.0,0.0,0.0013973414897918701
44814.0,1.0,0.003672660794109106
44815.0,0.0,0.027234036475419998
44816.0,0.0,0.017739813774824142
44817.0,0.0,0.016109652817249298
44818.0,0.0,0.016435613855719566
44819.0,0.0,0.02814936637878418
44820.0,0.0,0.025245940312743187
44821.0,1.0,0.7709601521492004
44822.0,0.0,0.024590618908405304
44823.0,0.0,0.024590618908405304
44824.0,1.0,0.42014530301094055
44825.0,1.0,0.3523220121860504
44826.0,0.0,0.0012283599935472012
44827.0,0.0,0.4476095139980316
44828.0,0.0,0.01899777166545391
44829.0,0.0,0.03703084960579872
44830.0,0.0,0.022938264533877373
44831.0,0.0,0.02236247807741165
44832.0,0.0,0.01562632992863655
44833.0,0.0,0.024717602878808975
44834.0,0.0,0.039414212107658386
44835.0,0.0,0.001300412230193615
44836.0,0.0,0.0375545471906662
44837.0,0.0,0.016435613855719566
44838.0,0.0,0.025771109387278557
44839.0,0.0,0.02632135897874832
44840.0,0.0,0.05522727221250534
44841.0,0.0,0.0013140484225004911
44842.0,0.0,0.0012682309607043862
44843.0,1.0,0.9959392547607422
44844.0,0.0,0.015675872564315796
44845.0,0.0,0.029163094237446785
44846.0,0.0,0.04120316356420517
44847.0,0.0,0.02236247807741165
44848.0,0.0,0.35474446415901184
44849.0,0.0,0.0013160249218344688
44850.0,0.0,0.025873281061649323
44851.0,0.0,0.06469675898551941
44852.0,0.0,0.02504478208720684
44853.0,0.0,0.06136394292116165
44854.0,0.0,0.024906201288104057
44855.0,0.0,0.02061801590025425
44856.0,0.0,0.04081787168979645
44857.0,0.0,0.014243694953620434
44858.0,0.0,0.01678997464478016
44859.0,0.0,0.025771109387278557
44860.0,0.0,0.05741441249847412
44861.0,0.0,0.02814936637878418
44862.0,0.0,0.01575755886733532
44863.0,0.0,0.025771109387278557
44864.0,0.0,0.05708349123597145
44865.0,1.0,0.024906201288104057
44866.0,0.0,0.05237135663628578
44867.0,0.0,0.027234036475419998
44868.0,0.0,0.038085129112005234
44869.0,0.0,0.0263888631016016
44870.0,0.0,0.0013517334591597319
44871.0,0.0,0.05637425184249878
44872.0,0.0,0.00330717652104795
44873.0,0.0,0.027341853827238083
44874.0,0.0,0.0012720894301310182
44875.0,0.0,0.02733413688838482
44876.0,0.0,0.057501327246427536
44877.0,0.0,0.03061501495540142
44878.0,0.0,0.023887183517217636
44879.0,0.0,0.0013462231727316976
44880.0,0.0,0.022331207990646362
44881.0,0.0,0.02632135897874832
44882.0,0.0,0.03343838080763817
44883.0,0.0,0.06689666211605072
44884.0,0.0,0.023922305554151535
44885.0,0.0,0.02440434880554676
44886.0,0.0,0.003400840563699603
44887.0,0.0,0.015247267670929432
44888.0,0.0,0.02358420193195343
44889.0,0.0,0.025873281061649323
44890.0,0.0,0.0629376545548439
44891.0,0.0,0.027021421119570732
44892.0,0.0,0.43061134219169617
44893.0,0.0,0.05514055863022804
44894.0,0.0,0.02632135897874832
44895.0,0.0,0.0014502613339573145
44896.0,0.0,0.015878908336162567
44897.0,0.0,0.011426706798374653
44898.0,0.0,0.029535578563809395
44899.0,0.0,0.031980905681848526
44900.0,0.0,0.0014693202683702111
44901.0,0.0,0.003296883078292012
44902.0,0.0,0.03683403134346008
44903.0,0.0,0.015202022157609463
44904.0,0.0,0.025357024744153023
44905.0,0.0,0.023888908326625824
44906.0,0.0,0.01081225648522377
44907.0,0.0,0.01722889207303524
44908.0,0.0,0.025005033239722252
44909.0,0.0,0.027234036475419998
44910.0,0.0,0.0013334295945242047
44911.0,0.0,0.019073618575930595
44912.0,0.0,0.02663862146437168
44913.0,0.0,0.0018661250360310078
44914.0,0.0,0.05660359188914299
44915.0,0.0,0.02719457447528839
44916.0,0.0,0.05882978439331055
44917.0,0.0,0.41751599311828613
44918.0,0.0,0.0246882326900959
44919.0,0.0,0.0012720894301310182
44920.0,1.0,0.026122327893972397
44921.0,0.0,0.06139259412884712
44922.0,1.0,0.4090858995914459
44923.0,0.0,0.015878908336162567
44924.0,0.0,0.025346089154481888
44925.0,0.0,0.06175331398844719
44926.0,0.0,0.019562629982829094
44927.0,0.0,0.024555636569857597
44928.0,0.0,0.024906201288104057
44929.0,0.0,0.017228078097105026
44930.0,0.0,0.014891373924911022
44931.0,0.0,0.0013140484225004911
44932.0,0.0,0.02445853315293789
44933.0,0.0,0.024277204647660255
44934.0,0.0,0.016435613855719566
44935.0,0.0,0.017969094216823578
44936.0,0.0,0.017810726538300514
44937.0,0.0,0.025771109387278557
44938.0,0.0,0.06139259412884712
44939.0,0.0,0.017378058284521103
44940.0,1.0,0.40344616770744324
44941.0,0.0,0.025247754529118538
44942.0,0.0,0.029581069946289062
44943.0,0.0,0.02526475116610527
44944.0,0.0,0.024871468544006348
44945.0,0.0,0.026141773909330368
44946.0,0.0,0.0014513740316033363
44947.0,0.0,0.024906201288104057
44948.0,0.0,0.0636674016714096
44949.0,0.0,0.02398207224905491
44950.0,0.0,0.0036289540585130453
44951.0,0.0,0.02440434880554676
44952.0,0.0,0.02323314920067787
44953.0,0.0,0.0014401210937649012
44954.0,0.0,0.027234036475419998
44955.0,0.0,0.02358420193195343
44956.0,0.0,0.05522727221250534
44957.0,0.0,0.024871468544006348
44958.0,0.0,0.05264653265476227
44959.0,0.0,0.05826232582330704
44960.0,0.0,0.026122327893972397
44961.0,0.0,0.013825992122292519
44962.0,0.0,0.025873281061649323
44963.0,0.0,0.022024011239409447
44964.0,0.0,0.02208584174513817
44965.0,0.0,0.0013591691385954618
44966.0,0.0,0.07182678580284119
44967.0,0.0,0.027341853827238083
44968.0,0.0,0.0008162669837474823
44969.0,1.0,0.05795514956116676
44970.0,1.0,0.32667824625968933
44971.0,0.0,0.025771109387278557
44972.0,0.0,0.016435613855719566
44973.0,0.0,0.01618671976029873
44974.0,0.0,0.025771109387278557
44975.0,0.0,0.024906201288104057
44976.0,0.0,0.025771109387278557
44977.0,0.0,0.4360010325908661
44978.0,0.0,0.025771109387278557
44979.0,0.0,0.05937730893492699
44980.0,0.0,0.024590618908405304
44981.0,0.0,0.010268616490066051
44982.0,0.0,0.055122390389442444
44983.0,0.0,0.024906201288104057
44984.0,0.0,0.05708349123597145
44985.0,0.0,0.025873281061649323
44986.0,0.0,0.02922281250357628
44987.0,0.0,0.02641528844833374
44988.0,0.0,0.0015549295349046588
44989.0,0.0,0.01614741049706936
44990.0,0.0,0.06139259412884712
44991.0,0.0,0.0016125161200761795
44992.0,0.0,0.05826232582330704
44993.0,0.0,0.02236247807741165
44994.0,0.0,0.009144727140665054
44995.0,0.0,0.015502897091209888
44996.0,0.0,0.023887183517217636
44997.0,0.0,0.016122156754136086
44998.0,0.0,0.07113198190927505
44999.0,0.0,0.024906201288104057
45000.0,0.0,0.023888908326625824
45001.0,0.0,0.05708349123597145
45002.0,1.0,0.4122503101825714
45003.0,0.0,0.025545770302414894
45004.0,0.0,0.024590618908405304
45005.0,0.0,0.022847406566143036
45006.0,0.0,0.027234036475419998
45007.0,0.0,0.02663862146437168
45008.0,0.0,0.028057031333446503
45009.0,0.0,0.039073653519153595
45010.0,0.0,0.016766361892223358
45011.0,0.0,0.022653555497527122
45012.0,0.0,0.01575755886733532
45013.0,0.0,0.029163094237446785
45014.0,0.0,0.023636609315872192
45015.0,0.0,0.026405904442071915
45016.0,0.0,0.4264950752258301
45017.0,0.0,0.025073513388633728
45018.0,0.0,0.016994355246424675
45019.0,0.0,0.023853830993175507
45020.0,0.0,0.027234036475419998
45021.0,0.0,0.026122327893972397
45022.0,0.0,0.025771109387278557
45023.0,0.0,0.021417561918497086
45024.0,0.0,0.029163094237446785
45025.0,0.0,0.023887183517217636
45026.0,0.0,0.024293702095746994
45027.0,1.0,0.4090858995914459
45028.0,0.0,0.015202022157609463
45029.0,0.0,0.025771109387278557
45030.0,0.0,0.015878908336162567
45031.0,0.0,0.025245940312743187
45032.0,0.0,0.025310751050710678
45033.0,0.0,0.022685261443257332
45034.0,0.0,0.01899777166545391
45035.0,0.0,0.013825992122292519
45036.0,0.0,0.043538641184568405
45037.0,0.0,0.07136628031730652
45038.0,0.0,0.017969094216823578
45039.0,0.0,0.015878908336162567
45040.0,0.0,0.027234036475419998
45041.0,0.0,0.039917442947626114
45042.0,0.0,0.026481470093131065
45043.0,0.0,0.02651994675397873
45044.0,0.0,0.044757403433322906
45045.0,0.0,0.015638090670108795
45046.0,0.0,0.02814936637878418
45047.0,0.0,0.024906201288104057
45048.0,0.0,0.014243694953620434
45049.0,0.0,0.05795514956116676
45050.0,0.0,0.027021421119570732
45051.0,0.0,0.025771109387278557
45052.0,0.0,0.0012720894301310182
45053.0,0.0,0.0015030310023576021
45054.0,0.0,0.03691849112510681
45055.0,0.0,0.024717602878808975
45056.0,0.0,0.014777462929487228
45057.0,0.0,0.025771109387278557
45058.0,0.0,0.025873281061649323
45059.0,0.0,0.026744144037365913
45060.0,0.0,0.025771109387278557
45061.0,0.0,0.025873281061649323
45062.0,0.0,0.025771109387278557
45063.0,0.0,0.026301685720682144
45064.0,1.0,0.0576346293091774
45065.0,0.0,0.0014693202683702111
45066.0,0.0,0.016435613855719566
45067.0,0.0,0.04322633892297745
45068.0,0.0,0.053454283624887466
45069.0,0.0,0.0015612490242347121
45070.0,0.0,0.016122156754136086
45071.0,0.0,0.0012970002135261893
45072.0,0.0,0.024906201288104057
45073.0,0.0,0.0015485414769500494
45074.0,0.0,0.025245940312743187
45075.0,0.0,0.017969094216823578
45076.0,0.0,0.054085057228803635
45077.0,0.0,0.056397695094347
45078.0,0.0,0.01692560501396656
45079.0,0.0,0.017336970195174217
45080.0,0.0,0.025073513388633728
45081.0,0.0,0.01899777166545391
45082.0,0.0,0.02663862146437168
45083.0,0.0,0.009799270890653133
45084.0,0.0,0.025771109387278557
45085.0,0.0,0.05795514956116676
45086.0,0.0,0.05137036740779877
45087.0,0.0,0.026744144037365913
45088.0,0.0,0.06709069013595581
45089.0,0.0,0.02236247807741165
45090.0,0.0,0.04152098670601845
45091.0,0.0,0.023887183517217636
45092.0,0.0,0.0015030310023576021
45093.0,0.0,0.018330127000808716
45094.0,0.0,0.017070453613996506
45095.0,1.0,0.43061134219169617
45096.0,0.0,0.017969094216823578
45097.0,1.0,0.4461071491241455
45098.0,0.0,0.024871468544006348
45099.0,0.0,0.025771109387278557
45100.0,0.0,0.06639550626277924
45101.0,0.0,0.016435613855719566
45102.0,0.0,0.015280703082680702
45103.0,0.0,0.02445853315293789
45104.0,0.0,0.0015030310023576021
45105.0,0.0,0.027234036475419998
45106.0,0.0,0.015638090670108795
45107.0,0.0,0.015878908336162567
45108.0,0.0,0.024906201288104057
45109.0,0.0,0.025873281061649323
45110.0,0.0,0.025771109387278557
45111.0,1.0,0.4392189085483551
45112.0,0.0,0.0013694989029318094
45113.0,0.0,0.025245940312743187
45114.0,0.0,0.015590906143188477
45115.0,0.0,0.02560640685260296
45116.0,0.0,0.02707771025598049
45117.0,0.0,0.01678997464478016
45118.0,0.0,0.01899777166545391
45119.0,0.0,0.0014018514193594456
45120.0,0.0,0.023922305554151535
45121.0,0.0,0.024906201288104057
45122.0,0.0,0.0031792735680937767
45123.0,0.0,0.0013663552235811949
45124.0,0.0,0.026425663381814957
45125.0,1.0,0.9959450364112854
45126.0,0.0,0.05252489820122719
45127.0,0.0,0.04493342712521553
45128.0,1.0,0.4616709053516388
45129.0,1.0,0.41760286688804626
45130.0,0.0,0.026301685720682144
45131.0,0.0,0.039917442947626114
45132.0,0.0,0.0012173517607152462
45133.0,0.0,0.02314114384353161
45134.0,0.0,0.026425663381814957
45135.0,0.0,0.02536497637629509
45136.0,0.0,0.02445853315293789
45137.0,0.0,0.025545770302414894
45138.0,0.0,0.03391548618674278
45139.0,0.0,0.0015549295349046588
45140.0,0.0,0.003027476603165269
45141.0,0.0,0.02632135897874832
45142.0,0.0,0.015878908336162567
45143.0,1.0,0.019073618575930595
45144.0,0.0,0.025873281061649323
45145.0,0.0,0.02632135897874832
45146.0,0.0,0.025873281061649323
45147.0,0.0,0.025771109387278557
45148.0,0.0,0.025771109387278557
45149.0,0.0,0.0034331486094743013
45150.0,1.0,0.024590618908405304
45151.0,0.0,0.017810726538300514
45152.0,0.0,0.027234036475419998
45153.0,1.0,0.32667824625968933
45154.0,0.0,0.025771109387278557
45155.0,0.0,0.015675872564315796
45156.0,0.0,0.0014572733780369163
45157.0,0.0,0.02331252209842205
45158.0,0.0,0.06804543733596802
45159.0,0.0,0.015423089265823364
45160.0,0.0,0.0014018514193594456
45161.0,0.0,0.022653555497527122
45162.0,0.0,0.02814936637878418
45163.0,0.0,0.0036478666588664055
45164.0,0.0,0.016994355246424675
45165.0,0.0,0.0014202744932845235
45166.0,0.0,0.014588294550776482
45167.0,0.0,0.01749676652252674
45168.0,0.0,0.00308176944963634
45169.0,0.0,0.02314114384353161
45170.0,1.0,0.43026041984558105
45171.0,0.0,0.0263888631016016
45172.0,0.0,0.06689666211605072
45173.0,0.0,0.03587275370955467
45174.0,0.0,0.06301617622375488
45175.0,0.0,0.02663702517747879
45176.0,0.0,0.025005033239722252
45177.0,0.0,0.026122327893972397
45178.0,0.0,0.02314114384353161
45179.0,0.0,0.02632135897874832
45180.0,0.0,0.05628763884305954
45181.0,0.0,0.02440434880554676
45182.0,0.0,0.43125638365745544
45183.0,0.0,0.025245940312743187
45184.0,0.0,0.0014202744932845235
45185.0,0.0,0.015878908336162567
45186.0,0.0,0.025771109387278557
45187.0,0.0,0.0664551705121994
45188.0,0.0,0.024724546819925308
45189.0,1.0,0.9778554439544678
45190.0,0.0,0.0013141449308022857
45191.0,0.0,0.05264653265476227
45192.0,0.0,0.04245176911354065
45193.0,0.0,0.017378058284521103
45194.0,0.0,0.0012999485479667783
45195.0,0.0,0.011426706798374653
45196.0,0.0,0.015856554731726646
45197.0,0.0,0.010713044553995132
45198.0,1.0,0.33927401900291443
45199.0,0.0,0.03944549709558487
45200.0,0.0,0.014743927866220474
45201.0,0.0,0.0014109723269939423
45202.0,0.0,0.024871468544006348
45203.0,0.0,0.039073653519153595
45204.0,0.0,0.02632135897874832
45205.0,0.0,0.024590618908405304
45206.0,0.0,0.02632135897874832
45207.0,0.0,0.025771109387278557
45208.0,0.0,0.025873281061649323
45209.0,0.0,0.029535578563809395
45210.0,0.0,0.025245940312743187
45211.0,0.0,0.015590906143188477
45212.0,0.0,0.014243694953620434
45213.0,0.0,0.019475087523460388
45214.0,1.0,0.05935477837920189
45215.0,0.0,0.027234036475419998
45216.0,0.0,0.06175331398844719
45217.0,1.0,0.022331207990646362
45218.0,0.0,0.029535578563809395
45219.0,0.0,0.023636609315872192
45220.0,0.0,0.02491140179336071
45221.0,0.0,0.022331207990646362
45222.0,0.0,0.017739813774824142
45223.0,0.0,0.056276835501194
45224.0,0.0,0.0014260467141866684
45225.0,0.0,0.003603046527132392
45226.0,0.0,0.02070019766688347
45227.0,0.0,0.02314114384353161
45228.0,0.0,0.4616709053516388
45229.0,0.0,0.030076995491981506
45230.0,0.0,0.025771109387278557
45231.0,0.0,0.0385444350540638
45232.0,0.0,0.02236247807741165
45233.0,0.0,0.025771109387278557
45234.0,0.0,0.024327654391527176
45235.0,0.0,0.024590618908405304
45236.0,0.0,0.025771109387278557
45237.0,0.0,0.02236247807741165
45238.0,0.0,0.02628469653427601
45239.0,0.0,0.02624538727104664
45240.0,0.0,0.024871468544006348
45241.0,0.0,0.02323314920067787
45242.0,0.0,0.42705121636390686
45243.0,0.0,0.014958435669541359
45244.0,0.0,0.025873281061649323
45245.0,0.0,0.024906201288104057
45246.0,0.0,0.027234036475419998
45247.0,0.0,0.0629376545548439
45248.0,1.0,0.017336970195174217
45249.0,0.0,0.024871468544006348
45250.0,0.0,0.018032919615507126
45251.0,1.0,0.06745360046625137
45252.0,0.0,0.02314114384353161
45253.0,0.0,0.025771109387278557
45254.0,0.0,0.027341853827238083
45255.0,0.0,0.02179497294127941
45256.0,0.0,0.025545770302414894
45257.0,0.0,0.024906201288104057
45258.0,1.0,0.05522727221250534
45259.0,0.0,0.024590618908405304
45260.0,1.0,0.4445684850215912
45261.0,0.0,0.018330127000808716
45262.0,0.0,0.8590901494026184
45263.0,0.0,0.001215613097883761
45264.0,0.0,0.025771109387278557
45265.0,0.0,0.025245940312743187
45266.0,0.0,0.0014260467141866684
45267.0,0.0,0.02358420193195343
45268.0,0.0,0.022847406566143036
45269.0,0.0,0.0416160449385643
45270.0,0.0,0.024717602878808975
45271.0,0.0,0.0012720894301310182
45272.0,0.0,0.02207839861512184
45273.0,0.0,0.015086700208485126
45274.0,0.0,0.024871468544006348
45275.0,0.0,0.025771109387278557
45276.0,0.0,0.02306404523551464
45277.0,0.0,0.016435613855719566
45278.0,1.0,0.014743927866220474
45279.0,0.0,0.025873281061649323
45280.0,0.0,0.011426706798374653
45281.0,0.0,0.01575755886733532
45282.0,0.0,0.02445853315293789
45283.0,0.0,0.014743927866220474
45284.0,0.0,0.025005033239722252
45285.0,0.0,0.02445853315293789
45286.0,0.0,0.03950551897287369
45287.0,0.0,0.05817730352282524
45288.0,0.0,0.015202022157609463
45289.0,1.0,0.4158072769641876
45290.0,0.0,0.029936516657471657
45291.0,0.0,0.023677917197346687
45292.0,0.0,0.017378058284521103
45293.0,0.0,0.06722704321146011
45294.0,0.0,0.0185039434581995
45295.0,0.0,0.05983950197696686
45296.0,0.0,0.014743927866220474
45297.0,0.0,0.02660154178738594
45298.0,0.0,0.06297677010297775
45299.0,0.0,0.01685047335922718
45300.0,0.0,0.023853830993175507
45301.0,0.0,0.02314114384353161
45302.0,0.0,0.01506237406283617
45303.0,0.0,0.07157919555902481
45304.0,0.0,0.05955221503973007
45305.0,0.0,0.03634200617671013
45306.0,0.0,0.055597104132175446
45307.0,0.0,0.014243694953620434
45308.0,0.0,0.02481570467352867
45309.0,0.0,0.06081552058458328
45310.0,1.0,0.4476095139980316
45311.0,0.0,0.016225576400756836
45312.0,0.0,0.037795647978782654
45313.0,0.0,0.4185042083263397
45314.0,0.0,0.01629883050918579
45315.0,0.0,0.025771109387278557
45316.0,0.0,0.3517572283744812
45317.0,0.0,0.06329625844955444
45318.0,0.0,0.0014202744932845235
45319.0,1.0,0.06375277787446976
45320.0,0.0,0.003565860213711858
45321.0,0.0,0.0263888631016016
45322.0,0.0,0.0014202744932845235
45323.0,0.0,0.02236247807741165
45324.0,0.0,0.02481570467352867
45325.0,0.0,0.022331207990646362
45326.0,0.0,0.02440434880554676
45327.0,0.0,0.015878908336162567
45328.0,0.0,0.016109652817249298
45329.0,0.0,0.01740630343556404
45330.0,0.0,0.024717602878808975
45331.0,0.0,0.02544485405087471
45332.0,0.0,0.026301685720682144
45333.0,1.0,0.025771109387278557
45334.0,0.0,0.05708349123597145
45335.0,0.0,0.025771109387278557
45336.0,0.0,0.016435613855719566
45337.0,0.0,0.058220189064741135
45338.0,0.0,0.029652222990989685
45339.0,0.0,0.025771109387278557
45340.0,0.0,0.011426706798374653
45341.0,0.0,0.025771109387278557
45342.0,0.0,0.025550583377480507
45343.0,0.0,0.018542252480983734
45344.0,0.0,0.05459403246641159
45345.0,0.0,0.02018212527036667
45346.0,0.0,0.025873281061649323
45347.0,0.0,0.027234036475419998
45348.0,0.0,0.037215910851955414
45349.0,0.0,0.05812613666057587
45350.0,0.0,0.013356479816138744
45351.0,0.0,0.008251653052866459
45352.0,0.0,0.036167774349451065
45353.0,0.0,0.016122156754136086
45354.0,0.0,0.02207839861512184
45355.0,0.0,0.02481570467352867
45356.0,0.0,0.00330717652104795
45357.0,0.0,0.017969094216823578
45358.0,0.0,0.02236247807741165
45359.0,0.0,0.003244467545300722
45360.0,0.0,0.025229530408978462
45361.0,0.0,0.026744144037365913
45362.0,0.0,0.026301685720682144
45363.0,0.0,0.026122327893972397
45364.0,0.0,0.029021726921200752
45365.0,0.0,0.072903111577034
45366.0,0.0,0.014891373924911022
45367.0,0.0,0.027021421119570732
45368.0,0.0,0.024906201288104057
45369.0,0.0,0.024717602878808975
45370.0,0.0,0.014588294550776482
45371.0,0.0,0.024906201288104057
45372.0,0.0,0.0013608243316411972
45373.0,0.0,0.08124562352895737
45374.0,0.0,0.017969094216823578
45375.0,0.0,0.02632135897874832
45376.0,1.0,0.06131014972925186
45377.0,0.0,0.023887183517217636
45378.0,0.0,0.026196282356977463
45379.0,0.0,0.02314114384353161
45380.0,0.0,0.0012720894301310182
45381.0,0.0,0.0012333538616076112
45382.0,0.0,0.0015030310023576021
45383.0,0.0,0.01506237406283617
45384.0,0.0,0.030525844544172287
45385.0,0.0,0.023636609315872192
45386.0,0.0,0.02632135897874832
45387.0,0.0,0.04407826438546181
45388.0,0.0,0.02323314920067787
45389.0,0.0,0.02707771025598049
45390.0,0.0,0.0012283599935472012
45391.0,0.0,0.024906201288104057
45392.0,0.0,0.0244136955589056
45393.0,0.0,0.02814936637878418
45394.0,1.0,0.06325642764568329
45395.0,0.0,0.0350969024002552
45396.0,0.0,0.0013608243316411972
45397.0,0.0,0.024717602878808975
45398.0,0.0,0.017115140333771706
45399.0,1.0,0.40344616770744324
45400.0,0.0,0.011426706798374653
45401.0,0.0,0.025771109387278557
45402.0,0.0,0.017969094216823578
45403.0,0.0,0.014891373924911022
45404.0,0.0,0.013825992122292519
45405.0,0.0,0.0015669619897380471
45406.0,0.0,0.026141773909330368
45407.0,1.0,0.4392189085483551
45408.0,0.0,0.02314114384353161
45409.0,0.0,0.027234036475419998
45410.0,0.0,0.02641528844833374
45411.0,0.0,0.02814936637878418
45412.0,0.0,0.025873281061649323
45413.0,0.0,0.025283005088567734
45414.0,0.0,0.05812613666057587
45415.0,0.0,0.0014672224642708898
45416.0,0.0,0.04095249995589256
45417.0,0.0,0.027777401730418205
45418.0,0.0,0.027234036475419998
45419.0,0.0,0.02398207224905491
45420.0,1.0,0.039917442947626114
45421.0,0.0,0.026744144037365913
45422.0,0.0,0.016674311831593513
45423.0,1.0,0.9959450364112854
45424.0,0.0,0.024906201288104057
45425.0,0.0,0.05454898998141289
45426.0,0.0,0.023636609315872192
45427.0,0.0,0.003643670119345188
45428.0,0.0,0.010159410536289215
45429.0,0.0,0.4442150890827179
45430.0,0.0,0.055439580231904984
45431.0,0.0,0.025771109387278557
45432.0,0.0,0.0014459739904850721
45433.0,0.0,0.029769327491521835
45434.0,0.0,0.05848557502031326
45435.0,0.0,0.018040908500552177
45436.0,1.0,0.05257376283407211
45437.0,0.0,0.025873281061649323
45438.0,0.0,0.039624374359846115
45439.0,0.0,0.028110241517424583
45440.0,0.0,0.015413998626172543
45441.0,0.0,0.0263888631016016
45442.0,0.0,0.03829755261540413
45443.0,0.0,0.02481570467352867
45444.0,1.0,0.02854803204536438
45445.0,0.0,0.02314114384353161
45446.0,0.0,0.02381543442606926
45447.0,0.0,0.015916068106889725
45448.0,0.0,0.01521681435406208
45449.0,0.0,0.02641528844833374
45450.0,0.0,0.04081787168979645
45451.0,0.0,0.0014693202683702111
45452.0,0.0,0.0012999485479667783
45453.0,0.0,0.01722889207303524
45454.0,1.0,0.0273841954767704
45455.0,0.0,0.02314114384353161
45456.0,0.0,0.023887183517217636
45457.0,0.0,0.018040908500552177
45458.0,0.0,0.014743927866220474
45459.0,0.0,0.027341853827238083
45460.0,0.0,0.017969094216823578
45461.0,1.0,0.018489625304937363
45462.0,0.0,0.02663862146437168
45463.0,0.0,0.023887183517217636
45464.0,0.0,0.025771109387278557
45465.0,0.0,0.018461478874087334
45466.0,0.0,0.016097549349069595
45467.0,0.0,0.015041153877973557
45468.0,0.0,0.038782041519880295
45469.0,0.0,0.02440434880554676
45470.0,0.0,0.023636609315872192
45471.0,0.0,0.025771109387278557
45472.0,0.0,0.015878908336162567
45473.0,0.0,0.025245940312743187
45474.0,0.0,0.0019069677218794823
45475.0,0.0,0.0014202744932845235
45476.0,0.0,0.02814936637878418
45477.0,0.0,0.05708349123597145
45478.0,0.0,0.02663862146437168
45479.0,0.0,0.016097549349069595
45480.0,0.0,0.01722889207303524
45481.0,0.0,0.0013770321384072304
45482.0,0.0,0.025771109387278557
45483.0,0.0,0.024871468544006348
45484.0,0.0,0.02061801590025425
45485.0,0.0,0.4392189085483551
45486.0,0.0,0.02440434880554676
45487.0,0.0,0.021167993545532227
45488.0,0.0,0.023853830993175507
45489.0,0.0,0.05282895639538765
45490.0,0.0,0.02591816894710064
45491.0,0.0,0.024871468544006348
45492.0,0.0,0.0014513740316033363
45493.0,0.0,0.015938570722937584
45494.0,1.0,0.02663862146437168
45495.0,0.0,0.02207839861512184
45496.0,0.0,0.004028105642646551
45497.0,0.0,0.023474901914596558
45498.0,0.0,0.024320028722286224
45499.0,0.0,0.025771109387278557
45500.0,0.0,0.039917442947626114
45501.0,0.0,0.025771109387278557
45502.0,0.0,0.017969094216823578
45503.0,0.0,0.015856554731726646
45504.0,0.0,0.0015091396635398269
45505.0,0.0,0.041035208851099014
45506.0,0.0,0.003672660794109106
45507.0,0.0,0.023636609315872192
45508.0,0.0,0.01678997464478016
45509.0,0.0,0.058099646121263504
45510.0,0.0,0.024717602878808975
45511.0,0.0,0.001955691957846284
45512.0,1.0,0.9795899391174316
45513.0,0.0,0.015413998626172543
45514.0,0.0,0.023887183517217636
45515.0,0.0,0.02314114384353161
45516.0,0.0,0.06044430285692215
45517.0,0.0,0.024871468544006348
45518.0,0.0,0.01608697883784771
45519.0,0.0,0.07783752679824829
45520.0,0.0,0.4532330334186554
45521.0,1.0,0.4392189085483551
45522.0,0.0,0.02323314920067787
45523.0,0.0,0.02628469653427601
45524.0,0.0,0.02236247807741165
45525.0,0.0,0.003893982619047165
45526.0,1.0,0.8396892547607422
45527.0,0.0,0.025873281061649323
45528.0,0.0,0.02327995002269745
45529.0,0.0,0.02632135897874832
45530.0,0.0,0.025913292542099953
45531.0,0.0,0.016688881441950798
45532.0,0.0,0.02544485405087471
45533.0,0.0,0.016435613855719566
45534.0,0.0,0.016225576400756836
45535.0,0.0,0.016661789268255234
45536.0,0.0,0.016435613855719566
45537.0,0.0,0.05902445688843727
45538.0,0.0,0.02854803204536438
45539.0,0.0,0.038266249001026154
45540.0,0.0,0.05607227236032486
45541.0,0.0,0.4392189085483551
45542.0,0.0,0.01613527350127697
45543.0,0.0,0.024906201288104057
45544.0,0.0,0.025873281061649323
45545.0,0.0,0.024717602878808975
45546.0,0.0,0.06536997854709625
45547.0,0.0,0.04371431842446327
45548.0,0.0,0.055439580231904984
45549.0,0.0,0.05623804032802582
45550.0,0.0,0.016435613855719566
45551.0,0.0,0.027234036475419998
45552.0,0.0,0.030163714662194252
45553.0,0.0,0.061242375522851944
45554.0,0.0,0.06319379061460495
45555.0,0.0,0.027234036475419998
45556.0,0.0,0.003526357701048255
45557.0,0.0,0.003128680167719722
45558.0,0.0,0.0013140484225004911
45559.0,1.0,0.05817730352282524
45560.0,0.0,0.025771109387278557
45561.0,0.0,0.016863718628883362
45562.0,1.0,0.060269471257925034
45563.0,0.0,0.016766361892223358
45564.0,0.0,0.02236247807741165
45565.0,0.0,0.02601100690662861
45566.0,0.0,0.01574668474495411
45567.0,0.0,0.029848946258425713
45568.0,0.0,0.02207839861512184
45569.0,1.0,0.6040259003639221
45570.0,0.0,0.02632135897874832
45571.0,0.0,0.02624538727104664
45572.0,0.0,0.012085461057722569
45573.0,0.0,0.02588205225765705
45574.0,0.0,0.05795514956116676
45575.0,0.0,0.02663862146437168
45576.0,0.0,0.04475943744182587
45577.0,0.0,0.018040908500552177
45578.0,0.0,0.017969094216823578
45579.0,0.0,0.026425663381814957
45580.0,0.0,0.0014374268939718604
45581.0,0.0,0.024906201288104057
45582.0,0.0,0.0033087374176830053
45583.0,0.0,0.015223466791212559
45584.0,0.0,0.023922305554151535
45585.0,0.0,0.015590906143188477
45586.0,0.0,0.05932007357478142
45587.0,0.0,0.06021404266357422
45588.0,0.0,0.015223466791212559
45589.0,0.0,0.04354483634233475
45590.0,0.0,0.02314114384353161
45591.0,0.0,0.025873281061649323
45592.0,1.0,0.852695107460022
45593.0,0.0,0.024017333984375
45594.0,0.0,0.025873281061649323
45595.0,0.0,0.027234036475419998
45596.0,0.0,0.027234036475419998
45597.0,0.0,0.016435613855719566
45598.0,0.0,0.027234036475419998
45599.0,0.0,0.02357960119843483
45600.0,0.0,0.017969094216823578
45601.0,0.0,0.010952994227409363
45602.0,0.0,0.06536997854709625
45603.0,0.0,0.056776631623506546
45604.0,0.0,0.02663862146437168
45605.0,0.0,0.06302212178707123
45606.0,0.0,0.02632135897874832
45607.0,0.0,0.0014937373343855143
45608.0,0.0,0.02870410867035389
45609.0,0.0,0.016674311831593513
45610.0,0.0,0.024871468544006348
45611.0,0.0,0.017739813774824142
45612.0,0.0,0.4338332414627075
45613.0,0.0,0.02628469653427601
45614.0,0.0,0.023636609315872192
45615.0,0.0,0.016435613855719566
45616.0,0.0,0.02314114384353161
45617.0,0.0,0.024871468544006348
45618.0,1.0,0.4595222473144531
45619.0,0.0,0.024582987651228905
45620.0,0.0,0.058183833956718445
45621.0,0.0,0.016435613855719566
45622.0,0.0,0.02236247807741165
45623.0,0.0,0.03859657794237137
45624.0,0.0,0.0262258630245924
45625.0,0.0,0.0013354358961805701
45626.0,0.0,0.010113470256328583
45627.0,0.0,0.025229530408978462
45628.0,1.0,0.02663862146437168
45629.0,0.0,0.024871468544006348
45630.0,0.0,0.001410050899721682
45631.0,0.0,0.026301685720682144
45632.0,0.0,0.02663862146437168
45633.0,0.0,0.02236247807741165
45634.0,0.0,0.026301685720682144
45635.0,1.0,0.06452606618404388
45636.0,0.0,0.025771109387278557
45637.0,0.0,0.022047515958547592
45638.0,0.0,0.026141773909330368
45639.0,0.0,0.02628469653427601
45640.0,0.0,0.0246882326900959
45641.0,0.0,0.0013770321384072304
45642.0,0.0,0.018215972930192947
45643.0,0.0,0.05834890156984329
45644.0,0.0,0.4532330334186554
45645.0,0.0,0.014891373924911022
45646.0,0.0,0.03458906710147858
45647.0,1.0,0.9750341773033142
45648.0,0.0,0.0036034060176461935
45649.0,0.0,0.016622358933091164
45650.0,0.0,0.01507534645497799
45651.0,0.0,0.06044430285692215
45652.0,0.0,0.02591816894710064
45653.0,0.0,0.025771109387278557
45654.0,0.0,0.024970166385173798
45655.0,0.0,0.02314114384353161
45656.0,1.0,0.4169096350669861
45657.0,0.0,0.0013462231727316976
45658.0,0.0,0.0014502613339573145
45659.0,0.0,0.016097549349069595
45660.0,1.0,0.4392189085483551
45661.0,0.0,0.02465379238128662
45662.0,0.0,0.02445853315293789
45663.0,0.0,0.0262258630245924
45664.0,0.0,0.0032775981817394495
45665.0,0.0,0.02526475116610527
45666.0,0.0,0.02236247807741165
45667.0,0.0,0.032340940088033676
45668.0,0.0,0.02544485405087471
45669.0,0.0,0.02314114384353161
45670.0,0.0,0.04260427877306938
45671.0,0.0,0.07862867414951324
45672.0,0.0,0.025550583377480507
45673.0,0.0,0.06139259412884712
45674.0,0.0,0.027234036475419998
45675.0,0.0,0.025005033239722252
45676.0,0.0,0.010200626216828823
45677.0,0.0,0.02314114384353161
45678.0,0.0,0.024717602878808975
45679.0,0.0,0.4392189085483551
45680.0,0.0,0.014743927866220474
45681.0,0.0,0.42550188302993774
45682.0,0.0,0.015355028212070465
45683.0,0.0,0.02544485405087471
45684.0,0.0,0.016435613855719566
45685.0,0.0,0.042148660868406296
45686.0,1.0,0.4205317497253418
45687.0,0.0,0.36442863941192627
45688.0,0.0,0.03976979851722717
45689.0,0.0,0.05787777155637741
45690.0,0.0,0.01722889207303524
45691.0,0.0,0.03829755261540413
45692.0,0.0,0.4316074550151825
45693.0,0.0,0.018215972930192947
45694.0,0.0,0.43061134219169617
45695.0,1.0,0.4476095139980316
45696.0,0.0,0.02426704578101635
45697.0,0.0,0.061310164630413055
45698.0,0.0,0.014743927866220474
45699.0,0.0,0.025771109387278557
45700.0,0.0,0.025810956954956055
45701.0,0.0,0.0013694989029318094
45702.0,0.0,0.017969094216823578
45703.0,0.0,0.009604624472558498
45704.0,1.0,0.02854803204536438
45705.0,0.0,0.06100006029009819
45706.0,0.0,0.02544485405087471
45707.0,0.0,0.015355028212070465
45708.0,0.0,0.017008891329169273
45709.0,0.0,0.023853830993175507
45710.0,0.0,0.01562632992863655
45711.0,0.0,0.030025148764252663
45712.0,0.0,0.025771109387278557
45713.0,0.0,0.4445684850215912
45714.0,0.0,0.017969094216823578
45715.0,1.0,0.01574668474495411
45716.0,0.0,0.026122327893972397
45717.0,0.0,0.014891373924911022
45718.0,0.0,0.02361888997256756
45719.0,0.0,0.011426706798374653
45720.0,0.0,0.02734609693288803
45721.0,0.0,0.013648834079504013
45722.0,0.0,0.013825992122292519
45723.0,0.0,0.017997104674577713
45724.0,0.0,0.33927401900291443
45725.0,0.0,0.025283005088567734
45726.0,0.0,0.024906201288104057
45727.0,0.0,0.02502305433154106
45728.0,0.0,0.025771109387278557
45729.0,0.0,0.03634200617671013
45730.0,0.0,0.02663862146437168
45731.0,0.0,0.014124889858067036
45732.0,0.0,0.027234036475419998
45733.0,0.0,0.024906201288104057
45734.0,0.0,0.01678481325507164
45735.0,0.0,0.025771109387278557
45736.0,0.0,0.017969094216823578
45737.0,1.0,0.44021958112716675
45738.0,0.0,0.05607227236032486
45739.0,0.0,0.0036574408877640963
45740.0,0.0,0.0012283599935472012
45741.0,0.0,0.029283806681632996
45742.0,0.0,0.017969094216823578
45743.0,0.0,0.014680053107440472
45744.0,0.0,0.027234036475419998
45745.0,0.0,0.017115604132413864
45746.0,0.0,0.02475586347281933
45747.0,0.0,0.025810956954956055
45748.0,0.0,0.028187638148665428
45749.0,0.0,0.024717602878808975
45750.0,0.0,0.01575755886733532
45751.0,0.0,0.015413998626172543
45752.0,0.0,0.23531191051006317
45753.0,0.0,0.023887183517217636
45754.0,0.0,0.46526992321014404
45755.0,0.0,0.06131014972925186
45756.0,0.0,0.024717602878808975
45757.0,0.0,0.0013160249218344688
45758.0,0.0,0.0014401210937649012
45759.0,0.0,0.01158476434648037
45760.0,0.0,0.0012283599935472012
45761.0,0.0,0.016994355246424675
45762.0,0.0,0.015856554731726646
45763.0,0.0,0.003680066205561161
45764.0,0.0,0.02440434880554676
45765.0,0.0,0.02207839861512184
45766.0,0.0,0.023780781775712967
45767.0,0.0,0.0014412200544029474
45768.0,0.0,0.01506237406283617
45769.0,0.0,0.027892906218767166
45770.0,0.0,0.01575755886733532
45771.0,0.0,0.43704754114151
45772.0,0.0,0.0013694989029318094
45773.0,0.0,0.01899777166545391
45774.0,0.0,0.06198906525969505
45775.0,0.0,0.014891373924911022
45776.0,0.0,0.027234036475419998
45777.0,0.0,0.022847406566143036
45778.0,1.0,0.9751328825950623
45779.0,0.0,0.02481570467352867
45780.0,0.0,0.017969094216823578
45781.0,0.0,0.015096615068614483
45782.0,0.0,0.01722889207303524
45783.0,0.0,0.023853830993175507
45784.0,0.0,0.02236247807741165
45785.0,0.0,0.025310751050710678
45786.0,0.0,0.0014401210937649012
45787.0,0.0,0.06509760767221451
45788.0,0.0,0.017969094216823578
45789.0,1.0,0.5853023529052734
45790.0,0.0,0.025283005088567734
45791.0,0.0,0.024906201288104057
45792.0,0.0,0.0012124227359890938
45793.0,0.0,0.024871468544006348
45794.0,0.0,0.016661789268255234
45795.0,0.0,0.025771109387278557
45796.0,0.0,0.022331207990646362
45797.0,0.0,0.055439580231904984
45798.0,0.0,0.014777462929487228
45799.0,1.0,0.4360010325908661
45800.0,0.0,0.014743927866220474
45801.0,0.0,0.019941624253988266
45802.0,0.0,0.026265054941177368
45803.0,0.0,0.0013516949256882071
45804.0,0.0,0.023888908326625824
45805.0,0.0,0.016122156754136086
45806.0,0.0,0.02681986428797245
45807.0,0.0,0.05638376995921135
45808.0,0.0,0.016122156754136086
45809.0,0.0,0.02236247807741165
45810.0,0.0,0.024906201288104057
45811.0,0.0,0.041035208851099014
45812.0,0.0,0.025771109387278557
45813.0,0.0,0.0246882326900959
45814.0,0.0,0.024590618908405304
45815.0,0.0,0.05708349123597145
45816.0,0.0,0.009799270890653133
45817.0,0.0,0.01629883050918579
45818.0,0.0,0.024555636569857597
45819.0,0.0,0.02465379238128662
45820.0,0.0,0.0375516377389431
45821.0,0.0,0.001310010440647602
45822.0,0.0,0.025771109387278557
45823.0,0.0,0.024906201288104057
45824.0,0.0,0.02544485405087471
45825.0,0.0,0.004166388884186745
45826.0,0.0,0.017969094216823578
45827.0,0.0,0.025073513388633728
45828.0,0.0,0.001437790342606604
45829.0,0.0,0.02236247807741165
45830.0,1.0,0.05279656499624252
45831.0,0.0,0.02465379238128662
45832.0,0.0,0.05937730893492699
45833.0,0.0,0.01722889207303524
45834.0,0.0,0.025771109387278557
45835.0,0.0,0.0013181109679862857
45836.0,0.0,0.03950551897287369
45837.0,0.0,0.0007870682748034596
45838.0,0.0,0.027341853827238083
45839.0,0.0,0.023730525746941566
45840.0,0.0,0.024717602878808975
45841.0,0.0,0.05730250105261803
45842.0,0.0,0.015041153877973557
45843.0,0.0,0.06154433637857437
45844.0,0.0,0.025771109387278557
45845.0,0.0,0.017969094216823578
45846.0,0.0,0.05915085971355438
45847.0,0.0,0.023887183517217636
45848.0,0.0,0.014992437325417995
45849.0,0.0,0.016435613855719566
45850.0,0.0,0.024717602878808975
45851.0,0.0,0.023887183517217636
45852.0,0.0,0.02632135897874832
45853.0,0.0,0.060462068766355515
45854.0,0.0,0.0012720894301310182
45855.0,0.0,0.025771109387278557
45856.0,0.0,0.02314114384353161
45857.0,0.0,0.05525912344455719
45858.0,0.0,0.022451452910900116
45859.0,0.0,0.027879901230335236
45860.0,0.0,0.02663862146437168
45861.0,0.0,0.02481570467352867
45862.0,0.0,0.05708349123597145
45863.0,0.0,0.01899777166545391
45864.0,0.0,0.017969094216823578
45865.0,0.0,0.02323314920067787
45866.0,0.0,0.015413998626172543
45867.0,0.0,0.02207839861512184
45868.0,1.0,0.48198366165161133
45869.0,0.0,0.025945642963051796
45870.0,0.0,0.32667824625968933
45871.0,0.0,0.025771109387278557
45872.0,0.0,0.024906201288104057
45873.0,0.0,0.02697308547794819
45874.0,0.0,0.02323314920067787
45875.0,0.0,0.027021421119570732
45876.0,0.0,0.030163714662194252
45877.0,0.0,0.031328391283750534
45878.0,0.0,0.023887183517217636
45879.0,0.0,0.0013663552235811949
45880.0,1.0,0.9797026515007019
45881.0,0.0,0.015878908336162567
45882.0,0.0,0.06175331398844719
45883.0,0.0,0.003825268242508173
45884.0,0.0,0.024906201288104057
45885.0,0.0,0.0013140484225004911
45886.0,0.0,0.024970166385173798
45887.0,0.0,0.025771109387278557
45888.0,0.0,0.07039401680231094
45889.0,0.0,0.05812613666057587
45890.0,0.0,0.018215972930192947
45891.0,0.0,0.0014018514193594456
45892.0,0.0,0.015590906143188477
45893.0,0.0,0.025771109387278557
45894.0,0.0,0.0273841954767704
45895.0,0.0,0.023887183517217636
45896.0,0.0,0.014223608188331127
45897.0,0.0,0.025873281061649323
45898.0,0.0,0.016435613855719566
45899.0,0.0,0.02628469653427601
45900.0,0.0,0.03889988735318184
45901.0,0.0,0.02360360138118267
45902.0,0.0,0.027234036475419998
45903.0,0.0,0.02358420193195343
45904.0,0.0,0.023636609315872192
45905.0,0.0,0.01574668474495411
45906.0,0.0,0.02445853315293789
45907.0,0.0,0.01707693375647068
45908.0,0.0,0.025810956954956055
45909.0,0.0,0.024906201288104057
45910.0,0.0,0.01521681435406208
45911.0,0.0,0.014243694953620434
45912.0,0.0,0.04174934700131416
45913.0,0.0,0.025873281061649323
45914.0,0.0,0.05708349123597145
45915.0,0.0,0.014276108704507351
45916.0,0.0,0.011426706798374653
45917.0,0.0,0.024906201288104057
45918.0,0.0,0.4392189085483551
45919.0,0.0,0.0392918735742569
45920.0,0.0,0.05795514956116676
45921.0,0.0,0.024906201288104057
45922.0,0.0,0.023922305554151535
45923.0,0.0,0.016293639317154884
45924.0,0.0,0.03893374651670456
45925.0,0.0,0.0016190684400498867
45926.0,0.0,0.024233181029558182
45927.0,0.0,0.02826070226728916
45928.0,0.0,0.015724515542387962
45929.0,0.0,0.025771109387278557
45930.0,0.0,0.1365468055009842
45931.0,0.0,0.03490782901644707
45932.0,0.0,0.030646273866295815
45933.0,0.0,0.05708349123597145
45934.0,0.0,0.030163714662194252
45935.0,0.0,0.02632135897874832
45936.0,0.0,0.4037907123565674
45937.0,0.0,0.0013694989029318094
45938.0,0.0,0.017739813774824142
45939.0,1.0,0.9962627291679382
45940.0,0.0,0.024590618908405304
45941.0,0.0,0.016270712018013
45942.0,1.0,0.016435613855719566
45943.0,0.0,0.05730250105261803
45944.0,0.0,0.02465379238128662
45945.0,0.0,0.42550188302993774
45946.0,0.0,0.41751599311828613
45947.0,0.0,0.027021421119570732
45948.0,0.0,0.025245940312743187
45949.0,0.0,0.023853830993175507
45950.0,0.0,0.023730525746941566
45951.0,0.0,0.003244467545300722
45952.0,0.0,0.0014202744932845235
45953.0,0.0,0.42605772614479065
45954.0,0.0,0.03859657794237137
45955.0,0.0,0.025771109387278557
45956.0,1.0,0.8353279232978821
45957.0,0.0,0.027341853827238083
45958.0,0.0,0.34018510580062866
45959.0,1.0,0.017969094216823578
45960.0,0.0,0.01575755886733532
45961.0,0.0,0.026141773909330368
45962.0,0.0,0.05708349123597145
45963.0,0.0,0.017969094216823578
45964.0,0.0,0.002590762684121728
45965.0,0.0,0.02544485405087471
45966.0,0.0,0.019073618575930595
45967.0,0.0,0.003421159228309989
45968.0,0.0,0.010952994227409363
45969.0,0.0,0.027234036475419998
45970.0,0.0,0.02854803204536438
45971.0,0.0,0.024590618908405304
45972.0,0.0,0.02660154178738594
45973.0,0.0,0.027234036475419998
45974.0,0.0,0.01899777166545391
45975.0,0.0,0.02440434880554676
45976.0,0.0,0.017969094216823578
45977.0,0.0,0.025771109387278557
45978.0,0.0,0.025550583377480507
45979.0,0.0,0.025005033239722252
45980.0,0.0,0.025771109387278557
45981.0,0.0,0.04139940068125725
45982.0,0.0,0.015856554731726646
45983.0,0.0,0.05708349123597145
45984.0,0.0,0.04475943744182587
45985.0,0.0,0.037240318953990936
45986.0,0.0,0.02361888997256756
45987.0,0.0,0.02628469653427601
45988.0,0.0,0.023922305554151535
45989.0,0.0,0.4366953670978546
45990.0,0.0,0.029535578563809395
45991.0,0.0,0.014588294550776482
45992.0,0.0,0.040342818945646286
45993.0,0.0,0.0013160249218344688
45994.0,0.0,0.017969094216823578
45995.0,0.0,0.014276108704507351
45996.0,0.0,0.023853830993175507
45997.0,0.0,0.02381543442606926
45998.0,0.0,0.01729780063033104
45999.0,0.0,0.016435613855719566
46000.0,0.0,0.015878908336162567
46001.0,0.0,0.017094489187002182
46002.0,0.0,0.003244467545300722
46003.0,0.0,0.026425663381814957
46004.0,0.0,0.03752155229449272
46005.0,0.0,0.027341853827238083
46006.0,1.0,0.47821998596191406
46007.0,0.0,0.0246882326900959
46008.0,0.0,0.05003541335463524
46009.0,0.0,0.41393017768859863
46010.0,0.0,0.058941278606653214
46011.0,0.0,0.02710825391113758
46012.0,1.0,0.8444064259529114
46013.0,0.0,0.021167993545532227
46014.0,0.0,0.0012720894301310182
46015.0,0.0,0.4445684850215912
46016.0,0.0,0.027341853827238083
46017.0,0.0,0.05787777155637741
46018.0,0.0,0.023636609315872192
46019.0,0.0,0.017968246713280678
46020.0,1.0,0.4532330334186554
46021.0,0.0,0.0597548745572567
46022.0,0.0,0.025545770302414894
46023.0,0.0,0.022685261443257332
46024.0,0.0,0.020494671538472176
46025.0,0.0,0.025771109387278557
46026.0,0.0,0.45423975586891174
46027.0,0.0,0.0014401210937649012
46028.0,0.0,0.02481570467352867
46029.0,0.0,0.02398207224905491
46030.0,0.0,0.0378306545317173
46031.0,0.0,0.05444533750414848
46032.0,0.0,0.01506237406283617
46033.0,1.0,0.4532330334186554
46034.0,0.0,0.02544485405087471
46035.0,0.0,0.025005033239722252
46036.0,0.0,0.06375277787446976
46037.0,0.0,0.024590618908405304
46038.0,0.0,0.024906201288104057
46039.0,0.0,0.030670104548335075
46040.0,0.0,0.016994355246424675
46041.0,0.0,0.027001334354281425
46042.0,0.0,0.0017958242679014802
46043.0,0.0,0.027234036475419998
46044.0,0.0,0.01899777166545391
46045.0,0.0,0.017378058284521103
46046.0,0.0,0.02663862146437168
46047.0,0.0,0.0033106503542512655
46048.0,0.0,0.0246882326900959
46049.0,0.0,0.02481570467352867
46050.0,0.0,0.014743927866220474
46051.0,0.0,0.02236247807741165
46052.0,0.0,0.06966039538383484
46053.0,0.0,0.024906201288104057
46054.0,0.0,0.011426706798374653
46055.0,0.0,0.025771109387278557
46056.0,0.0,0.05085766315460205
46057.0,1.0,0.06615528464317322
46058.0,0.0,0.02323314920067787
46059.0,0.0,0.022938264533877373
46060.0,0.0,0.025771109387278557
46061.0,0.0,0.02323314920067787
46062.0,0.0,0.0008638596627861261
46063.0,0.0,0.026744144037365913
46064.0,1.0,0.4287012219429016
46065.0,0.0,0.011426706798374653
46066.0,0.0,0.025346089154481888
46067.0,0.0,0.03865246847271919
46068.0,0.0,0.024556316435337067
46069.0,0.0,0.06344211101531982
46070.0,0.0,0.020982040092349052
46071.0,0.0,0.04243891313672066
46072.0,0.0,0.02236247807741165
46073.0,0.0,0.015590906143188477
46074.0,0.0,0.0013714581727981567
46075.0,0.0,0.025550583377480507
46076.0,0.0,0.025771109387278557
46077.0,0.0,0.024906201288104057
46078.0,0.0,0.06056196615099907
46079.0,0.0,0.01899777166545391
46080.0,0.0,0.01574668474495411
46081.0,1.0,0.020731663331389427
46082.0,0.0,0.024123454466462135
46083.0,0.0,0.03646305575966835
46084.0,0.0,0.027234036475419998
46085.0,0.0,0.05317511782050133
46086.0,0.0,0.02513364516198635
46087.0,0.0,0.013825992122292519
46088.0,0.0,0.04326498880982399
46089.0,1.0,0.06302212178707123
46090.0,0.0,0.014243694953620434
46091.0,0.0,0.02632135897874832
46092.0,0.0,0.02314114384353161
46093.0,0.0,0.023853830993175507
46094.0,0.0,0.010429217480123043
46095.0,0.0,0.47445109486579895
46096.0,0.0,0.026141773909330368
46097.0,0.0,0.02632135897874832
46098.0,0.0,0.0031689931638538837
46099.0,0.0,0.022451452910900116
46100.0,0.0,0.017378058284521103
46101.0,0.0,0.0229489766061306
46102.0,0.0,0.0012555853463709354
46103.0,0.0,0.04565148428082466
46104.0,0.0,0.01133112795650959
46105.0,0.0,0.0014018514193594456
46106.0,0.0,0.03683403134346008
46107.0,0.0,0.024501239880919456
46108.0,0.0,0.016435613855719566
46109.0,0.0,0.016293639317154884
46110.0,0.0,0.03744565322995186
46111.0,0.0,0.017969094216823578
46112.0,0.0,0.025771109387278557
46113.0,0.0,0.013648834079504013
46114.0,0.0,0.025771109387278557
46115.0,0.0,0.017816275358200073
46116.0,0.0,0.029652222990989685
46117.0,0.0,0.0013462231727316976
46118.0,0.0,0.024906201288104057
46119.0,0.0,0.014124889858067036
46120.0,0.0,0.02663862146437168
46121.0,0.0,0.013356479816138744
46122.0,0.0,0.027234036475419998
46123.0,0.0,0.02663862146437168
46124.0,0.0,0.041395772248506546
46125.0,0.0,0.017969094216823578
46126.0,0.0,0.44283321499824524
46127.0,0.0,0.056692253798246384
46128.0,0.0,0.02358420193195343
46129.0,0.0,0.015734784305095673
46130.0,0.0,0.025245940312743187
46131.0,0.0,0.02236247807741165
46132.0,0.0,0.01565380021929741
46133.0,0.0,0.03859657794237137
46134.0,0.0,0.0013714581727981567
46135.0,0.0,0.003305581631138921
46136.0,0.0,0.026963751763105392
46137.0,0.0,0.022331207990646362
46138.0,0.0,0.018215972930192947
46139.0,0.0,0.024717602878808975
46140.0,0.0,0.43704754114151
46141.0,1.0,0.8057058453559875
46142.0,0.0,0.025771109387278557
46143.0,0.0,0.013825992122292519
46144.0,0.0,0.035611413419246674
46145.0,0.0,0.022847406566143036
46146.0,0.0,0.029936516657471657
46147.0,1.0,0.4166153073310852
46148.0,0.0,0.02355126105248928
46149.0,0.0,0.024871468544006348
46150.0,0.0,0.01646127924323082
46151.0,0.0,0.0019305365858599544
46152.0,0.0,0.0262258630245924
46153.0,0.0,0.0013808943331241608
46154.0,0.0,0.06326238811016083
46155.0,0.0,0.024556316435337067
46156.0,0.0,0.015096615068614483
46157.0,0.0,0.025873281061649323
46158.0,0.0,0.026122327893972397
46159.0,0.0,0.025245940312743187
46160.0,0.0,0.0019099721685051918
46161.0,0.0,0.027234036475419998
46162.0,0.0,0.0016755778342485428
46163.0,0.0,0.024906201288104057
46164.0,0.0,0.015096615068614483
46165.0,0.0,0.025073513388633728
46166.0,0.0,0.010952994227409363
46167.0,0.0,0.02641528844833374
46168.0,0.0,0.05454898998141289
46169.0,0.0,0.02236247807741165
46170.0,0.0,0.021417561918497086
46171.0,0.0,0.014463476836681366
46172.0,0.0,0.025771109387278557
46173.0,0.0,0.027234036475419998
46174.0,0.0,0.02445853315293789
46175.0,0.0,0.011022149585187435
46176.0,0.0,0.0013140484225004911
46177.0,0.0,0.024970166385173798
46178.0,0.0,0.018330127000808716
46179.0,0.0,0.02526475116610527
46180.0,0.0,0.011279945261776447
46181.0,0.0,0.056597571820020676
46182.0,0.0,0.02532961592078209
46183.0,0.0,0.025771109387278557
46184.0,0.0,0.016435613855719566
46185.0,0.0,0.4122503101825714
46186.0,0.0,0.024556316435337067
46187.0,0.0,0.01314462535083294
46188.0,0.0,0.016435613855719566
46189.0,0.0,0.016435613855719566
46190.0,0.0,0.024717602878808975
46191.0,0.0,0.01704694889485836
46192.0,0.0,0.016674311831593513
46193.0,0.0,0.015903720632195473
46194.0,0.0,0.027424313127994537
46195.0,0.0,0.02445853315293789
46196.0,0.0,0.01955374702811241
46197.0,1.0,0.9291875958442688
46198.0,0.0,0.02314114384353161
46199.0,0.0,0.024970166385173798
46200.0,0.0,0.027341853827238083
46201.0,0.0,0.013185258023440838
46202.0,0.0,0.026744144037365913
46203.0,0.0,0.012085461057722569
46204.0,0.0,0.0014693202683702111
46205.0,0.0,0.02236247807741165
46206.0,0.0,0.025073513388633728
46207.0,0.0,0.4486140012741089
46208.0,0.0,0.0262258630245924
46209.0,0.0,0.06131014972925186
46210.0,0.0,0.02314114384353161
46211.0,0.0,0.022847406566143036
46212.0,0.0,0.023888908326625824
46213.0,0.0,0.05582575500011444
46214.0,0.0,0.027234036475419998
46215.0,0.0,0.0013462231727316976
46216.0,0.0,0.03865246847271919
46217.0,0.0,0.025771109387278557
46218.0,0.0,0.03858567029237747
46219.0,0.0,0.025873281061649323
46220.0,0.0,0.01899777166545391
46221.0,0.0,0.05496212840080261
46222.0,0.0,0.018040908500552177
46223.0,0.0,0.026301685720682144
46224.0,0.0,0.0013770321384072304
46225.0,0.0,0.017378058284521103
46226.0,0.0,0.05826232582330704
46227.0,0.0,0.015856554731726646
46228.0,0.0,0.06511613726615906
46229.0,0.0,0.026301685720682144
46230.0,0.0,0.0013608243316411972
46231.0,0.0,0.023888908326625824
46232.0,0.0,0.02632135897874832
46233.0,0.0,0.024717602878808975
46234.0,0.0,0.025873281061649323
46235.0,0.0,0.024970166385173798
46236.0,0.0,0.06536997854709625
46237.0,0.0,0.024906201288104057
46238.0,0.0,0.024906201288104057
46239.0,0.0,0.0014513740316033363
46240.0,0.0,0.05983950197696686
46241.0,0.0,0.0014078195672482252
46242.0,0.0,0.02663862146437168
46243.0,0.0,0.02445853315293789
46244.0,0.0,0.025873281061649323
46245.0,0.0,0.06512225419282913
46246.0,0.0,0.02070019766688347
46247.0,0.0,0.02532712183892727
46248.0,0.0,0.024717602878808975
46249.0,0.0,0.024556316435337067
46250.0,0.0,0.010713044553995132
46251.0,0.0,0.015225790441036224
46252.0,0.0,0.014678625389933586
46253.0,0.0,0.022451452910900116
46254.0,1.0,0.9771726727485657
46255.0,0.0,0.4453819990158081
46256.0,0.0,0.013356479816138744
46257.0,0.0,0.025873281061649323
46258.0,0.0,0.03889988735318184
46259.0,0.0,0.014891373924911022
46260.0,0.0,0.3513956665992737
46261.0,0.0,0.05860500782728195
46262.0,0.0,0.024970166385173798
46263.0,1.0,0.02236247807741165
46264.0,0.0,0.02453019469976425
46265.0,0.0,0.015423089265823364
46266.0,0.0,0.02544485405087471
46267.0,0.0,0.0012720894301310182
46268.0,0.0,0.014958435669541359
46269.0,0.0,0.014243694953620434
46270.0,0.0,0.015202022157609463
46271.0,0.0,0.024871468544006348
46272.0,0.0,0.016435613855719566
46273.0,0.0,0.0013140484225004911
46274.0,0.0,0.025771109387278557
46275.0,0.0,0.029050325974822044
46276.0,0.0,0.02632135897874832
46277.0,0.0,0.05708349123597145
46278.0,0.0,0.01722889207303524
46279.0,0.0,0.024970166385173798
46280.0,1.0,0.4047689437866211
46281.0,0.0,0.02358420193195343
46282.0,0.0,0.025771109387278557
46283.0,0.0,0.016529247164726257
46284.0,0.0,0.01899777166545391
46285.0,0.0,0.003855479182675481
46286.0,0.0,0.05826232582330704
46287.0,0.0,0.014891373924911022
46288.0,0.0,0.4510480761528015
46289.0,0.0,0.027234036475419998
46290.0,0.0,0.02632135897874832
46291.0,0.0,0.025771109387278557
46292.0,0.0,0.010245205834507942
46293.0,0.0,0.024590618908405304
46294.0,0.0,0.05522727221250534
46295.0,0.0,0.015097708441317081
46296.0,0.0,0.01704694889485836
46297.0,0.0,0.01081225648522377
46298.0,1.0,0.05812613666057587
46299.0,0.0,0.02632135897874832
46300.0,0.0,0.028508367016911507
46301.0,0.0,0.022938264533877373
46302.0,0.0,0.02314114384353161
46303.0,0.0,0.027234036475419998
46304.0,0.0,0.02544485405087471
46305.0,0.0,0.0013042321661487222
46306.0,0.0,0.02663702517747879
46307.0,0.0,0.029535578563809395
46308.0,0.0,0.039906181395053864
46309.0,0.0,0.02663862146437168
46310.0,0.0,0.02632135897874832
46311.0,0.0,0.021613730117678642
46312.0,0.0,0.02314114384353161
46313.0,0.0,0.8429819941520691
46314.0,0.0,0.027341853827238083
46315.0,0.0,0.017228078097105026
46316.0,0.0,0.026425663381814957
46317.0,0.0,0.02814936637878418
46318.0,0.0,0.07140080630779266
46319.0,0.0,0.04667496308684349
46320.0,1.0,0.4510480761528015
46321.0,0.0,0.054085057228803635
46322.0,0.0,0.023585906252264977
46323.0,0.0,0.02440434880554676
46324.0,0.0,0.02628469653427601
46325.0,0.0,0.011022149585187435
46326.0,0.0,0.011426706798374653
46327.0,0.0,0.06536997854709625
46328.0,0.0,0.025771109387278557
46329.0,0.0,0.025642139837145805
46330.0,0.0,0.010713044553995132
46331.0,0.0,0.05538422241806984
46332.0,0.0,0.025771109387278557
46333.0,0.0,0.3874518871307373
46334.0,0.0,0.0014572733780369163
46335.0,1.0,0.4392189085483551
46336.0,0.0,0.02507074922323227
46337.0,0.0,0.02445853315293789
46338.0,0.0,0.01886281929910183
46339.0,0.0,0.08049488067626953
46340.0,0.0,0.028024164959788322
46341.0,0.0,0.026405904442071915
46342.0,0.0,0.029163094237446785
46343.0,0.0,0.026301685720682144
46344.0,0.0,0.025005033239722252
46345.0,1.0,0.061310164630413055
46346.0,1.0,0.9807811975479126
46347.0,0.0,0.02880682796239853
46348.0,0.0,0.0012555853463709354
46349.0,1.0,0.025771109387278557
46350.0,0.0,0.025651903823018074
46351.0,0.0,0.011426706798374653
46352.0,0.0,0.025383293628692627
46353.0,0.0,0.0014260467141866684
46354.0,0.0,0.038782041519880295
46355.0,0.0,0.02632135897874832
46356.0,0.0,0.025771109387278557
46357.0,1.0,0.7023019790649414
46358.0,1.0,0.05698017776012421
46359.0,0.0,0.024590618908405304
46360.0,0.0,0.016435613855719566
46361.0,0.0,0.023922305554151535
46362.0,0.0,0.04475943744182587
46363.0,0.0,0.02544485405087471
46364.0,0.0,0.02653190866112709
46365.0,0.0,0.022331207990646362
46366.0,0.0,0.026122327893972397
46367.0,0.0,0.025771109387278557
46368.0,0.0,0.015878908336162567
46369.0,1.0,0.02445853315293789
46370.0,0.0,0.02521074190735817
46371.0,0.0,0.027234036475419998
46372.0,0.0,0.023887183517217636
46373.0,0.0,0.016122156754136086
46374.0,0.0,0.02358420193195343
46375.0,0.0,0.05637425184249878
46376.0,0.0,0.027234036475419998
46377.0,0.0,0.014777462929487228
46378.0,0.0,0.024590618908405304
46379.0,0.0,0.0014693202683702111
46380.0,0.0,0.023887183517217636
46381.0,0.0,0.0014202744932845235
46382.0,0.0,0.06044379249215126
46383.0,0.0,0.040762387216091156
46384.0,0.0,0.0013367063365876675
46385.0,0.0,0.02314114384353161
46386.0,0.0,0.05817730352282524
46387.0,0.0,0.06456372141838074
46388.0,0.0,0.022331207990646362
46389.0,0.0,0.024906201288104057
46390.0,0.0,0.02236247807741165
46391.0,0.0,0.016766361892223358
46392.0,0.0,0.016435613855719566
46393.0,0.0,0.05812613666057587
46394.0,0.0,0.015878908336162567
46395.0,0.0,0.025283005088567734
46396.0,0.0,0.025873281061649323
46397.0,0.0,0.02314114384353161
46398.0,0.0,0.03683403134346008
46399.0,1.0,0.3335471451282501
46400.0,0.0,0.02663862146437168
46401.0,0.0,0.026141773909330368
46402.0,0.0,0.014743927866220474
46403.0,0.0,0.026814289391040802
46404.0,0.0,0.02358420193195343
46405.0,0.0,0.05447521060705185
46406.0,0.0,0.02481570467352867
46407.0,0.0,0.3513956665992737
46408.0,0.0,0.024871468544006348
46409.0,0.0,0.023697391152381897
46410.0,0.0,0.042351193726062775
46411.0,0.0,0.02381543442606926
46412.0,0.0,0.03634200617671013
46413.0,1.0,0.025771109387278557
46414.0,0.0,0.016122156754136086
46415.0,0.0,0.02360360138118267
46416.0,0.0,0.01618671976029873
46417.0,0.0,0.01618671976029873
46418.0,0.0,0.025771109387278557
46419.0,0.0,0.026425663381814957
46420.0,0.0,0.02526475116610527
46421.0,0.0,0.016298197209835052
46422.0,0.0,0.025771109387278557
46423.0,0.0,0.0013694989029318094
46424.0,0.0,0.041035208851099014
46425.0,0.0,0.01562632992863655
46426.0,0.0,0.4455717206001282
46427.0,0.0,0.0014018514193594456
46428.0,0.0,0.03880128636956215
46429.0,0.0,0.05085628107190132
46430.0,0.0,0.02314114384353161
46431.0,0.0,0.024960659444332123
46432.0,1.0,0.4360010325908661
46433.0,0.0,0.05522727221250534
46434.0,0.0,0.43061134219169617
46435.0,0.0,0.011426706798374653
46436.0,0.0,0.017739813774824142
46437.0,0.0,0.02663862146437168
46438.0,0.0,0.02236247807741165
46439.0,0.0,0.024906201288104057
46440.0,0.0,0.0013140484225004911
46441.0,0.0,0.03933228552341461
46442.0,0.0,0.024717602878808975
46443.0,0.0,0.022365860641002655
46444.0,0.0,0.4532330334186554
46445.0,0.0,0.06113040819764137
46446.0,0.0,0.027234036475419998
46447.0,0.0,0.0012999485479667783
46448.0,0.0,0.0636674016714096
46449.0,0.0,0.024123454466462135
46450.0,0.0,0.0012720894301310182
46451.0,0.0,0.0014401210937649012
46452.0,0.0,0.062166977673769
46453.0,1.0,0.48198366165161133
46454.0,0.0,0.023474901914596558
46455.0,0.0,0.039598796516656876
46456.0,0.0,0.02314114384353161
46457.0,1.0,0.4090858995914459
46458.0,0.0,0.017969094216823578
46459.0,0.0,0.026425663381814957
46460.0,0.0,0.02660154178738594
46461.0,0.0,0.020962970331311226
46462.0,0.0,0.017969094216823578
46463.0,0.0,0.016435613855719566
46464.0,0.0,0.023887183517217636
46465.0,0.0,0.024555636569857597
46466.0,0.0,0.4445684850215912
46467.0,0.0,0.02632135897874832
46468.0,0.0,0.0013663552235811949
46469.0,0.0,0.02314114384353161
46470.0,0.0,0.027128420770168304
46471.0,0.0,0.026122327893972397
46472.0,0.0,0.025545770302414894
46473.0,0.0,0.01575755886733532
46474.0,0.0,0.056614238768815994
46475.0,0.0,0.015355028212070465
46476.0,0.0,0.013791310600936413
46477.0,0.0,0.01867956854403019
46478.0,1.0,0.42740845680236816
46479.0,0.0,0.0597548745572567
46480.0,0.0,0.05915085971355438
46481.0,0.0,0.014621013775467873
46482.0,0.0,0.015413998626172543
46483.0,0.0,0.024871468544006348
46484.0,0.0,0.0013714581727981567
46485.0,0.0,0.016435613855719566
46486.0,0.0,0.024871468544006348
46487.0,0.0,0.024556316435337067
46488.0,0.0,0.02314114384353161
46489.0,0.0,0.06044430285692215
46490.0,0.0,0.025771109387278557
46491.0,0.0,0.025005033239722252
46492.0,0.0,0.026141773909330368
46493.0,0.0,0.016225576400756836
46494.0,0.0,0.027234036475419998
46495.0,0.0,0.013994359411299229
46496.0,0.0,0.05812613666057587
46497.0,0.0,0.02361888997256756
46498.0,0.0,0.023474901914596558
46499.0,0.0,0.0246882326900959
46500.0,0.0,0.3426138460636139
46501.0,0.0,0.0014604296302422881
46502.0,0.0,0.01575755886733532
46503.0,0.0,0.026141773909330368
46504.0,0.0,0.025771109387278557
46505.0,0.0,0.028332654386758804
46506.0,0.0,0.014743927866220474
46507.0,0.0,0.01607489213347435
46508.0,0.0,0.038543496280908585
46509.0,0.0,0.02323314920067787
46510.0,0.0,0.035236213356256485
46511.0,0.0,0.025771109387278557
46512.0,0.0,0.01521681435406208
46513.0,0.0,0.02323314920067787
46514.0,0.0,0.019073618575930595
46515.0,0.0,0.02632135897874832
46516.0,0.0,0.05708349123597145
46517.0,0.0,0.016122156754136086
46518.0,0.0,0.04230886325240135
46519.0,0.0,0.02314114384353161
46520.0,0.0,0.0014018514193594456
46521.0,1.0,0.07008566707372665
46522.0,0.0,0.003374945605173707
46523.0,0.0,0.02596247009932995
46524.0,0.0,0.03696532920002937
46525.0,0.0,0.024906201288104057
46526.0,0.0,0.0263888631016016
46527.0,0.0,0.02398207224905491
46528.0,1.0,0.4961549639701843
46529.0,0.0,0.012085461057722569
46530.0,0.0,0.018330127000808716
46531.0,0.0,0.016122156754136086
46532.0,1.0,0.7856279015541077
46533.0,0.0,0.025073513388633728
46534.0,0.0,0.01565380021929741
46535.0,0.0,0.027234036475419998
46536.0,0.0,0.42113515734672546
46537.0,0.0,0.029652222990989685
46538.0,1.0,0.44021958112716675
46539.0,0.0,0.032106898725032806
46540.0,0.0,0.025771109387278557
46541.0,0.0,0.02628469653427601
46542.0,0.0,0.02641528844833374
46543.0,0.0,0.024501239880919456
46544.0,1.0,0.4532330334186554
46545.0,0.0,0.0014412200544029474
46546.0,0.0,0.061310164630413055
46547.0,0.0,0.0013770321384072304
46548.0,0.0,0.015884090214967728
46549.0,0.0,0.0014202744932845235
46550.0,0.0,0.0036079047713428736
46551.0,0.0,0.024906201288104057
46552.0,0.0,0.016435613855719566
46553.0,0.0,0.025771109387278557
46554.0,0.0,0.023887183517217636
46555.0,1.0,0.0012720894301310182
46556.0,0.0,0.0031458595767617226
46557.0,0.0,0.025771109387278557
46558.0,0.0,0.023888908326625824
46559.0,0.0,0.014743927866220474
46560.0,0.0,0.026122327893972397
46561.0,0.0,0.02070019766688347
46562.0,0.0,0.016435613855719566
46563.0,0.0,0.04024133086204529
46564.0,0.0,0.014743927866220474
46565.0,0.0,0.058220189064741135
46566.0,0.0,0.040226031094789505
46567.0,0.0,0.015884090214967728
46568.0,0.0,0.025550583377480507
46569.0,0.0,0.024717602878808975
46570.0,0.0,0.024906201288104057
46571.0,0.0,0.024906201288104057
46572.0,0.0,0.02814936637878418
46573.0,0.0,0.027234036475419998
46574.0,0.0,0.0014401210937649012
46575.0,0.0,0.02314114384353161
46576.0,0.0,0.4316074550151825
46577.0,0.0,0.024717602878808975
46578.0,1.0,0.4443635940551758
46579.0,0.0,0.03554240241646767
46580.0,0.0,0.024717602878808975
46581.0,0.0,0.003296883078292012
46582.0,0.0,0.02314114384353161
46583.0,0.0,0.02264479734003544
46584.0,0.0,0.015724515542387962
46585.0,0.0,0.05599655583500862
46586.0,0.0,0.056211650371551514
46587.0,0.0,0.06302212178707123
46588.0,0.0,0.024906201288104057
46589.0,0.0,0.025771109387278557
46590.0,0.0,0.05795514956116676
46591.0,0.0,0.011426706798374653
46592.0,0.0,0.023887183517217636
46593.0,0.0,0.02663862146437168
46594.0,0.0,0.027128420770168304
46595.0,0.0,0.02526475116610527
46596.0,0.0,0.025073513388633728
46597.0,0.0,0.02440434880554676
46598.0,0.0,0.025550583377480507
46599.0,0.0,0.014891373924911022
46600.0,0.0,0.0014202744932845235
46601.0,0.0,0.02632135897874832
46602.0,0.0,0.06262361258268356
46603.0,0.0,0.026744144037365913
46604.0,0.0,0.025771109387278557
46605.0,0.0,0.03653378039598465
46606.0,0.0,0.025873281061649323
46607.0,0.0,0.025771109387278557
46608.0,0.0,0.02663862146437168
46609.0,0.0,0.025873281061649323
46610.0,1.0,0.9936758875846863
46611.0,0.0,0.02663862146437168
46612.0,0.0,0.025005033239722252
46613.0,0.0,0.06139259412884712
46614.0,0.0,0.025771109387278557
46615.0,1.0,0.02632135897874832
46616.0,0.0,0.014297300949692726
46617.0,0.0,0.02323314920067787
46618.0,0.0,0.024590618908405304
46619.0,0.0,0.02525683492422104
46620.0,0.0,0.029936516657471657
46621.0,0.0,0.03061501495540142
46622.0,0.0,0.06024523451924324
46623.0,1.0,0.025771109387278557
46624.0,0.0,0.01729780063033104
46625.0,0.0,0.0031331481877714396
46626.0,0.0,0.05708349123597145
46627.0,0.0,0.02445853315293789
46628.0,0.0,0.016710296273231506
46629.0,0.0,0.05522727221250534
46630.0,0.0,0.017969094216823578
46631.0,0.0,0.02697308547794819
46632.0,0.0,0.02526475116610527
46633.0,0.0,0.036940768361091614
46634.0,0.0,0.025545770302414894
46635.0,0.0,0.027234036475419998
46636.0,0.0,0.02628469653427601
46637.0,0.0,0.02176172286272049
46638.0,0.0,0.02606891840696335
46639.0,0.0,0.024717602878808975
46640.0,0.0,0.025771109387278557
46641.0,0.0,0.015638090670108795
46642.0,0.0,0.030483517795801163
46643.0,0.0,0.01899777166545391
46644.0,0.0,0.0015606202650815248
46645.0,0.0,0.01575755886733532
46646.0,0.0,0.023612098768353462
46647.0,0.0,0.06163628399372101
46648.0,1.0,0.41751599311828613
46649.0,0.0,0.01575755886733532
46650.0,0.0,0.05741441249847412
46651.0,0.0,0.4360010325908661
46652.0,0.0,0.8408394455909729
46653.0,0.0,0.0014513740316033363
46654.0,0.0,0.02902810275554657
46655.0,0.0,0.0014513740316033363
46656.0,0.0,0.025771109387278557
46657.0,0.0,0.02663862146437168
46658.0,0.0,0.001392714912071824
46659.0,0.0,0.02314114384353161
46660.0,0.0,0.025771109387278557
46661.0,0.0,0.016225576400756836
46662.0,0.0,0.0438106469810009
46663.0,0.0,0.024717602878808975
46664.0,0.0,0.025771109387278557
46665.0,0.0,0.02663862146437168
46666.0,0.0,0.02236247807741165
46667.0,0.0,0.025005033239722252
46668.0,0.0,0.02660154178738594
46669.0,0.0,0.017115604132413864
46670.0,0.0,0.026301685720682144
46671.0,0.0,0.01404144149273634
46672.0,0.0,0.016122156754136086
46673.0,0.0,0.026405904442071915
46674.0,0.0,0.025172991678118706
46675.0,0.0,0.025771109387278557
46676.0,0.0,0.025005033239722252
46677.0,0.0,0.0034994937013834715
46678.0,0.0,0.02314114384353161
46679.0,1.0,0.4854542016983032
46680.0,0.0,0.022166267037391663
46681.0,0.0,0.015803491696715355
46682.0,0.0,0.017739813774824142
46683.0,0.0,0.023730525746941566
46684.0,0.0,0.02663862146437168
46685.0,1.0,0.02944718673825264
46686.0,0.0,0.04120316356420517
46687.0,0.0,0.01638970524072647
46688.0,0.0,0.025005033239722252
46689.0,0.0,0.02323314920067787
46690.0,0.0,0.016548000276088715
46691.0,0.0,0.05846336856484413
46692.0,0.0,0.023922305554151535
46693.0,0.0,0.013356479816138744
46694.0,0.0,0.025771109387278557
46695.0,0.0,0.01531444862484932
46696.0,0.0,0.024717602878808975
46697.0,0.0,0.02628469653427601
46698.0,0.0,0.016852442175149918
46699.0,0.0,0.013648834079504013
46700.0,0.0,0.024906201288104057
46701.0,0.0,0.024906201288104057
46702.0,0.0,0.024717602878808975
46703.0,0.0,0.0014260467141866684
46704.0,0.0,0.026744144037365913
46705.0,0.0,0.024871468544006348
46706.0,0.0,0.02314114384353161
46707.0,1.0,0.4360010325908661
46708.0,0.0,0.02632135897874832
46709.0,0.0,0.06689666211605072
46710.0,0.0,0.015938570722937584
46711.0,0.0,0.0014401210937649012
46712.0,0.0,0.023474901914596558
46713.0,0.0,0.0014260467141866684
46714.0,1.0,0.024871468544006348
46715.0,0.0,0.024906201288104057
46716.0,0.0,0.04019296169281006
46717.0,0.0,0.06131014972925186
46718.0,0.0,0.026122327893972397
46719.0,0.0,0.0012511444510892034
46720.0,0.0,0.016853002831339836
46721.0,0.0,0.024906201288104057
46722.0,0.0,0.025810956954956055
46723.0,0.0,0.01464108843356371
46724.0,1.0,0.023887183517217636
46725.0,0.0,0.025873281061649323
46726.0,1.0,0.7859050035476685
46727.0,0.0,0.05599655583500862
46728.0,0.0,0.025771109387278557
46729.0,1.0,0.8499495983123779
46730.0,0.0,0.024906201288104057
46731.0,0.0,0.026301685720682144
46732.0,0.0,0.02398207224905491
46733.0,0.0,0.023677917197346687
46734.0,0.0,0.03884119912981987
46735.0,0.0,0.015413998626172543
46736.0,0.0,0.024906201288104057
46737.0,0.0,0.4360010325908661
46738.0,0.0,0.02602090686559677
46739.0,0.0,0.02663862146437168
46740.0,0.0,0.02445853315293789
46741.0,1.0,0.4205121099948883
46742.0,0.0,0.016994355246424675
46743.0,0.0,0.014777462929487228
46744.0,0.0,0.022847406566143036
46745.0,0.0,0.027341853827238083
46746.0,1.0,0.4442150890827179
46747.0,0.0,0.44283321499824524
46748.0,0.0,0.025771109387278557
46749.0,0.0,0.024717602878808975
46750.0,0.0,0.0031552929431200027
46751.0,0.0,0.038782041519880295
46752.0,0.0,0.023922305554151535
46753.0,0.0,0.029535578563809395
46754.0,0.0,0.023579120635986328
46755.0,0.0,0.02663862146437168
46756.0,0.0,0.015878908336162567
46757.0,0.0,0.036167774349451065
46758.0,0.0,0.02440434880554676
46759.0,0.0,0.0008083566790446639
46760.0,0.0,0.02536497637629509
46761.0,0.0,0.027341853827238083
46762.0,0.0,0.025771109387278557
46763.0,0.0,0.021220382302999496
46764.0,0.0,0.017969094216823578
46765.0,0.0,0.02440434880554676
46766.0,0.0,0.05515262857079506
46767.0,0.0,0.0032922266982495785
46768.0,0.0,0.026301685720682144
46769.0,0.0,0.016122156754136086
46770.0,0.0,0.02814936637878418
46771.0,0.0,0.02655457705259323
46772.0,0.0,0.01729780063033104
46773.0,0.0,0.010442474856972694
46774.0,0.0,0.030025148764252663
46775.0,0.0,0.4287012219429016
46776.0,0.0,0.030525844544172287
46777.0,0.0,0.024906201288104057
46778.0,0.0,0.017336970195174217
46779.0,0.0,0.05607227236032486
46780.0,0.0,0.037499938160181046
46781.0,0.0,0.015675872564315796
46782.0,0.0,0.01445102971047163
46783.0,0.0,0.026301685720682144
46784.0,0.0,0.02445853315293789
46785.0,0.0,0.0012772607151418924
46786.0,0.0,0.001298092189244926
46787.0,0.0,0.025245940312743187
46788.0,0.0,0.026122327893972397
46789.0,0.0,0.016122156754136086
46790.0,0.0,0.015413998626172543
46791.0,0.0,0.014870388433337212
46792.0,0.0,0.02465379238128662
46793.0,0.0,0.04438159614801407
46794.0,0.0,0.015878908336162567
46795.0,0.0,0.019073618575930595
46796.0,0.0,0.017969094216823578
46797.0,1.0,0.06368388235569
46798.0,0.0,0.016435613855719566
46799.0,0.0,0.025550583377480507
46800.0,0.0,0.015246058814227581
46801.0,0.0,0.03838136047124863
46802.0,0.0,0.0366239957511425
46803.0,0.0,0.02854803204536438
46804.0,0.0,0.027128420770168304
46805.0,0.0,0.02544485405087471
46806.0,0.0,0.030163714662194252
46807.0,0.0,0.05932007357478142
46808.0,0.0,0.032106898725032806
46809.0,0.0,0.024871468544006348
46810.0,0.0,0.057168908417224884
46811.0,0.0,0.0013516949256882071
46812.0,0.0,0.023677917197346687
46813.0,0.0,0.02710825391113758
46814.0,0.0,0.02314114384353161
46815.0,0.0,0.0013714581727981567
46816.0,0.0,0.026425663381814957
46817.0,0.0,0.0014752917923033237
46818.0,0.0,0.0013591691385954618
46819.0,1.0,0.9941909909248352
46820.0,0.0,0.02641528844833374
46821.0,0.0,0.014743927866220474
46822.0,0.0,0.014743927866220474
46823.0,0.0,0.0012885001488029957
46824.0,0.0,0.026141773909330368
46825.0,0.0,0.02314114384353161
46826.0,0.0,0.016122156754136086
46827.0,0.0,0.41751599311828613
46828.0,1.0,0.4360010325908661
46829.0,0.0,0.02632135897874832
46830.0,0.0,0.0014202744932845235
46831.0,0.0,0.025771109387278557
46832.0,0.0,0.02445853315293789
46833.0,0.0,0.05795514956116676
46834.0,0.0,0.0014898506924510002
46835.0,0.0,0.02445853315293789
46836.0,0.0,0.019941624253988266
46837.0,0.0,0.025771109387278557
46838.0,0.0,0.03889988735318184
46839.0,0.0,0.01158476434648037
46840.0,0.0,0.06747815757989883
46841.0,0.0,0.06139259412884712
46842.0,0.0,0.029535578563809395
46843.0,0.0,0.021046500653028488
46844.0,0.0,0.024906201288104057
46845.0,0.0,0.0014412200544029474
46846.0,0.0,0.025771109387278557
46847.0,0.0,0.3311502933502197
46848.0,0.0,0.015878908336162567
46849.0,0.0,0.0013714581727981567
46850.0,0.0,0.025771109387278557
46851.0,0.0,0.016122156754136086
46852.0,1.0,0.025771109387278557
46853.0,0.0,0.017378058284521103
46854.0,0.0,0.02710825391113758
46855.0,0.0,0.015223466791212559
46856.0,0.0,0.024717602878808975
46857.0,0.0,0.0014078195672482252
46858.0,0.0,0.001305232523009181
46859.0,0.0,0.016661789268255234
46860.0,0.0,0.024906201288104057
46861.0,0.0,0.01899777166545391
46862.0,0.0,0.027341853827238083
46863.0,0.0,0.025873281061649323
46864.0,0.0,0.017228078097105026
46865.0,0.0,0.01757531799376011
46866.0,0.0,0.04019296169281006
46867.0,0.0,0.0012720894301310182
46868.0,0.0,0.016661789268255234
46869.0,0.0,0.0015030310023576021
46870.0,0.0,0.04536348581314087
46871.0,0.0,0.04070216044783592
46872.0,0.0,0.02314114384353161
46873.0,0.0,0.4185042083263397
46874.0,0.0,0.05514055863022804
46875.0,0.0,0.05454898998141289
46876.0,0.0,0.02314114384353161
46877.0,0.0,0.010713044553995132
46878.0,1.0,0.026963751763105392
46879.0,0.0,0.0182296484708786
46880.0,0.0,0.0013431700645014644
46881.0,0.0,0.02632135897874832
46882.0,0.0,0.040483132004737854
46883.0,0.0,0.02445853315293789
46884.0,0.0,0.01722889207303524
46885.0,0.0,0.05582575500011444
46886.0,0.0,0.015675872564315796
46887.0,0.0,0.025771109387278557
46888.0,0.0,0.06175331398844719
46889.0,0.0,0.012580884620547295
46890.0,0.0,0.015878908336162567
46891.0,0.0,0.0014018514193594456
46892.0,0.0,0.025873281061649323
46893.0,0.0,0.0016337033594027162
46894.0,0.0,0.015590906143188477
46895.0,0.0,0.03933228552341461
46896.0,0.0,0.015878908336162567
46897.0,0.0,0.024717602878808975
46898.0,0.0,0.014297300949692726
46899.0,0.0,0.0015612490242347121
46900.0,0.0,0.04260427877306938
46901.0,0.0,0.02663862146437168
46902.0,0.0,0.02445853315293789
46903.0,0.0,0.01575755886733532
46904.0,0.0,0.02418375387787819
46905.0,0.0,0.015878908336162567
46906.0,0.0,0.016994355246424675
46907.0,0.0,0.015878908336162567
46908.0,0.0,0.02641528844833374
46909.0,1.0,0.4370000660419464
46910.0,0.0,0.022685261443257332
46911.0,0.0,0.016435613855719566
46912.0,0.0,0.02323314920067787
46913.0,0.0,0.026141773909330368
46914.0,0.0,0.03634200617671013
46915.0,0.0,0.0012555853463709354
46916.0,0.0,0.023887183517217636
46917.0,0.0,0.026744144037365913
46918.0,0.0,0.0032178815454244614
46919.0,0.0,0.025771109387278557
46920.0,0.0,0.02660154178738594
46921.0,1.0,0.3523220121860504
46922.0,0.0,0.025771109387278557
46923.0,0.0,0.018040908500552177
46924.0,0.0,0.02632135897874832
46925.0,0.0,0.017969094216823578
46926.0,0.0,0.023887183517217636
46927.0,0.0,0.014777462929487228
46928.0,0.0,0.0013694989029318094
46929.0,0.0,0.02061801590025425
46930.0,0.0,0.025545770302414894
46931.0,0.0,0.0013694989029318094
46932.0,0.0,0.023474901914596558
46933.0,0.0,0.024556316435337067
46934.0,0.0,0.05421041324734688
46935.0,0.0,0.05739555507898331
46936.0,0.0,0.025771109387278557
46937.0,0.0,0.016435613855719566
46938.0,0.0,0.01704694889485836
46939.0,0.0,0.1250733733177185
46940.0,0.0,0.024556316435337067
46941.0,0.0,0.017969094216823578
46942.0,0.0,0.05708349123597145
46943.0,0.0,0.0206170491874218
46944.0,0.0,0.0014202744932845235
46945.0,0.0,0.017396502196788788
46946.0,0.0,0.026141773909330368
46947.0,0.0,0.05515262857079506
46948.0,0.0,0.0242068562656641
46949.0,0.0,0.01404144149273634
46950.0,0.0,0.017378058284521103
46951.0,0.0,0.024717602878808975
46952.0,0.0,0.05795514956116676
46953.0,0.0,0.027341853827238083
46954.0,0.0,0.016435613855719566
46955.0,0.0,0.036167774349451065
46956.0,0.0,0.024231432005763054
46957.0,0.0,0.019770890474319458
46958.0,0.0,0.02632135897874832
46959.0,0.0,0.05582575500011444
46960.0,0.0,0.024906201288104057
46961.0,0.0,0.06021404266357422
46962.0,0.0,0.05522727221250534
46963.0,0.0,0.024717602878808975
46964.0,0.0,0.018215972930192947
46965.0,0.0,0.025771109387278557
46966.0,0.0,0.4197966754436493
46967.0,0.0,0.015556056052446365
46968.0,0.0,0.025873281061649323
46969.0,0.0,0.0014693202683702111
46970.0,0.0,0.0014075487852096558
46971.0,0.0,0.016122156754136086
46972.0,0.0,0.027234036475419998
46973.0,0.0,0.02314114384353161
46974.0,0.0,0.000805672025308013
46975.0,0.0,0.025771109387278557
46976.0,0.0,0.026141773909330368
46977.0,0.0,0.0014260467141866684
46978.0,0.0,0.024906201288104057
46979.0,0.0,0.060583945363759995
46980.0,0.0,0.02207839861512184
46981.0,0.0,0.04041016474366188
46982.0,0.0,0.02653190866112709
46983.0,0.0,0.025771109387278557
46984.0,0.0,0.024906201288104057
46985.0,0.0,0.025005033239722252
46986.0,1.0,0.43061134219169617
46987.0,0.0,0.026481470093131065
46988.0,0.0,0.023887183517217636
46989.0,0.0,0.0014693202683702111
46990.0,0.0,0.02358420193195343
46991.0,0.0,0.02481570467352867
46992.0,0.0,0.025873281061649323
46993.0,0.0,0.03889988735318184
46994.0,0.0,0.025346089154481888
46995.0,0.0,0.024717602878808975
46996.0,0.0,0.026706915348768234
46997.0,0.0,0.02236247807741165
46998.0,1.0,0.45872724056243896
46999.0,0.0,0.4016226828098297
47000.0,0.0,0.017969094216823578
47001.0,0.0,0.0008371466537937522
47002.0,0.0,0.02481570467352867
47003.0,0.0,0.025771109387278557
47004.0,0.0,0.02544485405087471
47005.0,0.0,0.011112970300018787
47006.0,0.0,0.025810956954956055
47007.0,0.0,0.01899777166545391
47008.0,0.0,0.016109652817249298
47009.0,0.0,0.02632135897874832
47010.0,0.0,0.02544485405087471
47011.0,0.0,0.025873281061649323
47012.0,0.0,0.025073513388633728
47013.0,0.0,0.3513956665992737
47014.0,0.0,0.0033102568704634905
47015.0,0.0,0.02314114384353161
47016.0,0.0,0.02536497637629509
47017.0,0.0,0.014243694953620434
47018.0,0.0,0.02628469653427601
47019.0,0.0,0.003128680167719722
47020.0,0.0,0.025771109387278557
47021.0,0.0,0.02351120300590992
47022.0,0.0,0.02660154178738594
47023.0,0.0,0.024906201288104057
47024.0,0.0,0.025771109387278557
47025.0,0.0,0.027234036475419998
47026.0,0.0,0.02236247807741165
47027.0,0.0,0.024906201288104057
47028.0,0.0,0.015856554731726646
47029.0,0.0,0.06536997854709625
47030.0,0.0,0.025005033239722252
47031.0,0.0,0.014555196277797222
47032.0,0.0,0.025005033239722252
47033.0,0.0,0.0014260467141866684
47034.0,0.0,0.024433191865682602
47035.0,0.0,0.025771109387278557
47036.0,0.0,0.0177248977124691
47037.0,0.0,0.025172991678118706
47038.0,1.0,0.43125638365745544
47039.0,0.0,0.026122327893972397
47040.0,0.0,0.023721186444163322
47041.0,0.0,0.015590906143188477
47042.0,0.0,0.0014260467141866684
47043.0,0.0,0.002184143755584955
47044.0,0.0,0.023636609315872192
47045.0,0.0,0.014743927866220474
47046.0,0.0,0.05592164024710655
47047.0,0.0,0.06175331398844719
47048.0,0.0,0.025873281061649323
47049.0,0.0,0.05826232582330704
47050.0,0.0,0.025771109387278557
47051.0,0.0,0.024289600551128387
47052.0,0.0,0.023474901914596558
47053.0,0.0,0.023887183517217636
47054.0,0.0,0.015881331637501717
47055.0,0.0,0.4215022325515747
47056.0,0.0,0.016853002831339836
47057.0,0.0,0.3464798033237457
47058.0,0.0,0.000805672025308013
47059.0,0.0,0.026122327893972397
47060.0,0.0,0.01607489213347435
47061.0,0.0,0.027234036475419998
47062.0,0.0,0.0013591691385954618
47063.0,0.0,0.02481570467352867
47064.0,0.0,0.02821015939116478
47065.0,0.0,0.0013694989029318094
47066.0,0.0,0.015050983056426048
47067.0,0.0,0.02314114384353161
47068.0,0.0,0.013648834079504013
47069.0,0.0,0.06849652528762817
47070.0,0.0,0.01081225648522377
47071.0,0.0,0.03683403134346008
47072.0,0.0,0.02445853315293789
47073.0,0.0,0.025771109387278557
47074.0,0.0,0.0012555853463709354
47075.0,0.0,0.024906201288104057
47076.0,1.0,0.017969094216823578
47077.0,0.0,0.024717602878808975
47078.0,0.0,0.04041016474366188
47079.0,0.0,0.03889988735318184
47080.0,0.0,0.0014752917923033237
47081.0,0.0,0.01629883050918579
47082.0,0.0,0.02544485405087471
47083.0,0.0,0.014743927866220474
47084.0,0.0,0.05522727221250534
47085.0,0.0,0.025771109387278557
47086.0,0.0,0.024871468544006348
47087.0,0.0,0.060643456876277924
47088.0,0.0,0.022451452910900116
47089.0,0.0,0.025771109387278557
47090.0,0.0,0.024871468544006348
47091.0,0.0,0.0015549295349046588
47092.0,0.0,0.024871468544006348
47093.0,0.0,0.42840272188186646
47094.0,0.0,0.025771109387278557
47095.0,0.0,0.010713044553995132
47096.0,0.0,0.023922305554151535
47097.0,0.0,0.04407826438546181
47098.0,0.0,0.027234036475419998
47099.0,0.0,0.025771109387278557
47100.0,0.0,0.01565380021929741
47101.0,1.0,0.05522727221250534
47102.0,0.0,0.016098713502287865
47103.0,0.0,0.0015030310023576021
47104.0,0.0,0.011426706798374653
47105.0,0.0,0.01618671976029873
47106.0,0.0,0.0007998263463377953
47107.0,0.0,0.026744144037365913
47108.0,0.0,0.024970166385173798
47109.0,0.0,0.0016969741554930806
47110.0,0.0,0.025771109387278557
47111.0,0.0,0.06549248099327087
47112.0,0.0,0.058941278606653214
47113.0,0.0,0.017997104674577713
47114.0,0.0,0.016435613855719566
47115.0,0.0,0.013648834079504013
47116.0,0.0,0.025771109387278557
47117.0,0.0,0.023853830993175507
47118.0,0.0,0.060100309550762177
47119.0,0.0,0.019941624253988266
47120.0,0.0,0.02236247807741165
47121.0,0.0,0.04692196473479271
47122.0,0.0,0.025651903823018074
47123.0,0.0,0.024717602878808975
47124.0,0.0,0.01543995551764965
47125.0,0.0,0.012288065627217293
47126.0,0.0,0.027001334354281425
47127.0,0.0,0.02814936637878418
47128.0,0.0,0.024906201288104057
47129.0,0.0,0.010245205834507942
47130.0,0.0,0.05955221503973007
47131.0,0.0,0.025771109387278557
47132.0,0.0,0.0014752917923033237
47133.0,1.0,0.41751599311828613
47134.0,0.0,0.017094489187002182
47135.0,0.0,0.025771109387278557
47136.0,0.0,0.014743927866220474
47137.0,0.0,0.017997104674577713
47138.0,0.0,0.02453019469976425
47139.0,0.0,0.039917442947626114
47140.0,0.0,0.025873281061649323
47141.0,0.0,0.05514055863022804
47142.0,0.0,0.0417434461414814
47143.0,0.0,0.024906201288104057
47144.0,0.0,0.02854803204536438
47145.0,0.0,0.028660891577601433
47146.0,0.0,0.00336131127551198
47147.0,0.0,0.06722301989793777
47148.0,0.0,0.014743927866220474
47149.0,0.0,0.06021404266357422
47150.0,0.0,0.015223466791212559
47151.0,0.0,0.0015549295349046588
47152.0,0.0,0.02481570467352867
47153.0,0.0,0.0015030310023576021
47154.0,0.0,0.01629883050918579
47155.0,0.0,0.022847406566143036
47156.0,0.0,0.01907660812139511
47157.0,0.0,0.046211566776037216
47158.0,0.0,0.05237181484699249
47159.0,0.0,0.05522727221250534
47160.0,0.0,0.02236247807741165
47161.0,0.0,0.0034886039793491364
47162.0,0.0,0.4172576367855072
47163.0,0.0,0.43026041984558105
47164.0,0.0,0.06474325805902481
47165.0,0.0,0.015413998626172543
47166.0,0.0,0.01899777166545391
47167.0,0.0,0.016435613855719566
47168.0,0.0,0.017969094216823578
47169.0,0.0,0.02061801590025425
47170.0,0.0,0.03749186545610428
47171.0,0.0,0.02632135897874832
47172.0,0.0,0.026405904442071915
47173.0,0.0,0.026122327893972397
47174.0,0.0,0.05515262857079506
47175.0,0.0,0.0013906233943998814
47176.0,0.0,0.024433191865682602
47177.0,0.0,0.025771109387278557
47178.0,0.0,0.02398207224905491
47179.0,1.0,0.4773422181606293
47180.0,0.0,0.027234036475419998
47181.0,0.0,0.010836593806743622
47182.0,0.0,0.02236247807741165
47183.0,0.0,0.027234036475419998
47184.0,0.0,0.0032922266982495785
47185.0,0.0,0.025873281061649323
47186.0,0.0,0.4476095139980316
47187.0,0.0,0.027234036475419998
47188.0,0.0,0.022331207990646362
47189.0,0.0,0.04239417985081673
47190.0,0.0,0.060015689581632614
47191.0,0.0,0.02814936637878418
47192.0,0.0,0.0013193896738812327
47193.0,1.0,0.06266964226961136
47194.0,0.0,0.018040908500552177
47195.0,0.0,0.04266770929098129
47196.0,0.0,0.02475586347281933
47197.0,0.0,0.02854803204536438
47198.0,0.0,0.02710825391113758
47199.0,0.0,0.0182296484708786
47200.0,0.0,0.015878908336162567
47201.0,0.0,0.02279067598283291
47202.0,0.0,0.024717602878808975
47203.0,0.0,0.024906201288104057
47204.0,0.0,0.023420259356498718
47205.0,0.0,0.02323314920067787
47206.0,0.0,0.01729780063033104
47207.0,0.0,0.015413998626172543
47208.0,0.0,0.02207839861512184
47209.0,0.0,0.014743927866220474
47210.0,0.0,0.0014513740316033363
47211.0,1.0,0.025651903823018074
47212.0,0.0,0.017968246713280678
47213.0,0.0,0.04081787168979645
47214.0,0.0,0.0012333538616076112
47215.0,0.0,0.016622358933091164
47216.0,0.0,0.025771109387278557
47217.0,0.0,0.026301685720682144
47218.0,0.0,0.009604624472558498
47219.0,0.0,0.015590906143188477
47220.0,0.0,0.003202454885467887
47221.0,0.0,0.06344211101531982
47222.0,0.0,0.4532330334186554
47223.0,0.0,0.025771109387278557
47224.0,0.0,0.05522727221250534
47225.0,1.0,0.4287012219429016
47226.0,0.0,0.01722889207303524
47227.0,0.0,0.02440434880554676
47228.0,0.0,0.025229530408978462
47229.0,0.0,0.023616880178451538
47230.0,0.0,0.048776742070913315
47231.0,0.0,0.0012720894301310182
47232.0,0.0,0.041035208851099014
47233.0,0.0,0.003680066205561161
47234.0,0.0,0.05886192247271538
47235.0,0.0,0.01608697883784771
47236.0,0.0,0.027001334354281425
47237.0,0.0,0.025005033239722252
47238.0,0.0,0.027234036475419998
47239.0,0.0,0.016994355246424675
47240.0,0.0,0.003244467545300722
47241.0,0.0,0.0014202744932845235
47242.0,0.0,0.023853830993175507
47243.0,1.0,0.4675469994544983
47244.0,0.0,0.025346089154481888
47245.0,0.0,0.05915085971355438
47246.0,0.0,0.016435613855719566
47247.0,0.0,0.014958435669541359
47248.0,0.0,0.02632135897874832
47249.0,0.0,0.027234036475419998
47250.0,0.0,0.05795514956116676
47251.0,0.0,0.023887183517217636
47252.0,0.0,0.02323314920067787
47253.0,0.0,0.015246058814227581
47254.0,0.0,0.02314114384353161
47255.0,0.0,0.024717602878808975
47256.0,0.0,0.023636609315872192
47257.0,0.0,0.05782511830329895
47258.0,0.0,0.0014513740316033363
47259.0,0.0,0.024555636569857597
47260.0,0.0,0.025771109387278557
47261.0,0.0,0.0263888631016016
47262.0,0.0,0.016225576400756836
47263.0,1.0,0.023636609315872192
47264.0,0.0,0.038809921592473984
47265.0,0.0,0.013356479816138744
47266.0,0.0,0.42550188302993774
47267.0,0.0,0.06266964226961136
47268.0,0.0,0.025005033239722252
47269.0,0.0,0.028187638148665428
47270.0,0.0,0.02653190866112709
47271.0,0.0,0.03888615220785141
47272.0,0.0,0.015878908336162567
47273.0,0.0,0.029535578563809395
47274.0,0.0,0.027070535346865654
47275.0,0.0,0.018040908500552177
47276.0,0.0,0.04300350323319435
47277.0,0.0,0.022653555497527122
47278.0,0.0,0.025810956954956055
47279.0,0.0,0.02544485405087471
47280.0,0.0,0.02445853315293789
47281.0,0.0,0.015246058814227581
47282.0,0.0,0.028660891577601433
47283.0,0.0,0.015413998626172543
47284.0,0.0,0.02445853315293789
47285.0,0.0,0.025245940312743187
47286.0,0.0,0.019073618575930595
47287.0,0.0,0.040629733353853226
47288.0,0.0,0.36442863941192627
47289.0,0.0,0.015107985585927963
47290.0,0.0,0.029535578563809395
47291.0,0.0,0.016097549349069595
47292.0,0.0,0.0014551917556673288
47293.0,0.0,0.016435613855719566
47294.0,0.0,0.02061801590025425
47295.0,0.0,0.026744144037365913
47296.0,0.0,0.017969094216823578
47297.0,0.0,0.02628469653427601
47298.0,0.0,0.02663862146437168
47299.0,0.0,0.018421942368149757
47300.0,0.0,0.01766781136393547
47301.0,0.0,0.0013714581727981567
47302.0,0.0,0.023853830993175507
47303.0,0.0,0.02632135897874832
47304.0,0.0,0.025771109387278557
47305.0,0.0,0.01635638438165188
47306.0,0.0,0.022166267037391663
47307.0,0.0,0.018225423991680145
47308.0,0.0,0.024690058082342148
47309.0,0.0,0.01899777166545391
47310.0,0.0,0.010713044553995132
47311.0,0.0,0.022938264533877373
47312.0,1.0,0.9707596898078918
47313.0,0.0,0.015878908336162567
47314.0,0.0,0.02481570467352867
47315.0,0.0,0.025245940312743187
47316.0,0.0,0.015724515542387962
47317.0,0.0,0.024231432005763054
47318.0,0.0,0.02544485405087471
47319.0,0.0,0.018215972930192947
47320.0,0.0,0.027234036475419998
47321.0,0.0,0.02236247807741165
47322.0,0.0,0.024906201288104057
47323.0,0.0,0.027341853827238083
47324.0,0.0,0.022331207990646362
47325.0,0.0,0.02314114384353161
47326.0,0.0,0.00336131127551198
47327.0,0.0,0.023922305554151535
47328.0,0.0,0.027234036475419998
47329.0,0.0,0.022451452910900116
47330.0,0.0,0.016661789268255234
47331.0,0.0,0.02663862146437168
47332.0,0.0,0.025771109387278557
47333.0,0.0,0.015734784305095673
47334.0,0.0,0.018199829384684563
47335.0,0.0,0.024231432005763054
47336.0,0.0,0.43402186036109924
47337.0,0.0,0.039917442947626114
47338.0,0.0,0.017739813774824142
47339.0,0.0,0.0652465671300888
47340.0,0.0,0.015355028212070465
47341.0,0.0,0.009745092131197453
47342.0,0.0,0.017969094216823578
47343.0,0.0,0.037497278302907944
47344.0,0.0,0.01899777166545391
47345.0,0.0,0.025771109387278557
47346.0,0.0,0.05730250105261803
47347.0,0.0,0.017115604132413864
47348.0,0.0,0.02544485405087471
47349.0,0.0,0.01830248348414898
47350.0,0.0,0.024717602878808975
47351.0,0.0,0.02663862146437168
47352.0,0.0,0.023922305554151535
47353.0,0.0,0.02440434880554676
47354.0,0.0,0.022487236186861992
47355.0,0.0,0.43061134219169617
47356.0,0.0,0.02453019469976425
47357.0,0.0,0.024906201288104057
47358.0,0.0,0.01039495412260294
47359.0,0.0,0.028508367016911507
47360.0,0.0,0.022847406566143036
47361.0,0.0,0.024906201288104057
47362.0,0.0,0.056853342801332474
47363.0,0.0,0.025771109387278557
47364.0,0.0,0.02361888997256756
47365.0,0.0,0.053343940526247025
47366.0,0.0,0.02314114384353161
47367.0,0.0,0.02803678810596466
47368.0,0.0,0.027341853827238083
47369.0,0.0,0.02398207224905491
47370.0,0.0,0.04189734533429146
47371.0,0.0,0.023887183517217636
47372.0,0.0,0.015119008719921112
47373.0,0.0,0.026141773909330368
47374.0,0.0,0.025873281061649323
47375.0,0.0,0.02314114384353161
47376.0,0.0,0.0013536671176552773
47377.0,0.0,0.034830838441848755
47378.0,0.0,0.0014202744932845235
47379.0,0.0,0.023780781775712967
47380.0,0.0,0.02663862146437168
47381.0,0.0,0.025383293628692627
47382.0,1.0,0.05929740518331528
47383.0,0.0,0.01899777166545391
47384.0,0.0,0.024906201288104057
47385.0,1.0,0.05834890156984329
47386.0,0.0,0.015413998626172543
47387.0,0.0,0.034646641463041306
47388.0,0.0,0.016595402732491493
47389.0,0.0,0.02358420193195343
47390.0,0.0,0.016435613855719566
47391.0,0.0,0.02663862146437168
47392.0,1.0,0.4316074550151825
47393.0,0.0,0.024906201288104057
47394.0,0.0,0.025873281061649323
47395.0,0.0,0.024944746866822243
47396.0,0.0,0.05764511972665787
47397.0,0.0,0.02358420193195343
47398.0,0.0,0.05628763884305954
47399.0,0.0,0.025771109387278557
47400.0,0.0,0.05522727221250534
47401.0,0.0,0.0013431700645014644
47402.0,0.0,0.027234036475419998
47403.0,0.0,0.023636609315872192
47404.0,0.0,0.02314114384353161
47405.0,0.0,0.02314114384353161
47406.0,1.0,0.7810658812522888
47407.0,0.0,0.016225576400756836
47408.0,0.0,0.02314114384353161
47409.0,0.0,0.03630084544420242
47410.0,0.0,0.014297300949692726
47411.0,0.0,0.02632135897874832
47412.0,0.0,0.05515262857079506
47413.0,0.0,0.02624538727104664
47414.0,0.0,0.05520085245370865
47415.0,0.0,0.06021404266357422
47416.0,0.0,0.025771109387278557
47417.0,0.0,0.025771109387278557
47418.0,0.0,0.024906201288104057
47419.0,0.0,0.014743927866220474
47420.0,0.0,0.02016737498342991
47421.0,0.0,0.027234036475419998
47422.0,0.0,0.023922305554151535
47423.0,0.0,0.4616709053516388
47424.0,0.0,0.025771109387278557
47425.0,0.0,0.0013462231727316976
47426.0,0.0,0.026122327893972397
47427.0,0.0,0.02663862146437168
47428.0,0.0,0.0013591691385954618
47429.0,0.0,0.027234036475419998
47430.0,0.0,0.030091457068920135
47431.0,0.0,0.0014202744932845235
47432.0,0.0,0.029021726921200752
47433.0,0.0,0.023474901914596558
47434.0,0.0,0.024717602878808975
47435.0,0.0,0.05515262857079506
47436.0,0.0,0.023721186444163322
47437.0,0.0,0.025771109387278557
47438.0,0.0,0.06344211101531982
47439.0,0.0,0.024590618908405304
47440.0,0.0,0.02314114384353161
47441.0,0.0,0.02236247807741165
47442.0,0.0,0.02814936637878418
47443.0,0.0,0.02526475116610527
47444.0,0.0,0.0014693202683702111
47445.0,0.0,0.017378058284521103
47446.0,0.0,0.022331207990646362
47447.0,0.0,0.022881310433149338
47448.0,0.0,0.4476095139980316
47449.0,0.0,0.030270930379629135
47450.0,0.0,0.025873281061649323
47451.0,0.0,0.025229530408978462
47452.0,0.0,0.014743927866220474
47453.0,1.0,0.42969629168510437
47454.0,0.0,0.024871468544006348
47455.0,1.0,0.43061134219169617
47456.0,0.0,0.015675872564315796
47457.0,0.0,0.017810726538300514
47458.0,0.0,0.018040908500552177
47459.0,0.0,0.016777299344539642
47460.0,1.0,0.024906201288104057
47461.0,0.0,0.02398207224905491
47462.0,0.0,0.023730525746941566
47463.0,0.0,0.015574609860777855
47464.0,0.0,0.027234036475419998
47465.0,0.0,0.07025144249200821
47466.0,0.0,0.014958435669541359
47467.0,0.0,0.003266949439421296
47468.0,0.0,0.0014260467141866684
47469.0,0.0,0.027234036475419998
47470.0,0.0,0.06431885063648224
47471.0,0.0,0.0013714581727981567
47472.0,0.0,0.4472556412220001
47473.0,0.0,0.01685047335922718
47474.0,0.0,0.02314114384353161
47475.0,0.0,0.025873281061649323
47476.0,0.0,0.0015549295349046588
47477.0,0.0,0.025771109387278557
47478.0,0.0,0.025550583377480507
47479.0,0.0,0.024906201288104057
47480.0,0.0,0.031205356121063232
47481.0,0.0,0.03978533297777176
47482.0,0.0,0.024871468544006348
47483.0,0.0,0.03077230602502823
47484.0,0.0,0.015467743389308453
47485.0,0.0,0.01722889207303524
47486.0,0.0,0.01629883050918579
47487.0,0.0,0.017008891329169273
47488.0,0.0,0.02323314920067787
47489.0,0.0,0.4122503101825714
47490.0,0.0,0.04596911370754242
47491.0,0.0,0.01575755886733532
47492.0,0.0,0.017969094216823578
47493.0,0.0,0.026425663381814957
47494.0,0.0,0.026425663381814957
47495.0,0.0,0.04475943744182587
47496.0,0.0,0.0013419979950413108
47497.0,0.0,0.013825992122292519
47498.0,0.0,0.024906201288104057
47499.0,0.0,0.4546341001987457
47500.0,0.0,0.025771109387278557
47501.0,0.0,0.03527308255434036
47502.0,0.0,0.022653555497527122
47503.0,0.0,0.027234036475419998
47504.0,0.0,0.025771109387278557
47505.0,0.0,0.02358420193195343
47506.0,0.0,0.01722889207303524
47507.0,0.0,0.024906201288104057
47508.0,0.0,0.01704694889485836
47509.0,0.0,0.05795514956116676
47510.0,0.0,0.4392189085483551
47511.0,0.0,0.03826010972261429
47512.0,0.0,0.04788393899798393
47513.0,0.0,0.02236247807741165
47514.0,0.0,0.016435613855719566
47515.0,1.0,0.024590618908405304
47516.0,0.0,0.05893402174115181
47517.0,1.0,0.02826070226728916
47518.0,0.0,0.015878908336162567
47519.0,0.0,0.017969094216823578
47520.0,0.0,0.0016337033594027162
47521.0,0.0,0.056211650371551514
47522.0,1.0,0.017969094216823578
47523.0,0.0,0.0013536671176552773
47524.0,0.0,0.0012720894301310182
47525.0,0.0,0.061310164630413055
47526.0,0.0,0.026122327893972397
47527.0,0.0,0.4287012219429016
47528.0,0.0,0.026744144037365913
47529.0,0.0,0.4472556412220001
47530.0,1.0,0.4392189085483551
47531.0,0.0,0.027234036475419998
47532.0,0.0,0.025771109387278557
47533.0,0.0,0.014891373924911022
47534.0,0.0,0.026301685720682144
47535.0,0.0,0.03513512387871742
47536.0,1.0,0.01629883050918579
47537.0,0.0,0.01445102971047163
47538.0,0.0,0.017969094216823578
47539.0,0.0,0.34169960021972656
47540.0,1.0,0.46131518483161926
47541.0,0.0,0.026122327893972397
47542.0,0.0,0.022331207990646362
47543.0,0.0,0.016994355246424675
47544.0,1.0,0.015724515542387962
47545.0,0.0,0.025514967739582062
47546.0,0.0,0.02440434880554676
47547.0,1.0,0.5908751487731934
47548.0,0.0,0.0012908532517030835
47549.0,0.0,0.025545770302414894
47550.0,0.0,0.024717602878808975
47551.0,0.0,0.028661828488111496
47552.0,0.0,0.06344211101531982
47553.0,0.0,0.06474325805902481
47554.0,0.0,0.01562632992863655
47555.0,0.0,0.055122390389442444
47556.0,0.0,0.003893982619047165
47557.0,1.0,0.05607227236032486
47558.0,0.0,0.014743927866220474
47559.0,0.0,0.023474901914596558
47560.0,1.0,0.9751269817352295
47561.0,0.0,0.015856554731726646
47562.0,0.0,0.025771109387278557
47563.0,0.0,0.06006842106580734
47564.0,0.0,0.018215972930192947
47565.0,0.0,0.023636609315872192
47566.0,0.0,0.026122327893972397
47567.0,0.0,0.4739935100078583
47568.0,0.0,0.022451452910900116
47569.0,0.0,0.015028689987957478
47570.0,0.0,0.05935477837920189
47571.0,0.0,0.023636609315872192
47572.0,0.0,0.02361888997256756
47573.0,0.0,0.04243891313672066
47574.0,0.0,0.02824964001774788
47575.0,1.0,0.40347951650619507
47576.0,0.0,0.040349941700696945
47577.0,0.0,0.039073653519153595
47578.0,0.0,0.024970166385173798
47579.0,0.0,0.0014898506924510002
47580.0,0.0,0.025771109387278557
47581.0,0.0,0.00330717652104795
47582.0,0.0,0.4287012219429016
47583.0,0.0,0.02653190866112709
47584.0,0.0,0.02445853315293789
47585.0,0.0,0.003296883078292012
47586.0,0.0,0.016122156754136086
47587.0,0.0,0.023433061316609383
47588.0,0.0,0.03744565322995186
47589.0,0.0,0.016435613855719566
47590.0,0.0,0.055597104132175446
47591.0,0.0,0.0013608243316411972
47592.0,0.0,0.037497278302907944
47593.0,0.0,0.06465663015842438
47594.0,0.0,0.0014260467141866684
47595.0,0.0,0.025873281061649323
47596.0,0.0,0.02440434880554676
47597.0,0.0,0.017378058284521103
47598.0,0.0,0.019073618575930595
47599.0,0.0,0.016109652817249298
47600.0,0.0,0.023730525746941566
47601.0,0.0,0.01587403006851673
47602.0,0.0,0.02445853315293789
47603.0,0.0,0.02236247807741165
47604.0,0.0,0.024906201288104057
47605.0,0.0,0.015438084490597248
47606.0,0.0,0.0014078195672482252
47607.0,0.0,0.0013886369997635484
47608.0,0.0,0.01685047335922718
47609.0,0.0,0.02653190866112709
47610.0,0.0,0.026122327893972397
47611.0,0.0,0.02398207224905491
47612.0,0.0,0.016435613855719566
47613.0,0.0,0.02703808806836605
47614.0,0.0,0.025771109387278557
47615.0,0.0,0.0013906233943998814
47616.0,0.0,0.01687617413699627
47617.0,1.0,0.43026041984558105
47618.0,0.0,0.02323314920067787
47619.0,0.0,0.02526475116610527
47620.0,0.0,0.01404144149273634
47621.0,0.0,0.05623804032802582
47622.0,0.0,0.02591816894710064
47623.0,1.0,0.4037907123565674
47624.0,0.0,0.01722889207303524
47625.0,0.0,0.02829911559820175
47626.0,0.0,0.025310751050710678
47627.0,0.0,0.016122156754136086
47628.0,0.0,0.040762387216091156
47629.0,0.0,0.026301685720682144
47630.0,0.0,0.01678997464478016
47631.0,0.0,0.015878908336162567
47632.0,0.0,0.0014909888850525022
47633.0,0.0,0.025873281061649323
47634.0,0.0,0.02360360138118267
47635.0,0.0,0.014870388433337212
47636.0,0.0,0.0012720894301310182
47637.0,0.0,0.026122327893972397
47638.0,0.0,0.024017333984375
47639.0,0.0,0.025771109387278557
47640.0,0.0,0.03740875422954559
47641.0,0.0,0.02632135897874832
47642.0,0.0,0.05708349123597145
47643.0,0.0,0.0015030310023576021
47644.0,0.0,0.015413998626172543
47645.0,0.0,0.024717602878808975
47646.0,0.0,0.024254748597741127
47647.0,0.0,0.017378058284521103
47648.0,0.0,0.025550583377480507
47649.0,0.0,0.025771109387278557
47650.0,1.0,0.9956568479537964
47651.0,0.0,0.001422525616362691
47652.0,0.0,0.01565380021929741
47653.0,0.0,0.024717602878808975
47654.0,0.0,0.022331207990646362
47655.0,0.0,0.02632135897874832
47656.0,0.0,0.023922305554151535
47657.0,0.0,0.03889988735318184
47658.0,0.0,0.058760810643434525
47659.0,0.0,0.07619859278202057
47660.0,0.0,0.025873281061649323
47661.0,0.0,0.030939796939492226
47662.0,0.0,0.023887183517217636
47663.0,0.0,0.023887183517217636
47664.0,0.0,0.0017288743983954191
47665.0,0.0,0.003731371136382222
47666.0,0.0,0.02663862146437168
47667.0,1.0,0.06536997854709625
47668.0,0.0,0.025771109387278557
47669.0,0.0,0.023612098768353462
47670.0,0.0,0.0013608243316411972
47671.0,0.0,0.025810956954956055
47672.0,0.0,0.027234036475419998
47673.0,0.0,0.027234036475419998
47674.0,0.0,0.024717602878808975
47675.0,0.0,0.027069956064224243
47676.0,0.0,0.03805461898446083
47677.0,0.0,0.015028689987957478
47678.0,0.0,0.024906201288104057
47679.0,0.0,0.024717602878808975
47680.0,0.0,0.023853830993175507
47681.0,0.0,0.02314114384353161
47682.0,0.0,0.03556228429079056
47683.0,0.0,0.0016125161200761795
47684.0,0.0,0.07035508751869202
47685.0,0.0,0.025771109387278557
47686.0,0.0,0.018215972930192947
47687.0,0.0,0.039073653519153595
47688.0,0.0,0.02314114384353161
47689.0,1.0,0.4743889272212982
47690.0,0.0,0.024017333984375
47691.0,0.0,0.030646273866295815
47692.0,0.0,0.027234036475419998
47693.0,0.0,0.0357942134141922
47694.0,0.0,0.02660154178738594
47695.0,0.0,0.05826232582330704
47696.0,0.0,0.06021404266357422
47697.0,0.0,0.05708349123597145
47698.0,0.0,0.032200779765844345
47699.0,0.0,0.025873281061649323
47700.0,0.0,0.0263888631016016
47701.0,0.0,0.0009841283317655325
47702.0,0.0,0.02663862146437168
47703.0,0.0,0.013825992122292519
47704.0,0.0,0.017378058284521103
47705.0,0.0,0.019073618575930595
47706.0,1.0,0.026425663381814957
47707.0,0.0,0.025913292542099953
47708.0,0.0,0.027234036475419998
47709.0,0.0,0.02663862146437168
47710.0,0.0,0.022451452910900116
47711.0,0.0,0.02632135897874832
47712.0,0.0,0.0013214809587225318
47713.0,0.0,0.02419760823249817
47714.0,0.0,0.014777462929487228
47715.0,0.0,0.02803678810596466
47716.0,0.0,0.024906201288104057
47717.0,0.0,0.33927401900291443
47718.0,0.0,0.43402186036109924
47719.0,0.0,0.0030231603886932135
47720.0,0.0,0.017969094216823578
47721.0,0.0,0.025771109387278557
47722.0,0.0,0.06721670180559158
47723.0,0.0,0.05730250105261803
47724.0,0.0,0.023887183517217636
47725.0,1.0,0.8499495983123779
47726.0,0.0,0.017739813774824142
47727.0,0.0,0.024906201288104057
47728.0,0.0,0.025771109387278557
47729.0,0.0,0.02663862146437168
47730.0,0.0,0.03683403134346008
47731.0,0.0,0.01722889207303524
47732.0,0.0,0.01635638438165188
47733.0,0.0,0.056136466562747955
47734.0,0.0,0.011426706798374653
47735.0,0.0,0.017739813774824142
47736.0,0.0,0.003020623465999961
47737.0,1.0,0.017969094216823578
47738.0,0.0,0.05525912344455719
47739.0,0.0,0.02236247807741165
47740.0,0.0,0.025771109387278557
47741.0,0.0,0.016435613855719566
47742.0,0.0,0.025550583377480507
47743.0,1.0,0.43759867548942566
47744.0,0.0,0.05795514956116676
47745.0,0.0,0.0012999485479667783
47746.0,0.0,0.022913336753845215
47747.0,0.0,0.011426706798374653
47748.0,0.0,0.0016337033594027162
47749.0,0.0,0.027234036475419998
47750.0,1.0,0.024233181029558182
47751.0,0.0,0.015413998626172543
47752.0,0.0,0.025005033239722252
47753.0,0.0,0.003526357701048255
47754.0,0.0,0.016122156754136086
47755.0,0.0,0.017969094216823578
47756.0,0.0,0.04056795686483383
47757.0,0.0,0.02481570467352867
47758.0,0.0,0.026141773909330368
47759.0,1.0,0.32667824625968933
47760.0,0.0,0.025771109387278557
47761.0,0.0,0.05638376995921135
47762.0,0.0,0.01629883050918579
47763.0,0.0,0.0012720894301310182
47764.0,0.0,0.06266964226961136
47765.0,0.0,0.010268616490066051
47766.0,0.0,0.023636609315872192
47767.0,0.0,0.06260161846876144
47768.0,0.0,0.06989346444606781
47769.0,0.0,0.03096272423863411
47770.0,0.0,0.2373291254043579
47771.0,0.0,0.4510480761528015
47772.0,0.0,0.02236247807741165
47773.0,0.0,0.02314114384353161
47774.0,0.0,0.018086470663547516
47775.0,0.0,0.025873281061649323
47776.0,0.0,0.025005033239722252
47777.0,0.0,0.016674311831593513
47778.0,0.0,0.015223466791212559
47779.0,0.0,0.024556316435337067
47780.0,0.0,0.001449301722459495
47781.0,0.0,0.015413998626172543
47782.0,0.0,0.43125638365745544
47783.0,0.0,0.030025148764252663
47784.0,0.0,0.058941278606653214
47785.0,0.0,0.05708349123597145
47786.0,1.0,0.024590618908405304
47787.0,0.0,0.0015030310023576021
47788.0,1.0,0.776744544506073
47789.0,0.0,0.45111867785453796
47790.0,0.0,0.014124889858067036
47791.0,0.0,0.0013193896738812327
47792.0,0.0,0.02521074190735817
47793.0,0.0,0.0014202744932845235
47794.0,0.0,0.03710935637354851
47795.0,0.0,0.02526475116610527
47796.0,0.0,0.026425663381814957
47797.0,0.0,0.01899777166545391
47798.0,0.0,0.023568198084831238
47799.0,0.0,0.0013770321384072304
47800.0,0.0,0.0012908532517030835
47801.0,1.0,0.9764625430107117
47802.0,1.0,0.9747138619422913
47803.0,0.0,0.025771109387278557
47804.0,0.0,0.02826070226728916
47805.0,0.0,0.06536997854709625
47806.0,0.0,0.022331207990646362
47807.0,0.0,0.017969094216823578
47808.0,0.0,0.0029790604021400213
47809.0,0.0,0.03755959868431091
47810.0,0.0,0.015269888564944267
47811.0,0.0,0.013825992122292519
47812.0,0.0,0.02314114384353161
47813.0,0.0,0.02606891840696335
47814.0,0.0,0.025771109387278557
47815.0,0.0,0.022685261443257332
47816.0,0.0,0.015856554731726646
47817.0,0.0,0.43229568004608154
47818.0,0.0,0.025771109387278557
47819.0,0.0,0.01766781136393547
47820.0,0.0,0.025771109387278557
47821.0,0.0,0.4342096447944641
47822.0,0.0,0.01899777166545391
47823.0,0.0,0.046211566776037216
47824.0,0.0,0.027234036475419998
47825.0,0.0,0.038782041519880295
47826.0,0.0,0.015856554731726646
47827.0,1.0,0.42014530301094055
47828.0,1.0,0.9797070026397705
47829.0,0.0,0.016158010810613632
47830.0,0.0,0.4338332414627075
47831.0,0.0,0.02401922084391117
47832.0,0.0,0.02651994675397873
47833.0,0.0,0.02544485405087471
47834.0,0.0,0.024906201288104057
47835.0,0.0,0.024906201288104057
47836.0,0.0,0.014243694953620434
47837.0,0.0,0.01678997464478016
47838.0,0.0,0.02236247807741165
47839.0,0.0,0.026301685720682144
47840.0,0.0,0.04041016474366188
47841.0,0.0,0.023474901914596558
47842.0,0.0,0.025545770302414894
47843.0,1.0,0.013825992122292519
47844.0,0.0,0.01704694889485836
47845.0,0.0,0.025873281061649323
47846.0,0.0,0.024717602878808975
47847.0,0.0,0.017969094216823578
47848.0,0.0,0.016777299344539642
47849.0,0.0,0.029535578563809395
47850.0,0.0,0.0007881945348344743
47851.0,0.0,0.0013047066750004888
47852.0,0.0,0.023853830993175507
47853.0,0.0,0.0013536671176552773
47854.0,0.0,0.026481470093131065
47855.0,0.0,0.010713044553995132
47856.0,0.0,0.025771109387278557
47857.0,0.0,0.028332654386758804
47858.0,0.0,0.0014949098695069551
47859.0,0.0,0.022420059889554977
47860.0,0.0,0.028187638148665428
47861.0,1.0,0.0472479946911335
47862.0,0.0,0.025771109387278557
47863.0,0.0,0.025873281061649323
47864.0,0.0,0.013825992122292519
47865.0,0.0,0.025873281061649323
47866.0,0.0,0.0173247791826725
47867.0,0.0,0.0012999485479667783
47868.0,0.0,0.026122327893972397
47869.0,0.0,0.4445684850215912
47870.0,0.0,0.027234036475419998
47871.0,0.0,0.03508663550019264
47872.0,0.0,0.026122327893972397
47873.0,0.0,0.06398902088403702
47874.0,1.0,0.025743823498487473
47875.0,0.0,0.01045270822942257
47876.0,0.0,0.0012999485479667783
47877.0,0.0,0.4122503101825714
47878.0,0.0,0.02632135897874832
47879.0,0.0,0.3513956665992737
47880.0,0.0,0.0263888631016016
47881.0,0.0,0.02628469653427601
47882.0,0.0,0.02323314920067787
47883.0,0.0,0.01704694889485836
47884.0,0.0,0.026141773909330368
47885.0,0.0,0.4445684850215912
47886.0,0.0,0.0013694989029318094
47887.0,0.0,0.024717602878808975
47888.0,0.0,0.0246882326900959
47889.0,1.0,0.34169960021972656
47890.0,0.0,0.027234036475419998
47891.0,0.0,0.02323314920067787
47892.0,0.0,0.025545770302414894
47893.0,0.0,0.0014202744932845235
47894.0,0.0,0.028332654386758804
47895.0,0.0,0.025073513388633728
47896.0,0.0,0.025771109387278557
47897.0,1.0,0.41323480010032654
47898.0,0.0,0.02236247807741165
47899.0,0.0,0.05834890156984329
47900.0,0.0,0.3523220121860504
47901.0,0.0,0.024906201288104057
47902.0,0.0,0.024906201288104057
47903.0,0.0,0.02236247807741165
47904.0,0.0,0.0033106503542512655
47905.0,0.0,0.025873281061649323
47906.0,0.0,0.022420059889554977
47907.0,0.0,0.0014202744932845235
47908.0,0.0,0.0033153772819787264
47909.0,0.0,0.022451452910900116
47910.0,0.0,0.025545770302414894
47911.0,0.0,0.02323314920067787
47912.0,0.0,0.0690503939986229
47913.0,0.0,0.022331207990646362
47914.0,0.0,0.05998348444700241
47915.0,0.0,0.003244467545300722
47916.0,0.0,0.024906201288104057
47917.0,0.0,0.027234036475419998
47918.0,0.0,0.022685261443257332
47919.0,1.0,0.35549959540367126
47920.0,0.0,0.016994355246424675
47921.0,0.0,0.001447077956981957
47922.0,0.0,0.05978349223732948
47923.0,0.0,0.026301685720682144
47924.0,0.0,0.025771109387278557
47925.0,0.0,0.017474841326475143
47926.0,0.0,0.026122327893972397
47927.0,0.0,0.03755959868431091
47928.0,0.0,0.023616880178451538
47929.0,0.0,0.0032775981817394495
47930.0,0.0,0.0014566865283995867
47931.0,0.0,0.024590618908405304
47932.0,0.0,0.03527308255434036
47933.0,1.0,0.4476095139980316
47934.0,0.0,0.027955632656812668
47935.0,0.0,0.02526475116610527
47936.0,0.0,0.015413998626172543
47937.0,0.0,0.022331207990646362
47938.0,0.0,0.02632135897874832
47939.0,0.0,0.05795514956116676
47940.0,0.0,0.02544485405087471
47941.0,0.0,0.02440434880554676
47942.0,0.0,0.04158467799425125
47943.0,0.0,0.02560640685260296
47944.0,0.0,0.027234036475419998
47945.0,0.0,0.023887183517217636
47946.0,0.0,0.0013140484225004911
47947.0,0.0,0.0013193896738812327
47948.0,0.0,0.4122503101825714
47949.0,0.0,0.0297540370374918
47950.0,0.0,0.01575755886733532
47951.0,0.0,0.019839948043227196
47952.0,0.0,0.02314114384353161
47953.0,0.0,0.025005033239722252
47954.0,0.0,0.01899777166545391
47955.0,0.0,0.8525152802467346
47956.0,0.0,0.0031837711576372385
47957.0,0.0,0.01575755886733532
47958.0,0.0,0.02412227913737297
47959.0,0.0,0.02663862146437168
47960.0,0.0,0.02445853315293789
47961.0,0.0,0.027234036475419998
47962.0,0.0,0.0013714581727981567
47963.0,0.0,0.027234036475419998
47964.0,0.0,0.014243694953620434
47965.0,0.0,0.0014202744932845235
47966.0,0.0,0.02854803204536438
47967.0,0.0,0.016122156754136086
47968.0,0.0,0.025583310052752495
47969.0,0.0,0.024906201288104057
47970.0,0.0,0.0008371466537937522
47971.0,0.0,0.01704694889485836
47972.0,0.0,0.01722889207303524
47973.0,0.0,0.017969094216823578
47974.0,0.0,0.04266770929098129
47975.0,0.0,0.05817730352282524
47976.0,0.0,0.025245940312743187
47977.0,0.0,0.025771109387278557
47978.0,0.0,0.018040908500552177
47979.0,0.0,0.003296883078292012
47980.0,0.0,0.05817730352282524
47981.0,0.0,0.022451452910900116
47982.0,0.0,0.05607227236032486
47983.0,0.0,0.003603046527132392
47984.0,0.0,0.014588294550776482
47985.0,0.0,0.026425663381814957
47986.0,0.0,0.025873281061649323
47987.0,0.0,0.025283005088567734
47988.0,0.0,0.01678997464478016
47989.0,0.0,0.025550583377480507
47990.0,0.0,0.003504489315673709
47991.0,0.0,0.025873281061649323
47992.0,0.0,0.0012720894301310182
47993.0,0.0,0.027128420770168304
47994.0,0.0,0.027341853827238083
47995.0,0.0,0.0014693202683702111
47996.0,1.0,0.48022666573524475
47997.0,0.0,0.05761568993330002
47998.0,0.0,0.015878908336162567
47999.0,0.0,0.0287359319627285
48000.0,0.0,0.025771109387278557
48001.0,0.0,0.01722889207303524
48002.0,0.0,0.023409923538565636
48003.0,0.0,0.01729780063033104
48004.0,0.0,0.02660154178738594
48005.0,0.0,0.0013807386858388782
48006.0,0.0,0.024970166385173798
48007.0,0.0,0.0013462231727316976
48008.0,0.0,0.016435613855719566
48009.0,0.0,0.015223466791212559
48010.0,0.0,0.025771109387278557
48011.0,0.0,0.025771109387278557
48012.0,0.0,0.025771109387278557
48013.0,0.0,0.025550583377480507
48014.0,0.0,0.015223466791212559
48015.0,0.0,0.02207839861512184
48016.0,0.0,0.025771109387278557
48017.0,0.0,0.024906201288104057
48018.0,0.0,0.01575755886733532
48019.0,0.0,0.025545770302414894
48020.0,0.0,0.025005033239722252
48021.0,0.0,0.0182296484708786
48022.0,0.0,0.4392189085483551
48023.0,0.0,0.01642952486872673
48024.0,0.0,0.022532787173986435
48025.0,0.0,0.017008891329169273
48026.0,0.0,0.022420059889554977
48027.0,0.0,0.024871468544006348
48028.0,0.0,0.02314114384353161
48029.0,0.0,0.015413998626172543
48030.0,0.0,0.02632135897874832
48031.0,0.0,0.02632135897874832
48032.0,0.0,0.024944746866822243
48033.0,0.0,0.014061274006962776
48034.0,0.0,0.026744144037365913
48035.0,0.0,0.0014129901537671685
48036.0,0.0,0.015107985585927963
48037.0,0.0,0.017969094216823578
48038.0,0.0,0.017969094216823578
48039.0,0.0,0.025245940312743187
48040.0,0.0,0.023636609315872192
48041.0,0.0,0.02814936637878418
48042.0,0.0,0.014243694953620434
48043.0,0.0,0.02628469653427601
48044.0,0.0,0.4287012219429016
48045.0,0.0,0.0013591691385954618
48046.0,0.0,0.01133112795650959
48047.0,0.0,0.02628469653427601
48048.0,0.0,0.003244467545300722
48049.0,0.0,0.03793167695403099
48050.0,0.0,0.026425663381814957
48051.0,0.0,0.016661789268255234
48052.0,0.0,0.026744144037365913
48053.0,0.0,0.017968246713280678
48054.0,0.0,0.003526357701048255
48055.0,0.0,0.027021421119570732
48056.0,0.0,0.022331207990646362
48057.0,0.0,0.027234036475419998
48058.0,0.0,0.01749676652252674
48059.0,0.0,0.027341853827238083
48060.0,0.0,0.025771109387278557
48061.0,0.0,0.026146462187170982
48062.0,0.0,0.03373396769165993
48063.0,0.0,0.023636609315872192
48064.0,0.0,0.015878908336162567
48065.0,0.0,0.010952994227409363
48066.0,0.0,0.016435613855719566
48067.0,0.0,0.02314114384353161
48068.0,0.0,0.027234036475419998
48069.0,0.0,0.023922305554151535
48070.0,0.0,0.028187638148665428
48071.0,0.0,0.06618747115135193
48072.0,0.0,0.025229530408978462
48073.0,0.0,0.026122327893972397
48074.0,0.0,0.0014202744932845235
48075.0,0.0,0.02814936637878418
48076.0,0.0,0.019073618575930595
48077.0,0.0,0.014027321711182594
48078.0,0.0,0.016435613855719566
48079.0,0.0,0.06349930912256241
48080.0,0.0,0.023853830993175507
48081.0,1.0,0.4316074550151825
48082.0,0.0,0.025005033239722252
48083.0,0.0,0.031328391283750534
48084.0,0.0,0.02236247807741165
48085.0,0.0,0.057245396077632904
48086.0,0.0,0.4392189085483551
48087.0,0.0,0.0013770321384072304
48088.0,1.0,0.9763452410697937
48089.0,0.0,0.025873281061649323
48090.0,0.0,0.017008891329169273
48091.0,0.0,0.4454721212387085
48092.0,0.0,0.018215972930192947
48093.0,0.0,0.026425663381814957
48094.0,0.0,0.015556056052446365
48095.0,0.0,0.024871468544006348
48096.0,0.0,0.024871468544006348
48097.0,0.0,0.01618671976029873
48098.0,0.0,0.028147684410214424
48099.0,0.0,0.02854803204536438
48100.0,0.0,0.02632135897874832
48101.0,0.0,0.026122327893972397
48102.0,0.0,0.025545770302414894
48103.0,0.0,0.013356479816138744
48104.0,0.0,0.02628469653427601
48105.0,0.0,0.02445853315293789
48106.0,0.0,0.42550188302993774
48107.0,0.0,0.02660154178738594
48108.0,0.0,0.06113040819764137
48109.0,0.0,0.02632135897874832
48110.0,0.0,0.017020871862769127
48111.0,0.0,0.02628469653427601
48112.0,0.0,0.02814936637878418
48113.0,0.0,0.4517875015735626
48114.0,0.0,0.024717602878808975
48115.0,0.0,0.026122327893972397
48116.0,0.0,0.025913292542099953
48117.0,0.0,0.0013750650687143207
48118.0,0.0,0.02521074190735817
48119.0,0.0,0.02504478208720684
48120.0,0.0,0.003328826045617461
48121.0,0.0,0.0636674016714096
48122.0,0.0,0.04032939672470093
48123.0,0.0,0.024906201288104057
48124.0,0.0,0.0014513740316033363
48125.0,0.0,0.027913730591535568
48126.0,0.0,0.014777462929487228
48127.0,0.0,0.02381543442606926
48128.0,0.0,0.025873281061649323
48129.0,0.0,0.05682087689638138
48130.0,0.0,0.016777299344539642
48131.0,0.0,0.05522727221250534
48132.0,0.0,0.024909960106015205
48133.0,0.0,0.0014202744932845235
48134.0,0.0,0.024501239880919456
48135.0,0.0,0.037497278302907944
48136.0,0.0,0.011444635689258575
48137.0,0.0,0.03941935673356056
48138.0,0.0,0.012085461057722569
48139.0,0.0,0.01704694889485836
48140.0,0.0,0.016435613855719566
48141.0,0.0,0.016122156754136086
48142.0,0.0,0.025771109387278557
48143.0,0.0,0.023474901914596558
48144.0,0.0,0.02526475116610527
48145.0,0.0,0.023922305554151535
48146.0,0.0,0.01697045937180519
48147.0,0.0,0.0262258630245924
48148.0,0.0,0.023887183517217636
48149.0,0.0,0.06175331398844719
48150.0,0.0,0.028895776718854904
48151.0,0.0,0.4856451153755188
48152.0,0.0,0.0013895576121285558
48153.0,0.0,0.017378058284521103
48154.0,0.0,0.030163714662194252
48155.0,0.0,0.02709795907139778
48156.0,0.0,0.03600543364882469
48157.0,0.0,0.038782041519880295
48158.0,0.0,0.014621013775467873
48159.0,0.0,0.014777462929487228
48160.0,0.0,0.022135263308882713
48161.0,1.0,0.022847406566143036
48162.0,0.0,0.05817730352282524
48163.0,0.0,0.05848557502031326
48164.0,0.0,0.015413998626172543
48165.0,0.0,0.02355126105248928
48166.0,0.0,0.01618671976029873
48167.0,0.0,0.42579787969589233
48168.0,1.0,0.0014260467141866684
48169.0,0.0,0.025771109387278557
48170.0,0.0,0.013825992122292519
48171.0,0.0,0.025005033239722252
48172.0,0.0,0.022166267037391663
48173.0,0.0,0.018040908500552177
48174.0,0.0,0.024717602878808975
48175.0,0.0,0.02544485405087471
48176.0,1.0,0.05066057667136192
48177.0,0.0,0.024906201288104057
48178.0,0.0,0.4392189085483551
48179.0,0.0,0.04142071679234505
48180.0,0.0,0.02536497637629509
48181.0,0.0,0.024717602878808975
48182.0,0.0,0.0015653333393856883
48183.0,0.0,0.01685047335922718
48184.0,0.0,0.02632135897874832
48185.0,0.0,0.016122156754136086
48186.0,0.0,0.016435613855719566
48187.0,0.0,0.025771109387278557
48188.0,0.0,0.026425663381814957
48189.0,0.0,0.016674311831593513
48190.0,0.0,0.024717602878808975
48191.0,0.0,0.027234036475419998
48192.0,0.0,0.025005033239722252
48193.0,0.0,0.023636609315872192
48194.0,0.0,0.024906201288104057
48195.0,0.0,0.025771109387278557
48196.0,0.0,0.016777299344539642
48197.0,0.0,0.018215972930192947
48198.0,0.0,0.025771109387278557
48199.0,1.0,0.7966729998588562
48200.0,0.0,0.023922305554151535
48201.0,0.0,0.07039401680231094
48202.0,0.0,0.030025148764252663
48203.0,0.0,0.023922305554151535
48204.0,0.0,0.0018661250360310078
48205.0,0.0,0.003296883078292012
48206.0,0.0,0.02453019469976425
48207.0,0.0,0.43026041984558105
48208.0,0.0,0.025771109387278557
48209.0,0.0,0.028660891577601433
48210.0,0.0,0.025005033239722252
48211.0,0.0,0.0012266056146472692
48212.0,0.0,0.015345773659646511
48213.0,0.0,0.031031303107738495
48214.0,0.0,0.025771109387278557
48215.0,1.0,0.02381543442606926
48216.0,0.0,0.06123312562704086
48217.0,0.0,0.03822987526655197
48218.0,0.0,0.02814936637878418
48219.0,0.0,0.05730250105261803
48220.0,0.0,0.05812613666057587
48221.0,0.0,0.0242068562656641
48222.0,0.0,0.01607489213347435
48223.0,0.0,0.023853830993175507
48224.0,0.0,0.053872860968112946
48225.0,0.0,0.0031747405882924795
48226.0,0.0,0.01574668474495411
48227.0,0.0,0.024906201288104057
48228.0,0.0,0.06452606618404388
48229.0,1.0,0.9747138619422913
48230.0,0.0,0.024970166385173798
48231.0,0.0,0.016661789268255234
48232.0,0.0,0.02772528864443302
48233.0,0.0,0.05844329297542572
48234.0,0.0,0.04075709730386734
48235.0,0.0,0.013648834079504013
48236.0,0.0,0.05522727221250534
48237.0,0.0,0.0032090062741190195
48238.0,0.0,0.016435613855719566
48239.0,0.0,0.025005033239722252
48240.0,0.0,0.0013714581727981567
48241.0,0.0,0.0013160249218344688
48242.0,0.0,0.024717602878808975
48243.0,0.0,0.017478905618190765
48244.0,0.0,0.06175331398844719
48245.0,0.0,0.4037907123565674
48246.0,1.0,0.9260312914848328
48247.0,0.0,0.03834178298711777
48248.0,0.0,0.02697308547794819
48249.0,0.0,0.0014693202683702111
48250.0,0.0,0.015413998626172543
48251.0,0.0,0.015856554731726646
48252.0,0.0,0.01574668474495411
48253.0,0.0,0.027234036475419998
48254.0,0.0,0.015413998626172543
48255.0,0.0,0.02667977847158909
48256.0,0.0,0.04019296169281006
48257.0,0.0,0.013648834079504013
48258.0,0.0,0.04676879569888115
48259.0,0.0,0.024906201288104057
48260.0,0.0,0.02765272557735443
48261.0,0.0,0.031328391283750534
48262.0,0.0,0.05907125025987625
48263.0,0.0,0.036397580057382584
48264.0,0.0,0.05690331757068634
48265.0,0.0,0.015223466791212559
48266.0,0.0,0.4185042083263397
48267.0,0.0,0.01685047335922718
48268.0,0.0,0.43026041984558105
48269.0,0.0,0.02734609693288803
48270.0,0.0,0.07461676001548767
48271.0,0.0,0.02632135897874832
48272.0,0.0,0.03634200617671013
48273.0,0.0,0.0013714581727981567
48274.0,0.0,0.024906201288104057
48275.0,0.0,0.03634200617671013
48276.0,0.0,0.019839948043227196
48277.0,0.0,0.015938570722937584
48278.0,0.0,0.01754879392683506
48279.0,0.0,0.01158476434648037
48280.0,0.0,0.025771109387278557
48281.0,0.0,0.06175331398844719
48282.0,0.0,0.025873281061649323
48283.0,0.0,0.060015689581632614
48284.0,0.0,0.04097719117999077
48285.0,0.0,0.0012720894301310182
48286.0,0.0,0.019073618575930595
48287.0,0.0,0.05708349123597145
48288.0,0.0,0.061627063900232315
48289.0,0.0,0.015724515542387962
48290.0,0.0,0.02531747706234455
48291.0,0.0,0.025771109387278557
48292.0,0.0,0.001422525616362691
48293.0,0.0,0.024289600551128387
48294.0,0.0,0.02632135897874832
48295.0,0.0,0.011776643805205822
48296.0,0.0,0.015246058814227581
48297.0,0.0,0.4122503101825714
48298.0,0.0,0.0263888631016016
48299.0,0.0,0.024304689839482307
48300.0,0.0,0.015413998626172543
48301.0,0.0,0.023636609315872192
48302.0,1.0,0.4616709053516388
48303.0,0.0,0.025245940312743187
48304.0,0.0,0.05172668769955635
48305.0,0.0,0.022047515958547592
48306.0,0.0,0.02236247807741165
48307.0,0.0,0.02314114384353161
48308.0,0.0,0.01575755886733532
48309.0,0.0,0.018199829384684563
48310.0,0.0,0.0013334295945242047
48311.0,0.0,0.026425663381814957
48312.0,0.0,0.02331724390387535
48313.0,0.0,0.02641528844833374
48314.0,0.0,0.06368388235569
48315.0,0.0,0.04019296169281006
48316.0,0.0,0.07039401680231094
48317.0,0.0,0.030525844544172287
48318.0,0.0,0.0013916846364736557
48319.0,0.0,0.018040908500552177
48320.0,0.0,0.02544485405087471
48321.0,0.0,0.016293639317154884
48322.0,0.0,0.025771109387278557
48323.0,0.0,0.025771109387278557
48324.0,0.0,0.024717602878808975
48325.0,0.0,0.024906201288104057
48326.0,0.0,0.04332609102129936
48327.0,0.0,0.0015030310023576021
48328.0,0.0,0.02381543442606926
48329.0,0.0,0.016994355246424675
48330.0,0.0,0.03106181137263775
48331.0,0.0,0.028621075674891472
48332.0,0.0,0.04243891313672066
48333.0,0.0,0.018330127000808716
48334.0,0.0,0.0013714581727981567
48335.0,0.0,0.027234036475419998
48336.0,0.0,0.014891373924911022
48337.0,0.0,0.019177276641130447
48338.0,0.0,0.024906201288104057
48339.0,0.0,0.02784525230526924
48340.0,0.0,0.026141773909330368
48341.0,0.0,0.014870388433337212
48342.0,0.0,0.0013608243316411972
48343.0,0.0,0.0014202744932845235
48344.0,0.0,0.0013714581727981567
48345.0,0.0,0.06113040819764137
48346.0,0.0,0.014743927866220474
48347.0,0.0,0.0015030310023576021
48348.0,0.0,0.05668323487043381
48349.0,0.0,0.024906201288104057
48350.0,0.0,0.026122327893972397
48351.0,0.0,0.016994355246424675
48352.0,0.0,0.0012315916828811169
48353.0,0.0,0.04354483634233475
48354.0,0.0,0.02323314920067787
48355.0,0.0,0.02314114384353161
48356.0,0.0,0.016435613855719566
48357.0,1.0,0.8517132997512817
48358.0,0.0,0.015903720632195473
48359.0,0.0,0.01781909540295601
48360.0,0.0,0.014243694953620434
48361.0,0.0,0.022847406566143036
48362.0,0.0,0.010575352236628532
48363.0,0.0,0.025771109387278557
48364.0,0.0,0.03683403134346008
48365.0,0.0,0.02663862146437168
48366.0,0.0,0.02445853315293789
48367.0,0.0,0.001392714912071824
48368.0,0.0,0.4360010325908661
48369.0,0.0,0.016435613855719566
48370.0,0.0,0.023721186444163322
48371.0,0.0,0.06498962640762329
48372.0,0.0,0.05708349123597145
48373.0,0.0,0.02663862146437168
48374.0,0.0,0.025245940312743187
48375.0,0.0,0.02355126105248928
48376.0,0.0,0.029936516657471657
48377.0,0.0,0.025771109387278557
48378.0,0.0,0.024717602878808975
48379.0,1.0,0.48670899868011475
48380.0,0.0,0.024906201288104057
48381.0,0.0,0.018040908500552177
48382.0,0.0,0.02236247807741165
48383.0,1.0,0.01689310371875763
48384.0,0.0,0.01722889207303524
48385.0,0.0,0.027001334354281425
48386.0,0.0,0.02323314920067787
48387.0,0.0,0.02628469653427601
48388.0,0.0,0.02236247807741165
48389.0,0.0,0.026301685720682144
48390.0,0.0,0.017969094216823578
48391.0,0.0,0.016688881441950798
48392.0,0.0,0.016435613855719566
48393.0,0.0,0.026425663381814957
48394.0,0.0,0.02663862146437168
48395.0,0.0,0.018215972930192947
48396.0,0.0,0.024906201288104057
48397.0,0.0,0.015223466791212559
48398.0,0.0,0.0013047066750004888
48399.0,0.0,0.027341853827238083
48400.0,0.0,0.04475943744182587
48401.0,0.0,0.015724515542387962
48402.0,0.0,0.009604624472558498
48403.0,0.0,0.024970166385173798
48404.0,0.0,0.02602090686559677
48405.0,0.0,0.029535578563809395
48406.0,0.0,0.05059177801012993
48407.0,0.0,0.015856554731726646
48408.0,0.0,0.0033322018571197987
48409.0,0.0,0.017115140333771706
48410.0,0.0,0.025346089154481888
48411.0,0.0,0.014114202931523323
48412.0,0.0,0.02445853315293789
48413.0,0.0,0.0028768209740519524
48414.0,0.0,0.02445853315293789
48415.0,0.0,0.02507074922323227
48416.0,0.0,0.025771109387278557
48417.0,0.0,0.024906201288104057
48418.0,0.0,0.4122503101825714
48419.0,0.0,0.02314114384353161
48420.0,0.0,0.039917442947626114
48421.0,0.0,0.017739813774824142
48422.0,0.0,0.024906201288104057
48423.0,0.0,0.0014202744932845235
48424.0,0.0,0.02445853315293789
48425.0,0.0,0.05708349123597145
48426.0,0.0,0.41751599311828613
48427.0,0.0,0.022166267037391663
48428.0,0.0,0.025545770302414894
48429.0,0.0,0.03922644257545471
48430.0,0.0,0.06895846128463745
48431.0,0.0,0.025771109387278557
48432.0,0.0,0.027341853827238083
48433.0,0.0,0.003855479182675481
48434.0,0.0,0.024717602878808975
48435.0,0.0,0.0032379664480686188
48436.0,0.0,0.05522727221250534
48437.0,0.0,0.009604624472558498
48438.0,0.0,0.015413998626172543
48439.0,0.0,0.027234036475419998
48440.0,0.0,0.023922305554151535
48441.0,0.0,0.027234036475419998
48442.0,0.0,0.02660154178738594
48443.0,0.0,0.0014202744932845235
48444.0,0.0,0.02236247807741165
48445.0,0.0,0.03348923847079277
48446.0,1.0,0.43061134219169617
48447.0,0.0,0.06175331398844719
48448.0,0.0,0.02814936637878418
48449.0,0.0,0.02632135897874832
48450.0,0.0,0.01629883050918579
48451.0,0.0,0.014276108704507351
48452.0,0.0,0.024906201288104057
48453.0,0.0,0.02314114384353161
48454.0,0.0,0.054085057228803635
48455.0,0.0,0.001488859299570322
48456.0,0.0,0.4465901553630829
48457.0,0.0,0.01704694889485836
48458.0,0.0,0.0014018514193594456
48459.0,0.0,0.028094260022044182
48460.0,0.0,0.02854803204536438
48461.0,0.0,0.02854803204536438
48462.0,0.0,0.04371431842446327
48463.0,0.0,0.018040908500552177
48464.0,1.0,0.9963411688804626
48465.0,0.0,0.05846336856484413
48466.0,0.0,0.015878908336162567
48467.0,0.0,0.003296883078292012
48468.0,0.0,0.025771109387278557
48469.0,0.0,0.0014693202683702111
48470.0,0.0,0.05708349123597145
48471.0,0.0,0.0014350505080074072
48472.0,0.0,0.02323314920067787
48473.0,0.0,0.019073618575930595
48474.0,0.0,0.025373326614499092
48475.0,0.0,0.024717602878808975
48476.0,0.0,0.022365860641002655
48477.0,0.0,0.023887183517217636
48478.0,0.0,0.01608537882566452
48479.0,0.0,0.023853830993175507
48480.0,0.0,0.016853002831339836
48481.0,1.0,0.025873281061649323
48482.0,0.0,0.026141773909330368
48483.0,0.0,0.01899777166545391
48484.0,0.0,0.02663862146437168
48485.0,0.0,0.056600261479616165
48486.0,0.0,0.025771109387278557
48487.0,0.0,0.0016193799674510956
48488.0,0.0,0.02398207224905491
48489.0,0.0,0.0015549295349046588
48490.0,0.0,0.01722889207303524
48491.0,0.0,0.0013047066750004888
48492.0,0.0,0.058941278606653214
48493.0,0.0,0.030163714662194252
48494.0,0.0,0.024717602878808975
48495.0,0.0,0.018040908500552177
48496.0,0.0,0.025771109387278557
48497.0,0.0,0.015878908336162567
48498.0,0.0,0.01685047335922718
48499.0,0.0,0.02544485405087471
48500.0,0.0,0.025346089154481888
48501.0,0.0,0.04019296169281006
48502.0,0.0,0.017378058284521103
48503.0,0.0,0.024906201288104057
48504.0,0.0,0.032610755413770676
48505.0,0.0,0.06399565190076828
48506.0,0.0,0.025873281061649323
48507.0,0.0,0.016853002831339836
48508.0,0.0,0.025684760883450508
48509.0,0.0,0.010245205834507942
48510.0,0.0,0.0015091396635398269
48511.0,0.0,0.025771109387278557
48512.0,0.0,0.02608109824359417
48513.0,0.0,0.02061801590025425
48514.0,0.0,0.0012720894301310182
48515.0,0.0,0.025873281061649323
48516.0,0.0,0.02314114384353161
48517.0,0.0,0.03224973380565643
48518.0,0.0,0.028024164959788322
48519.0,0.0,0.015331731177866459
48520.0,0.0,0.023922305554151535
48521.0,0.0,0.035130035132169724
48522.0,0.0,0.0451166108250618
48523.0,0.0,0.024906201288104057
48524.0,0.0,0.018086470663547516
48525.0,0.0,0.02814936637878418
48526.0,0.0,0.06047720089554787
48527.0,0.0,0.025771109387278557
48528.0,0.0,0.025771109387278557
48529.0,0.0,0.001449301722459495
48530.0,0.0,0.025005033239722252
48531.0,0.0,0.024906201288104057
48532.0,0.0,0.015223466791212559
48533.0,0.0,0.02236247807741165
48534.0,0.0,0.025771109387278557
48535.0,0.0,0.02544485405087471
48536.0,0.0,0.02663862146437168
48537.0,0.0,0.05582575500011444
48538.0,0.0,0.023616880178451538
48539.0,0.0,0.024906201288104057
48540.0,0.0,0.025873281061649323
48541.0,0.0,0.02663862146437168
48542.0,0.0,0.019073618575930595
48543.0,0.0,0.022331207990646362
48544.0,0.0,0.026425663381814957
48545.0,0.0,0.025771109387278557
48546.0,0.0,0.026425663381814957
48547.0,0.0,0.04614757001399994
48548.0,0.0,0.025771109387278557
48549.0,0.0,0.037497278302907944
48550.0,0.0,0.024906201288104057
48551.0,0.0,0.024906201288104057
48552.0,0.0,0.02663862146437168
48553.0,0.0,0.001449301722459495
48554.0,0.0,0.05638376995921135
48555.0,0.0,0.0013431700645014644
48556.0,0.0,0.017816275358200073
48557.0,0.0,0.024906201288104057
48558.0,0.0,0.03859657794237137
48559.0,0.0,0.027234036475419998
48560.0,1.0,0.33927401900291443
48561.0,0.0,0.02314114384353161
48562.0,0.0,0.02814936637878418
48563.0,0.0,0.02536497637629509
48564.0,0.0,0.03458906710147858
48565.0,0.0,0.01685047335922718
48566.0,0.0,0.027234036475419998
48567.0,0.0,0.027234036475419998
48568.0,0.0,0.0008660730673000216
48569.0,0.0,0.025771109387278557
48570.0,0.0,0.025771109387278557
48571.0,0.0,0.027234036475419998
48572.0,0.0,0.02526475116610527
48573.0,0.0,0.023887183517217636
48574.0,0.0,0.05525912344455719
48575.0,1.0,0.017378058284521103
48576.0,0.0,0.04243891313672066
48577.0,0.0,0.024906201288104057
48578.0,0.0,0.0421297550201416
48579.0,0.0,0.027234036475419998
48580.0,0.0,0.021197669208049774
48581.0,0.0,0.026963751763105392
48582.0,0.0,0.025771109387278557
48583.0,0.0,0.01697045937180519
48584.0,0.0,0.015553967095911503
48585.0,0.0,0.027341853827238083
48586.0,0.0,0.025245940312743187
48587.0,0.0,0.025771109387278557
48588.0,0.0,0.0014401210937649012
48589.0,0.0,0.02475586347281933
48590.0,0.0,0.02526475116610527
48591.0,0.0,0.02358420193195343
48592.0,0.0,0.022678134962916374
48593.0,0.0,0.01562632992863655
48594.0,0.0,0.049772925674915314
48595.0,0.0,0.0014018514193594456
48596.0,0.0,0.058941278606653214
48597.0,1.0,0.02355126105248928
48598.0,0.0,0.025245940312743187
48599.0,0.0,0.03077230602502823
48600.0,0.0,0.017969094216823578
48601.0,0.0,0.02632135897874832
48602.0,0.0,0.025771109387278557
48603.0,0.0,0.017969094216823578
48604.0,0.0,0.003680066205561161
48605.0,0.0,0.02663862146437168
48606.0,0.0,0.0013714581727981567
48607.0,0.0,0.024854116141796112
48608.0,0.0,0.022847406566143036
48609.0,0.0,0.05607227236032486
48610.0,0.0,0.05414264649152756
48611.0,0.0,0.0015455215470865369
48612.0,0.0,0.02803678810596466
48613.0,0.0,0.02445853315293789
48614.0,0.0,0.025771109387278557
48615.0,0.0,0.018700268119573593
48616.0,0.0,0.02526475116610527
48617.0,0.0,0.01241949200630188
48618.0,0.0,0.02632135897874832
48619.0,0.0,0.027234036475419998
48620.0,0.0,0.06060356646776199
48621.0,0.0,0.024906201288104057
48622.0,0.0,0.015096615068614483
48623.0,0.0,0.0013714581727981567
48624.0,0.0,0.015590906143188477
48625.0,0.0,0.05685824900865555
48626.0,0.0,0.06175331398844719
48627.0,0.0,0.02641528844833374
48628.0,0.0,0.0273841954767704
48629.0,0.0,0.025545770302414894
48630.0,0.0,0.027234036475419998
48631.0,0.0,0.011022149585187435
48632.0,0.0,0.015413998626172543
48633.0,0.0,0.03752155229449272
48634.0,0.0,0.022653555497527122
48635.0,0.0,0.06344211101531982
48636.0,0.0,0.025771109387278557
48637.0,0.0,0.024906201288104057
48638.0,0.0,0.34842145442962646
48639.0,0.0,0.027234036475419998
48640.0,1.0,0.9776727557182312
48641.0,0.0,0.025873281061649323
48642.0,0.0,0.02560640685260296
48643.0,0.0,0.02398207224905491
48644.0,0.0,0.4392189085483551
48645.0,0.0,0.024906201288104057
48646.0,0.0,0.019134728237986565
48647.0,1.0,0.42605772614479065
48648.0,0.0,0.024556316435337067
48649.0,0.0,0.027341853827238083
48650.0,0.0,0.055439580231904984
48651.0,0.0,0.024906201288104057
48652.0,0.0,0.062166977673769
48653.0,0.0,0.06021404266357422
48654.0,0.0,0.062166977673769
48655.0,0.0,0.026744144037365913
48656.0,0.0,0.02236247807741165
48657.0,0.0,0.025005033239722252
48658.0,0.0,0.02521074190735817
48659.0,0.0,0.0014572733780369163
48660.0,0.0,0.026425663381814957
48661.0,0.0,0.2399931102991104
48662.0,0.0,0.02395937219262123
48663.0,0.0,0.0012193338479846716
48664.0,0.0,0.01506237406283617
48665.0,0.0,0.025005033239722252
48666.0,0.0,0.02236247807741165
48667.0,0.0,0.024906201288104057
48668.0,0.0,0.023924192413687706
48669.0,0.0,0.03888615220785141
48670.0,0.0,0.025873281061649323
48671.0,0.0,0.02663862146437168
48672.0,0.0,0.025771109387278557
48673.0,0.0,0.025810956954956055
48674.0,0.0,0.02314114384353161
48675.0,0.0,0.03941935673356056
48676.0,0.0,0.015938570722937584
48677.0,0.0,0.027234036475419998
48678.0,0.0,0.05902445688843727
48679.0,0.0,0.02663862146437168
48680.0,0.0,0.025771109387278557
48681.0,0.0,0.0013772451784461737
48682.0,0.0,0.025873281061649323
48683.0,0.0,0.04243891313672066
48684.0,0.0,0.022331207990646362
48685.0,0.0,0.024906201288104057
48686.0,0.0,0.029278311878442764
48687.0,1.0,0.4316074550151825
48688.0,0.0,0.02517021633684635
48689.0,0.0,0.02502305433154106
48690.0,0.0,0.02426704578101635
48691.0,0.0,0.01678997464478016
48692.0,0.0,0.07595106214284897
48693.0,0.0,0.05515262857079506
48694.0,0.0,0.027234036475419998
48695.0,0.0,0.0182296484708786
48696.0,0.0,0.062166977673769
48697.0,0.0,0.024871468544006348
48698.0,0.0,0.4532330334186554
48699.0,0.0,0.06368388235569
48700.0,0.0,0.02236247807741165
48701.0,0.0,0.0014513740316033363
48702.0,0.0,0.016435613855719566
48703.0,0.0,0.024906201288104057
48704.0,0.0,0.028508367016911507
48705.0,0.0,0.058941278606653214
48706.0,0.0,0.02323314920067787
48707.0,0.0,0.017969094216823578
48708.0,0.0,0.023853830993175507
48709.0,0.0,0.024590618908405304
48710.0,0.0,0.02358420193195343
48711.0,0.0,0.01722889207303524
48712.0,0.0,0.01575755886733532
48713.0,1.0,0.4545174837112427
48714.0,0.0,0.02398207224905491
48715.0,0.0,0.0013431700645014644
48716.0,0.0,0.017816275358200073
48717.0,0.0,0.024871468544006348
48718.0,0.0,0.0014401210937649012
48719.0,0.0,0.0014202744932845235
48720.0,0.0,0.02314114384353161
48721.0,0.0,0.024906201288104057
48722.0,0.0,0.0159847903996706
48723.0,1.0,0.024717602878808975
48724.0,0.0,0.02653190866112709
48725.0,1.0,0.4470437467098236
48726.0,0.0,0.029687168076634407
48727.0,0.0,0.024909960106015205
48728.0,0.0,0.003381241811439395
48729.0,0.0,0.017768170684576035
48730.0,0.0,0.02632135897874832
48731.0,0.0,0.017008891329169273
48732.0,1.0,0.4006469249725342
48733.0,0.0,0.01740630343556404
48734.0,0.0,0.014297300949692726
48735.0,0.0,0.05817730352282524
48736.0,0.0,0.01899777166545391
48737.0,0.0,0.01618671976029873
48738.0,0.0,0.03710399940609932
48739.0,1.0,0.4392189085483551
48740.0,0.0,0.025771109387278557
48741.0,1.0,0.4588946998119354
48742.0,0.0,0.02544485405087471
48743.0,0.0,0.02323314920067787
48744.0,0.0,0.015413998626172543
48745.0,0.0,0.022420059889554977
48746.0,0.0,0.02481570467352867
48747.0,0.0,0.4476095139980316
48748.0,1.0,0.060643456876277924
48749.0,0.0,0.0014260467141866684
48750.0,1.0,0.017969094216823578
48751.0,0.0,0.02632135897874832
48752.0,0.0,0.026122327893972397
48753.0,1.0,0.4360010325908661
48754.0,0.0,0.05538422241806984
48755.0,0.0,0.02667977847158909
48756.0,0.0,0.025771109387278557
48757.0,0.0,0.04788393899798393
48758.0,0.0,0.024906201288104057
48759.0,0.0,0.03749186545610428
48760.0,0.0,0.02544485405087471
48761.0,0.0,0.026301685720682144
48762.0,0.0,0.05345886945724487
48763.0,0.0,0.06188701465725899
48764.0,1.0,0.9960840940475464
48765.0,0.0,0.02445853315293789
48766.0,0.0,0.027167392894625664
48767.0,0.0,0.016994355246424675
48768.0,0.0,0.02481570467352867
48769.0,0.0,0.001552709611132741
48770.0,0.0,0.014743927866220474
48771.0,1.0,0.4522433280944824
48772.0,0.0,0.025771109387278557
48773.0,0.0,0.01678997464478016
48774.0,0.0,0.025873281061649323
48775.0,0.0,0.016674311831593513
48776.0,1.0,0.3979185223579407
48777.0,0.0,0.027021421119570732
48778.0,0.0,0.025873281061649323
48779.0,0.0,0.4711918830871582
48780.0,0.0,0.056600261479616165
48781.0,0.0,0.027234036475419998
48782.0,0.0,0.023853830993175507
48783.0,0.0,0.023887183517217636
48784.0,0.0,0.02236247807741165
48785.0,0.0,0.0185039434581995
48786.0,0.0,0.03889988735318184
48787.0,0.0,0.05656439810991287
48788.0,0.0,0.02445853315293789
48789.0,0.0,0.023887183517217636
48790.0,0.0,0.06021404266357422
48791.0,0.0,0.02544485405087471
48792.0,0.0,0.4392189085483551
48793.0,0.0,0.0013770321384072304
48794.0,0.0,0.025651903823018074
48795.0,0.0,0.012085461057722569
48796.0,0.0,0.0031837711576372385
48797.0,1.0,0.4616709053516388
48798.0,0.0,0.025873281061649323
48799.0,0.0,0.06113040819764137
48800.0,0.0,0.0626082718372345
48801.0,0.0,0.019770890474319458
48802.0,0.0,0.02544485405087471
48803.0,0.0,0.026706915348768234
48804.0,0.0,0.018544992431998253
48805.0,0.0,0.0014202744932845235
48806.0,0.0,0.0034331486094743013
48807.0,0.0,0.02323314920067787
48808.0,0.0,0.01899777166545391
48809.0,0.0,0.025245940312743187
48810.0,0.0,0.1252300888299942
48811.0,0.0,0.024906201288104057
48812.0,0.0,0.02314114384353161
48813.0,0.0,0.02632135897874832
48814.0,0.0,0.025310751050710678
48815.0,0.0,0.025771109387278557
48816.0,0.0,0.02632135897874832
48817.0,0.0,0.0012999485479667783
48818.0,0.0,0.016293639317154884
48819.0,0.0,0.02641528844833374
48820.0,0.0,0.02440434880554676
48821.0,0.0,0.02363274246454239
48822.0,0.0,0.015107985585927963
48823.0,0.0,0.05915968492627144
48824.0,0.0,0.011426706798374653
48825.0,0.0,0.024906201288104057
48826.0,0.0,0.023636609315872192
48827.0,0.0,0.024717602878808975
48828.0,0.0,0.016225576400756836
48829.0,0.0,0.03559403866529465
48830.0,0.0,0.023948587477207184
48831.0,0.0,0.014891373924911022
48832.0,0.0,0.02632135897874832
48833.0,0.0,0.02358420193195343
48834.0,0.0,0.017969094216823578
48835.0,0.0,0.023887183517217636
48836.0,0.0,0.015675872564315796
48837.0,0.0,0.05730250105261803
48838.0,1.0,0.4197966754436493
48839.0,0.0,0.036820992827415466
48840.0,0.0,0.014255979098379612
48841.0,1.0,0.4442150890827179
48842.0,0.0,0.0014202744932845235
48843.0,0.0,0.025873281061649323
48844.0,0.0,0.02632135897874832
48845.0,0.0,0.0034005448687821627
48846.0,1.0,0.8367125391960144
48847.0,0.0,0.017969094216823578
48848.0,0.0,0.0262258630245924
48849.0,0.0,0.02507074922323227
48850.0,0.0,0.016097549349069595
48851.0,0.0,0.04596911370754242
48852.0,0.0,0.018040908500552177
48853.0,0.0,0.025771109387278557
48854.0,0.0,0.0012720894301310182
48855.0,0.0,0.026301685720682144
48856.0,0.0,0.014276108704507351
48857.0,0.0,0.024590618908405304
48858.0,0.0,0.003206670517101884
48859.0,0.0,0.024906201288104057
48860.0,0.0,0.024906201288104057
48861.0,0.0,0.025771109387278557
48862.0,0.0,0.06640664488077164
48863.0,0.0,0.01575755886733532
48864.0,0.0,0.015202022157609463
48865.0,0.0,0.016435613855719566
48866.0,0.0,0.023568198084831238
48867.0,0.0,0.017336970195174217
48868.0,0.0,0.05787777155637741
48869.0,0.0,0.024510623887181282
48870.0,1.0,0.05623804032802582
48871.0,0.0,0.025771109387278557
48872.0,0.0,0.02544485405087471
48873.0,0.0,0.019073618575930595
48874.0,0.0,0.01899777166545391
48875.0,0.0,0.016435613855719566
48876.0,0.0,0.024590618908405304
48877.0,0.0,0.011426706798374653
48878.0,0.0,0.0013431700645014644
48879.0,0.0,0.01758851297199726
48880.0,0.0,0.02624538727104664
48881.0,0.0,0.030163714662194252
48882.0,1.0,0.026141773909330368
48883.0,0.0,0.025346089154481888
48884.0,0.0,0.02641528844833374
48885.0,0.0,0.024590618908405304
48886.0,0.0,0.017969094216823578
48887.0,0.0,0.02814936637878418
48888.0,0.0,0.022451452910900116
48889.0,0.0,0.023887183517217636
48890.0,0.0,0.010245205834507942
48891.0,0.0,0.03957344591617584
48892.0,0.0,0.02314114384353161
48893.0,0.0,0.025005033239722252
48894.0,0.0,0.02544485405087471
48895.0,0.0,0.024433191865682602
48896.0,0.0,0.015413998626172543
48897.0,0.0,0.03167172521352768
48898.0,0.0,0.01562632992863655
48899.0,0.0,0.024871468544006348
48900.0,0.0,0.02179497294127941
48901.0,0.0,0.0031331481877714396
48902.0,0.0,0.4486140012741089
48903.0,0.0,0.0013160249218344688
48904.0,0.0,0.027234036475419998
48905.0,0.0,0.0012999485479667783
48906.0,0.0,0.01678997464478016
48907.0,0.0,0.02314114384353161
48908.0,0.0,0.024906201288104057
48909.0,0.0,0.001317504676990211
48910.0,0.0,0.06512225419282913
48911.0,0.0,0.02660154178738594
48912.0,0.0,0.026141773909330368
48913.0,0.0,0.4392189085483551
48914.0,0.0,0.025771109387278557
48915.0,0.0,0.06021404266357422
48916.0,0.0,0.024906201288104057
48917.0,0.0,0.026425663381814957
48918.0,0.0,0.0013315248070284724
48919.0,0.0,0.025771109387278557
48920.0,0.0,0.02323314920067787
48921.0,0.0,0.022938264533877373
48922.0,0.0,0.015938570722937584
48923.0,0.0,0.02323314920067787
48924.0,0.0,0.02663862146437168
48925.0,0.0,0.024590618908405304
48926.0,0.0,0.024717602878808975
48927.0,1.0,0.02314114384353161
48928.0,0.0,0.02481570467352867
48929.0,0.0,0.0014513740316033363
48930.0,0.0,0.023393183946609497
48931.0,0.0,0.05795514956116676
48932.0,0.0,0.016225576400756836
48933.0,0.0,0.05741441249847412
48934.0,0.0,0.015444842167198658
48935.0,0.0,0.026141773909330368
48936.0,0.0,0.024590618908405304
48937.0,0.0,0.01629883050918579
48938.0,0.0,0.02663862146437168
48939.0,1.0,0.9963411688804626
48940.0,0.0,0.024906201288104057
48941.0,0.0,0.017968246713280678
48942.0,0.0,0.4516027271747589
48943.0,0.0,0.015878908336162567
48944.0,0.0,0.025771109387278557
48945.0,0.0,0.022653555497527122
48946.0,0.0,0.024906201288104057
48947.0,0.0,0.0246882326900959
48948.0,0.0,0.01575755886733532
48949.0,0.0,0.025771109387278557
48950.0,0.0,0.02236247807741165
48951.0,0.0,0.027234036475419998
48952.0,0.0,0.0020212039817124605
48953.0,0.0,0.02663862146437168
48954.0,0.0,0.039917442947626114
48955.0,0.0,0.0014202744932845235
48956.0,0.0,0.04266770929098129
48957.0,0.0,0.3513956665992737
48958.0,0.0,0.025771109387278557
48959.0,0.0,0.022775495424866676
48960.0,1.0,0.027021421119570732
48961.0,0.0,0.022451452910900116
48962.0,0.0,0.24850521981716156
48963.0,0.0,0.025810956954956055
48964.0,0.0,0.02660154178738594
48965.0,0.0,0.02608109824359417
48966.0,0.0,0.035886865109205246
48967.0,0.0,0.024555636569857597
48968.0,0.0,0.0013140484225004911
48969.0,0.0,0.017378058284521103
48970.0,0.0,0.024590618908405304
48971.0,0.0,0.0014693202683702111
48972.0,0.0,0.024717602878808975
48973.0,0.0,0.011716638691723347
48974.0,0.0,0.023405183106660843
48975.0,0.0,0.011426706798374653
48976.0,1.0,0.025005033239722252
48977.0,0.0,0.05237181484699249
48978.0,0.0,0.016435613855719566
48979.0,1.0,0.4750063121318817
48980.0,0.0,0.027859127148985863
48981.0,0.0,0.024906201288104057
48982.0,0.0,0.02632135897874832
48983.0,0.0,0.016661789268255234
48984.0,0.0,0.015878908336162567
48985.0,0.0,0.039906181395053864
48986.0,0.0,0.02632135897874832
48987.0,0.0,0.0166483037173748
48988.0,1.0,0.4379509687423706
48989.0,0.0,0.024017333984375
48990.0,0.0,0.022331207990646362
48991.0,0.0,0.0012720894301310182
48992.0,0.0,0.02663862146437168
48993.0,0.0,0.04266770929098129
48994.0,0.0,0.05522727221250534
48995.0,0.0,0.022331207990646362
48996.0,0.0,0.027234036475419998
48997.0,0.0,0.027234036475419998
48998.0,0.0,0.015594031661748886
48999.0,0.0,0.011426706798374653
49000.0,0.0,0.02507074922323227
49001.0,0.0,0.002935180440545082
49002.0,0.0,0.025771109387278557
49003.0,0.0,0.06021404266357422
49004.0,0.0,0.0014202744932845235
49005.0,0.0,0.024871468544006348
49006.0,0.0,0.040753159672021866
49007.0,0.0,0.016710296273231506
49008.0,0.0,0.025229530408978462
49009.0,0.0,0.02709795907139778
49010.0,0.0,0.025771109387278557
49011.0,0.0,0.025651903823018074
49012.0,1.0,0.02632135897874832
49013.0,0.0,0.024906201288104057
49014.0,0.0,0.016994355246424675
49015.0,0.0,0.026122327893972397
49016.0,0.0,0.02663862146437168
49017.0,0.0,0.02663862146437168
49018.0,0.0,0.020308347418904305
49019.0,0.0,0.025550583377480507
49020.0,0.0,0.055597104132175446
49021.0,0.0,0.016122156754136086
49022.0,0.0,0.017810726538300514
49023.0,0.0,0.0017358994809910655
49024.0,0.0,0.01722889207303524
49025.0,0.0,0.01722889207303524
49026.0,1.0,0.05607227236032486
49027.0,0.0,0.025771109387278557
49028.0,0.0,0.03524589538574219
49029.0,0.0,0.05915085971355438
49030.0,0.0,0.025771109387278557
49031.0,0.0,0.024717602878808975
49032.0,0.0,0.0262258630245924
49033.0,0.0,0.015675872564315796
49034.0,0.0,0.025873281061649323
49035.0,0.0,0.0008195864502340555
49036.0,0.0,0.02174413576722145
49037.0,0.0,0.023922305554151535
49038.0,0.0,0.05741441249847412
49039.0,0.0,0.003296883078292012
49040.0,0.0,0.015029776841402054
49041.0,0.0,0.05638376995921135
49042.0,0.0,0.016097549349069595
49043.0,0.0,0.44021958112716675
49044.0,0.0,0.02641528844833374
49045.0,0.0,0.025771109387278557
49046.0,0.0,0.02360360138118267
49047.0,0.0,0.027234036475419998
49048.0,0.0,0.05522727221250534
49049.0,0.0,0.025771109387278557
49050.0,1.0,0.44283321499824524
49051.0,0.0,0.024906201288104057
49052.0,0.0,0.016435613855719566
49053.0,0.0,0.024906201288104057
49054.0,0.0,0.022685261443257332
49055.0,0.0,0.02602090686559677
49056.0,0.0,0.014743927866220474
49057.0,0.0,0.04233984649181366
49058.0,0.0,0.02854803204536438
49059.0,0.0,0.01608537882566452
49060.0,0.0,0.025310751050710678
49061.0,0.0,0.02514415606856346
49062.0,0.0,0.025005033239722252
49063.0,0.0,0.017810726538300514
49064.0,0.0,0.01722889207303524
49065.0,0.0,0.0014260467141866684
49066.0,0.0,0.0013160249218344688
49067.0,0.0,0.060269471257925034
49068.0,0.0,0.026141773909330368
49069.0,0.0,0.024906201288104057
49070.0,0.0,0.024582987651228905
49071.0,0.0,0.024906201288104057
49072.0,0.0,0.020916162058711052
49073.0,0.0,0.02632135897874832
49074.0,0.0,0.01629883050918579
49075.0,0.0,0.003243122948333621
49076.0,0.0,0.015413998626172543
49077.0,0.0,0.0013714581727981567
49078.0,0.0,0.025771109387278557
49079.0,0.0,0.01575755886733532
49080.0,0.0,0.024906201288104057
49081.0,1.0,0.02641528844833374
49082.0,0.0,0.05826232582330704
49083.0,0.0,0.025383293628692627
49084.0,0.0,0.024590618908405304
49085.0,0.0,0.06375277787446976
49086.0,0.0,0.06344211101531982
49087.0,0.0,0.02814936637878418
49088.0,0.0,0.024717602878808975
49089.0,0.0,0.024906201288104057
49090.0,0.0,0.016109652817249298
49091.0,0.0,0.017008891329169273
49092.0,0.0,0.02814936637878418
49093.0,0.0,0.023636609315872192
49094.0,0.0,0.024871468544006348
49095.0,0.0,0.01629883050918579
49096.0,0.0,0.026744144037365913
49097.0,0.0,0.0014018514193594456
49098.0,0.0,0.023636609315872192
49099.0,0.0,0.0014018514193594456
49100.0,0.0,0.3431324362754822
49101.0,0.0,0.0014115228550508618
49102.0,0.0,0.023636609315872192
49103.0,0.0,0.025873281061649323
49104.0,0.0,0.015616292133927345
49105.0,0.0,0.015246058814227581
49106.0,0.0,0.031205356121063232
49107.0,0.0,0.02544485405087471
49108.0,0.0,0.015331731177866459
49109.0,0.0,0.001449301722459495
49110.0,0.0,0.038809921592473984
49111.0,0.0,0.023922305554151535
49112.0,0.0,0.43061134219169617
49113.0,0.0,0.025771109387278557
49114.0,0.0,0.014743927866220474
49115.0,0.0,0.024717602878808975
49116.0,0.0,0.04332609102129936
49117.0,0.0,0.025771109387278557
49118.0,0.0,0.014743927866220474
49119.0,1.0,0.01587403006851673
49120.0,0.0,0.02360360138118267
49121.0,0.0,0.03740875422954559
49122.0,0.0,0.025873281061649323
49123.0,0.0,0.014891373924911022
49124.0,0.0,0.022331207990646362
49125.0,0.0,0.027341853827238083
49126.0,0.0,0.003202098421752453
49127.0,0.0,0.001295147929340601
49128.0,0.0,0.025005033239722252
49129.0,0.0,0.024944746866822243
49130.0,0.0,0.026301685720682144
49131.0,0.0,0.022420059889554977
49132.0,0.0,0.034103356301784515
49133.0,0.0,0.0008548321202397346
49134.0,0.0,0.0014075487852096558
49135.0,0.0,0.012085461057722569
49136.0,0.0,0.025873281061649323
49137.0,0.0,0.02445853315293789
49138.0,0.0,0.0038068515714257956
49139.0,0.0,0.02632135897874832
49140.0,0.0,0.025771109387278557
49141.0,0.0,0.02061801590025425
49142.0,0.0,0.01506237406283617
49143.0,0.0,0.024555636569857597
49144.0,0.0,0.0014877234352752566
49145.0,0.0,0.024717602878808975
49146.0,0.0,0.06954318284988403
49147.0,0.0,0.4455717206001282
49148.0,0.0,0.025771109387278557
49149.0,0.0,0.02663862146437168
49150.0,0.0,0.02207839861512184
49151.0,0.0,0.028221415355801582
49152.0,0.0,0.05812613666057587
49153.0,0.0,0.02314114384353161
49154.0,0.0,0.014243694953620434
49155.0,0.0,0.02314114384353161
49156.0,0.0,0.025245940312743187
49157.0,0.0,0.027234036475419998
49158.0,0.0,0.46526992321014404
49159.0,0.0,0.0012266056146472692
49160.0,0.0,0.019073618575930595
49161.0,0.0,0.025771109387278557
49162.0,0.0,0.05085766315460205
49163.0,0.0,0.06344211101531982
49164.0,0.0,0.013825992122292519
49165.0,0.0,0.016122156754136086
49166.0,0.0,0.026122327893972397
49167.0,0.0,0.05795514956116676
49168.0,0.0,0.0014412200544029474
49169.0,0.0,0.025545770302414894
49170.0,0.0,0.025873281061649323
49171.0,0.0,0.014743927866220474
49172.0,0.0,0.025771109387278557
49173.0,0.0,0.024717602878808975
49174.0,0.0,0.05708349123597145
49175.0,0.0,0.025771109387278557
49176.0,0.0,0.023568198084831238
49177.0,1.0,0.7859050035476685
49178.0,0.0,0.023887183517217636
49179.0,0.0,0.03556228429079056
49180.0,0.0,0.02314114384353161
49181.0,0.0,0.05915085971355438
49182.0,0.0,0.03485993668437004
49183.0,0.0,0.02314114384353161
49184.0,0.0,0.0036442482378333807
49185.0,0.0,0.026141773909330368
49186.0,0.0,0.05237181484699249
49187.0,0.0,0.03967888653278351
49188.0,0.0,0.025771109387278557
49189.0,0.0,0.025771109387278557
49190.0,0.0,0.02526475116610527
49191.0,0.0,0.024970166385173798
49192.0,0.0,0.014891373924911022
49193.0,1.0,0.04081787168979645
49194.0,0.0,0.4443788528442383
49195.0,0.0,0.018330127000808716
49196.0,0.0,0.02632135897874832
49197.0,0.0,0.04019296169281006
49198.0,0.0,0.05656439810991287
49199.0,0.0,0.02236247807741165
49200.0,0.0,0.022451452910900116
49201.0,0.0,0.024717602878808975
49202.0,0.0,0.024717602878808975
49203.0,0.0,0.0637412816286087
49204.0,0.0,0.014175931923091412
49205.0,0.0,0.025873281061649323
49206.0,0.0,0.0022771907970309258
49207.0,0.0,0.03859657794237137
49208.0,0.0,0.022613143548369408
49209.0,0.0,0.03508663550019264
49210.0,0.0,0.01521681435406208
49211.0,0.0,0.06344211101531982
49212.0,0.0,0.0031689931638538837
49213.0,0.0,0.022847406566143036
49214.0,0.0,0.0246882326900959
49215.0,0.0,0.0013770321384072304
49216.0,0.0,0.024871468544006348
49217.0,0.0,0.062166977673769
49218.0,0.0,0.009263969026505947
49219.0,0.0,0.024717602878808975
49220.0,0.0,0.02663862146437168
49221.0,0.0,0.024906201288104057
49222.0,0.0,0.014700775034725666
49223.0,0.0,0.025771109387278557
49224.0,0.0,0.003824661485850811
49225.0,0.0,0.02314114384353161
49226.0,0.0,0.02236247807741165
49227.0,0.0,0.0037309988401830196
49228.0,0.0,0.026122327893972397
49229.0,1.0,0.02526475116610527
49230.0,0.0,0.061310164630413055
49231.0,0.0,0.03950551897287369
49232.0,0.0,0.02663862146437168
49233.0,0.0,0.06266964226961136
49234.0,1.0,0.023612098768353462
49235.0,0.0,0.037028223276138306
49236.0,0.0,0.04019296169281006
49237.0,0.0,0.014743927866220474
49238.0,0.0,0.024871468544006348
49239.0,0.0,0.025771109387278557
49240.0,0.0,0.0013388494262471795
49241.0,0.0,0.0013714581727981567
49242.0,0.0,0.024717602878808975
49243.0,0.0,0.025245940312743187
49244.0,0.0,0.02505970373749733
49245.0,0.0,0.022779585793614388
49246.0,0.0,0.02323314920067787
49247.0,0.0,0.0034005448687821627
49248.0,0.0,0.016435613855719566
49249.0,0.0,0.010952994227409363
49250.0,0.0,0.014891373924911022
49251.0,0.0,0.05730250105261803
49252.0,0.0,0.0036289540585130453
49253.0,0.0,0.02314114384353161
49254.0,0.0,0.030163714662194252
49255.0,0.0,0.014276108704507351
49256.0,0.0,0.025771109387278557
49257.0,0.0,0.025550583377480507
49258.0,0.0,0.016122156754136086
49259.0,0.0,0.0262258630245924
49260.0,0.0,0.011769154109060764
49261.0,0.0,0.023887183517217636
49262.0,0.0,0.035548482090234756
49263.0,0.0,0.0182296484708786
49264.0,0.0,0.025005033239722252
49265.0,0.0,0.028660891577601433
49266.0,0.0,0.015574609860777855
49267.0,0.0,0.024590618908405304
49268.0,0.0,0.026744144037365913
49269.0,0.0,0.6968382000923157
49270.0,0.0,0.0262258630245924
49271.0,0.0,0.02632135897874832
49272.0,0.0,0.023887183517217636
49273.0,0.0,0.0014202744932845235
49274.0,0.0,0.02236247807741165
49275.0,0.0,0.011426706798374653
49276.0,0.0,0.0014412200544029474
49277.0,1.0,0.34169960021972656
49278.0,0.0,0.014743927866220474
49279.0,0.0,0.025873281061649323
49280.0,0.0,0.024906201288104057
49281.0,0.0,0.014777462929487228
49282.0,0.0,0.02544485405087471
49283.0,0.0,0.015878908336162567
49284.0,0.0,0.0009428333141840994
49285.0,0.0,0.017969094216823578
49286.0,0.0,0.01506237406283617
49287.0,0.0,0.016122156754136086
49288.0,0.0,0.018186988309025764
49289.0,0.0,0.01618671976029873
49290.0,0.0,0.03513512387871742
49291.0,0.0,0.4346681237220764
49292.0,0.0,0.013825992122292519
49293.0,0.0,0.025545770302414894
49294.0,0.0,0.023887183517217636
49295.0,0.0,0.02854803204536438
49296.0,0.0,0.42705121636390686
49297.0,0.0,0.026122327893972397
49298.0,0.0,0.04475943744182587
49299.0,0.0,0.018040908500552177
49300.0,0.0,0.027341853827238083
49301.0,0.0,0.025771109387278557
49302.0,1.0,0.4392189085483551
49303.0,0.0,0.0013714581727981567
49304.0,0.0,0.015878908336162567
49305.0,0.0,0.0013714581727981567
49306.0,0.0,0.010575352236628532
49307.0,0.0,0.058941278606653214
49308.0,0.0,0.023887183517217636
49309.0,0.0,0.015856554731726646
49310.0,0.0,0.025873281061649323
49311.0,0.0,0.023636609315872192
49312.0,0.0,0.05910811945796013
49313.0,0.0,0.001235361909493804
49314.0,0.0,0.01574668474495411
49315.0,0.0,0.02663862146437168
49316.0,0.0,0.02236247807741165
49317.0,0.0,0.016122156754136086
49318.0,0.0,0.0012720894301310182
49319.0,0.0,0.026744144037365913
49320.0,0.0,0.027001334354281425
49321.0,0.0,0.4966488480567932
49322.0,1.0,0.025073513388633728
49323.0,0.0,0.05522727221250534
49324.0,0.0,0.0597548745572567
49325.0,0.0,0.020579824224114418
49326.0,0.0,0.02632135897874832
49327.0,0.0,0.03554240241646767
49328.0,0.0,0.0030272032599896193
49329.0,0.0,0.023888908326625824
49330.0,0.0,0.027021421119570732
49331.0,0.0,0.012147805653512478
49332.0,0.0,0.03853261470794678
49333.0,0.0,0.02445853315293789
49334.0,1.0,0.06266964226961136
49335.0,0.0,0.04260427877306938
49336.0,0.0,0.003027476603165269
49337.0,0.0,0.02445853315293789
49338.0,0.0,0.010713044553995132
49339.0,0.0,0.010565029457211494
49340.0,0.0,0.031205356121063232
49341.0,0.0,0.029936516657471657
49342.0,0.0,0.025346089154481888
49343.0,1.0,0.433670312166214
49344.0,0.0,0.015916135162115097
49345.0,0.0,0.003426570678129792
49346.0,0.0,0.034794412553310394
49347.0,0.0,0.02364484779536724
49348.0,0.0,0.0031837711576372385
49349.0,0.0,0.0013572274474427104
49350.0,0.0,0.024717602878808975
49351.0,0.0,0.02360360138118267
49352.0,0.0,0.001437912229448557
49353.0,0.0,0.023888908326625824
49354.0,0.0,0.02734609693288803
49355.0,0.0,0.06175331398844719
49356.0,0.0,0.014223608188331127
49357.0,0.0,0.05615627393126488
49358.0,0.0,0.0319456122815609
49359.0,0.0,0.024906201288104057
49360.0,0.0,0.02632135897874832
49361.0,1.0,0.024906201288104057
49362.0,0.0,0.01678997464478016
49363.0,0.0,0.025245940312743187
49364.0,0.0,0.0015030310023576021
49365.0,0.0,0.015878908336162567
49366.0,0.0,0.05708349123597145
49367.0,0.0,0.026744144037365913
49368.0,0.0,0.028361354023218155
49369.0,0.0,0.002962704747915268
49370.0,0.0,0.025771109387278557
49371.0,1.0,0.4874657988548279
49372.0,0.0,0.045394692569971085
49373.0,1.0,0.44446393847465515
49374.0,0.0,0.039327360689640045
49375.0,0.0,0.03749186545610428
49376.0,0.0,0.02398207224905491
49377.0,1.0,0.43061134219169617
49378.0,0.0,0.0014018514193594456
49379.0,0.0,0.05616211146116257
49380.0,0.0,0.0012720894301310182
49381.0,0.0,0.0013714581727981567
49382.0,0.0,0.06498962640762329
49383.0,0.0,0.022420059889554977
49384.0,0.0,0.024223828688263893
49385.0,0.0,0.016435613855719566
49386.0,0.0,0.02314114384353161
49387.0,0.0,0.01722889207303524
49388.0,0.0,0.015413998626172543
49389.0,0.0,0.027234036475419998
49390.0,0.0,0.027234036475419998
49391.0,0.0,0.03710935637354851
49392.0,0.0,0.024906201288104057
49393.0,0.0,0.014743927866220474
49394.0,0.0,0.02814936637878418
49395.0,0.0,0.023636609315872192
49396.0,0.0,0.025550583377480507
49397.0,0.0,0.023697391152381897
49398.0,1.0,0.024433191865682602
49399.0,0.0,0.05693892389535904
49400.0,0.0,0.01704694889485836
49401.0,0.0,0.34404850006103516
49402.0,0.0,0.02531747706234455
49403.0,0.0,0.024433191865682602
49404.0,0.0,0.05902445688843727
49405.0,0.0,0.017115604132413864
49406.0,0.0,0.0014285823563113809
49407.0,0.0,0.023922305554151535
49408.0,0.0,0.025873281061649323
49409.0,0.0,0.022451452910900116
49410.0,0.0,0.018225423991680145
49411.0,0.0,0.017969094216823578
49412.0,0.0,0.0014693202683702111
49413.0,0.0,0.05638376995921135
49414.0,0.0,0.026481470093131065
49415.0,0.0,0.023474901914596558
49416.0,0.0,0.023887183517217636
49417.0,0.0,0.022331207990646362
49418.0,0.0,0.024717602878808975
49419.0,0.0,0.025771109387278557
49420.0,0.0,0.013825992122292519
49421.0,0.0,0.024906201288104057
49422.0,0.0,0.02236247807741165
49423.0,0.0,0.027234036475419998
49424.0,0.0,0.02663862146437168
49425.0,0.0,0.013648834079504013
49426.0,0.0,0.058220189064741135
49427.0,0.0,0.025873281061649323
49428.0,0.0,0.017969094216823578
49429.0,0.0,0.025005033239722252
49430.0,1.0,0.4122503101825714
49431.0,0.0,0.01899777166545391
49432.0,1.0,0.4179510176181793
49433.0,1.0,0.4392189085483551
49434.0,0.0,0.058760810643434525
49435.0,0.0,0.015202022157609463
49436.0,0.0,0.027955632656812668
49437.0,0.0,0.027021421119570732
49438.0,0.0,0.04095249995589256
49439.0,0.0,0.06198906525969505
49440.0,0.0,0.017336970195174217
49441.0,0.0,0.016994355246424675
49442.0,0.0,0.025771109387278557
49443.0,0.0,0.02632135897874832
49444.0,0.0,0.01678997464478016
49445.0,0.0,0.02314114384353161
49446.0,1.0,0.031328391283750534
49447.0,0.0,0.025771109387278557
49448.0,0.0,0.4532330334186554
49449.0,0.0,0.02236247807741165
49450.0,0.0,0.025771109387278557
49451.0,0.0,0.014870388433337212
49452.0,0.0,0.025073513388633728
49453.0,0.0,0.016435613855719566
49454.0,0.0,0.025771109387278557
49455.0,1.0,0.017115604132413864
49456.0,0.0,0.03566547483205795
49457.0,0.0,0.0015030310023576021
49458.0,0.0,0.02632135897874832
49459.0,0.0,0.017969094216823578
49460.0,0.0,0.06139259412884712
49461.0,0.0,0.025771109387278557
49462.0,0.0,0.0013536671176552773
49463.0,0.0,0.0014202744932845235
49464.0,0.0,0.022047515958547592
49465.0,0.0,0.026744144037365913
49466.0,1.0,0.9241366386413574
49467.0,0.0,0.0013714581727981567
49468.0,0.0,0.015096615068614483
49469.0,0.0,0.02314114384353161
49470.0,0.0,0.02445853315293789
49471.0,0.0,0.015878908336162567
49472.0,0.0,0.02236247807741165
49473.0,0.0,0.0013714581727981567
49474.0,0.0,0.027234036475419998
49475.0,0.0,0.020826376974582672
49476.0,0.0,0.030143672600388527
49477.0,0.0,0.37032026052474976
49478.0,0.0,0.025873281061649323
49479.0,0.0,0.015878908336162567
49480.0,0.0,0.023957328870892525
49481.0,0.0,0.025810956954956055
49482.0,0.0,0.02314114384353161
49483.0,1.0,0.4816263020038605
49484.0,0.0,0.05795514956116676
49485.0,0.0,0.024906201288104057
49486.0,0.0,0.07891926169395447
49487.0,0.0,0.02663862146437168
49488.0,0.0,0.057358935475349426
49489.0,0.0,0.017861315980553627
49490.0,0.0,0.003244467545300722
49491.0,0.0,0.025550583377480507
49492.0,0.0,0.02663862146437168
49493.0,0.0,0.02544485405087471
49494.0,1.0,0.4442150890827179
49495.0,0.0,0.05697529390454292
49496.0,0.0,0.02602090686559677
49497.0,0.0,0.061627063900232315
49498.0,0.0,0.02814936637878418
49499.0,0.0,0.02279067598283291
49500.0,0.0,0.0014078195672482252
49501.0,0.0,0.02632135897874832
49502.0,0.0,0.025771109387278557
49503.0,0.0,0.010417526587843895
49504.0,0.0,0.06175331398844719
49505.0,0.0,0.017969094216823578
49506.0,0.0,0.027234036475419998
49507.0,0.0,0.01575755886733532
49508.0,0.0,0.024717602878808975
49509.0,0.0,0.0013694989029318094
49510.0,0.0,0.0013608243316411972
49511.0,0.0,0.05708349123597145
49512.0,0.0,0.06139259412884712
49513.0,0.0,0.02814936637878418
49514.0,0.0,0.3426138460636139
49515.0,0.0,0.025245940312743187
49516.0,0.0,0.02774784341454506
49517.0,0.0,0.0014202744932845235
49518.0,0.0,0.43704754114151
49519.0,0.0,0.02314114384353161
49520.0,0.0,0.025550583377480507
49521.0,0.0,0.05515262857079506
49522.0,0.0,0.024017333984375
49523.0,0.0,0.0014752917923033237
49524.0,0.0,0.024871468544006348
49525.0,0.0,0.02314114384353161
49526.0,0.0,0.05685824900865555
49527.0,0.0,0.027001334354281425
49528.0,0.0,0.02663862146437168
49529.0,0.0,0.022451452910900116
49530.0,0.0,0.025771109387278557
49531.0,0.0,0.014870388433337212
49532.0,0.0,0.014743927866220474
49533.0,1.0,0.4486140012741089
49534.0,0.0,0.025227047502994537
49535.0,1.0,0.4122503101825714
49536.0,0.0,0.024906201288104057
49537.0,0.0,0.07550889998674393
49538.0,0.0,0.024906201288104057
49539.0,0.0,0.025873281061649323
49540.0,0.0,0.05582575500011444
49541.0,0.0,0.01899777166545391
49542.0,0.0,0.0219366904348135
49543.0,0.0,0.04596911370754242
49544.0,0.0,0.05628763884305954
49545.0,0.0,0.022420059889554977
49546.0,0.0,0.0014018514193594456
49547.0,0.0,0.025005033239722252
49548.0,0.0,0.025873281061649323
49549.0,0.0,0.015590906143188477
49550.0,0.0,0.016435613855719566
49551.0,0.0,0.04019296169281006
49552.0,0.0,0.023887183517217636
49553.0,0.0,0.030282769352197647
49554.0,0.0,0.0013462231727316976
49555.0,0.0,0.026122327893972397
49556.0,0.0,0.025651903823018074
49557.0,0.0,0.026141773909330368
49558.0,0.0,0.05795514956116676
49559.0,0.0,0.0014202744932845235
49560.0,0.0,0.024717602878808975
49561.0,0.0,0.017378058284521103
49562.0,0.0,0.024906201288104057
49563.0,0.0,0.018706221133470535
49564.0,0.0,0.0014202744932845235
49565.0,0.0,0.0014561552088707685
49566.0,0.0,0.02632135897874832
49567.0,1.0,0.4122503101825714
49568.0,0.0,0.0013750650687143207
49569.0,0.0,0.42740845680236816
49570.0,0.0,0.02236247807741165
49571.0,0.0,0.014870388433337212
49572.0,0.0,0.016994355246424675
49573.0,0.0,0.05812613666057587
49574.0,0.0,0.026122327893972397
49575.0,1.0,0.42605772614479065
49576.0,1.0,0.4616709053516388
49577.0,0.0,0.029936516657471657
49578.0,0.0,0.026122327893972397
49579.0,0.0,0.02236247807741165
49580.0,0.0,0.0013608243316411972
49581.0,0.0,0.011426706798374653
49582.0,0.0,0.014891373924911022
49583.0,0.0,0.01729780063033104
49584.0,1.0,0.027126172557473183
49585.0,0.0,0.02624538727104664
49586.0,0.0,0.02358420193195343
49587.0,0.0,0.01618671976029873
49588.0,0.0,0.025873281061649323
49589.0,0.0,0.023636609315872192
49590.0,0.0,0.01618671976029873
49591.0,0.0,0.02207839861512184
49592.0,0.0,0.0014202744932845235
49593.0,0.0,0.015413998626172543
49594.0,0.0,0.02360360138118267
49595.0,0.0,0.023887183517217636
49596.0,0.0,0.057358935475349426
49597.0,0.0,0.0182296484708786
49598.0,0.0,0.014243694953620434
49599.0,0.0,0.025245940312743187
49600.0,0.0,0.023922305554151535
49601.0,0.0,0.0014075487852096558
49602.0,0.0,0.05730250105261803
49603.0,0.0,0.02591816894710064
49604.0,0.0,0.038782041519880295
49605.0,0.0,0.02632135897874832
49606.0,0.0,0.024906201288104057
49607.0,0.0,0.022938264533877373
49608.0,0.0,0.025172991678118706
49609.0,0.0,0.0014513740316033363
49610.0,0.0,0.0012772607151418924
49611.0,0.0,0.06344211101531982
49612.0,0.0,0.027021421119570732
49613.0,0.0,0.001447077956981957
49614.0,1.0,0.027234036475419998
49615.0,0.0,0.024906201288104057
49616.0,0.0,0.025873281061649323
49617.0,0.0,0.06715065240859985
49618.0,0.0,0.02783913165330887
49619.0,0.0,0.028444690629839897
49620.0,1.0,0.038782041519880295
49621.0,0.0,0.014743927866220474
49622.0,0.0,0.02504478208720684
49623.0,0.0,0.06344211101531982
49624.0,0.0,0.4006469249725342
49625.0,0.0,0.01846366375684738
49626.0,0.0,0.025771109387278557
49627.0,0.0,0.01899777166545391
49628.0,0.0,0.02323314920067787
49629.0,0.0,0.03476127237081528
49630.0,0.0,0.016529247164726257
49631.0,0.0,0.038782041519880295
49632.0,0.0,0.025771109387278557
49633.0,0.0,0.024906201288104057
49634.0,0.0,0.05826232582330704
49635.0,0.0,0.023612098768353462
49636.0,0.0,0.02632135897874832
49637.0,0.0,0.02358420193195343
49638.0,0.0,0.023887183517217636
49639.0,0.0,0.02236247807741165
49640.0,0.0,0.05638376995921135
49641.0,0.0,0.024906201288104057
49642.0,0.0,0.027001334354281425
49643.0,0.0,0.056600261479616165
49644.0,0.0,0.02445853315293789
49645.0,0.0,0.041035208851099014
49646.0,0.0,0.024717602878808975
49647.0,0.0,0.017969094216823578
49648.0,0.0,0.016688881441950798
49649.0,0.0,0.03839566931128502
49650.0,0.0,0.04081787168979645
49651.0,1.0,0.7365211248397827
49652.0,0.0,0.0012772607151418924
49653.0,0.0,0.00146260648034513
49654.0,0.0,0.02314114384353161
49655.0,0.0,0.0014693202683702111
49656.0,0.0,0.025771109387278557
49657.0,0.0,0.02641528844833374
49658.0,0.0,0.016225576400756836
49659.0,0.0,0.003056539222598076
49660.0,0.0,0.02632135897874832
49661.0,0.0,0.025005033239722252
49662.0,1.0,0.0013714581727981567
49663.0,0.0,0.023730525746941566
49664.0,0.0,0.0012283599935472012
49665.0,1.0,0.9764625430107117
49666.0,0.0,0.022847406566143036
49667.0,0.0,0.01575755886733532
49668.0,0.0,0.0012720894301310182
49669.0,0.0,0.016674311831593513
49670.0,0.0,0.0034192120656371117
49671.0,0.0,0.0013714581727981567
49672.0,0.0,0.026122327893972397
49673.0,0.0,0.017969094216823578
49674.0,0.0,0.023636609315872192
49675.0,0.0,0.023636609315872192
49676.0,1.0,0.03650267422199249
49677.0,0.0,0.017739813774824142
49678.0,0.0,0.02188173681497574
49679.0,0.0,0.0014202744932845235
49680.0,0.0,0.015878908336162567
49681.0,0.0,0.02663862146437168
49682.0,0.0,0.018040908500552177
49683.0,0.0,0.019073618575930595
49684.0,0.0,0.0375516377389431
49685.0,0.0,0.015878908336162567
49686.0,0.0,0.058941278606653214
49687.0,0.0,0.0015030310023576021
49688.0,0.0,0.015916068106889725
49689.0,0.0,0.0013973414897918701
49690.0,0.0,0.023474901914596558
49691.0,0.0,0.42969629168510437
49692.0,0.0,0.038809921592473984
49693.0,0.0,0.003105313051491976
49694.0,0.0,0.4442150890827179
49695.0,0.0,0.060160450637340546
49696.0,0.0,0.02314114384353161
49697.0,1.0,0.016435613855719566
49698.0,1.0,0.6040259003639221
49699.0,0.0,0.05317511782050133
49700.0,0.0,0.024556316435337067
49701.0,0.0,0.027234036475419998
49702.0,0.0,0.058941278606653214
49703.0,0.0,0.02624538727104664
49704.0,0.0,0.024590618908405304
49705.0,1.0,0.9962475895881653
49706.0,0.0,0.02628469653427601
49707.0,0.0,0.024906201288104057
49708.0,0.0,0.01562632992863655
49709.0,1.0,0.01575755886733532
49710.0,0.0,0.023948587477207184
49711.0,0.0,0.016122156754136086
49712.0,0.0,0.02628469653427601
49713.0,0.0,0.010245205834507942
49714.0,0.0,0.4287012219429016
49715.0,0.0,0.024944746866822243
49716.0,0.0,0.025172991678118706
49717.0,0.0,0.025771109387278557
49718.0,0.0,0.02445853315293789
49719.0,0.0,0.025545770302414894
49720.0,0.0,0.02314114384353161
49721.0,0.0,0.4392189085483551
49722.0,0.0,0.01506237406283617
49723.0,0.0,0.016097549349069595
49724.0,0.0,0.06139259412884712
49725.0,0.0,0.02632135897874832
49726.0,0.0,0.025771109387278557
49727.0,0.0,0.0182296484708786
49728.0,0.0,0.010333484970033169
49729.0,0.0,0.016225576400756836
49730.0,0.0,0.024906201288104057
49731.0,0.0,0.009604624472558498
49732.0,0.0,0.05915085971355438
49733.0,0.0,0.027234036475419998
49734.0,0.0,0.029535578563809395
49735.0,1.0,0.6921231746673584
49736.0,0.0,0.03692832589149475
49737.0,0.0,0.02323314920067787
49738.0,0.0,0.02437962405383587
49739.0,0.0,0.01678997464478016
49740.0,0.0,0.025873281061649323
49741.0,0.0,0.02314114384353161
49742.0,0.0,0.017739813774824142
49743.0,0.0,0.01924145594239235
49744.0,0.0,0.0008648356306366622
49745.0,0.0,0.026301685720682144
49746.0,0.0,0.024717602878808975
49747.0,0.0,0.0013193896738812327
49748.0,0.0,0.02314114384353161
49749.0,0.0,0.033961985260248184
49750.0,0.0,0.025005033239722252
49751.0,0.0,0.0014078195672482252
49752.0,0.0,0.02632135897874832
49753.0,0.0,0.017969094216823578
49754.0,0.0,0.06823190301656723
49755.0,1.0,0.6040259003639221
49756.0,0.0,0.024590618908405304
49757.0,0.0,0.024906201288104057
49758.0,0.0,0.010418692603707314
49759.0,0.0,0.0015030310023576021
49760.0,0.0,0.02236247807741165
49761.0,0.0,0.017969094216823578
49762.0,0.0,0.0015549295349046588
49763.0,0.0,0.03859657794237137
49764.0,0.0,0.025771109387278557
49765.0,0.0,0.029535578563809395
49766.0,0.0,0.055310074239969254
49767.0,1.0,0.024717602878808975
49768.0,0.0,0.013825992122292519
49769.0,0.0,0.02653190866112709
49770.0,0.0,0.023922305554151535
49771.0,0.0,0.01678997464478016
49772.0,0.0,0.025245940312743187
49773.0,0.0,0.4392189085483551
49774.0,0.0,0.022420059889554977
49775.0,0.0,0.02445853315293789
49776.0,0.0,0.06056196615099907
49777.0,0.0,0.010245205834507942
49778.0,0.0,0.027341853827238083
49779.0,0.0,0.0013517334591597319
49780.0,0.0,0.015246058814227581
49781.0,0.0,0.025550583377480507
49782.0,0.0,0.057198815047740936
49783.0,0.0,0.058941278606653214
49784.0,0.0,0.014958435669541359
49785.0,0.0,0.01758851297199726
49786.0,0.0,0.016170164570212364
49787.0,0.0,0.022451452910900116
49788.0,0.0,0.05795514956116676
49789.0,0.0,0.01521681435406208
49790.0,0.0,0.0015775627689436078
49791.0,0.0,0.01692560501396656
49792.0,0.0,0.027341853827238083
49793.0,0.0,0.013185258023440838
49794.0,0.0,0.013551066629588604
49795.0,0.0,0.016661789268255234
49796.0,0.0,0.024717602878808975
49797.0,0.0,0.02358420193195343
49798.0,0.0,0.025873281061649323
49799.0,0.0,0.025771109387278557
49800.0,0.0,0.025771109387278557
49801.0,0.0,0.0015415605157613754
49802.0,0.0,0.013879301957786083
49803.0,0.0,0.029163094237446785
49804.0,0.0,0.022397181019186974
49805.0,0.0,0.0034731521736830473
49806.0,0.0,0.015556056052446365
49807.0,0.0,0.0013663552235811949
49808.0,0.0,0.062380630522966385
49809.0,0.0,0.06198906525969505
49810.0,0.0,0.03304668888449669
49811.0,0.0,0.025771109387278557
49812.0,0.0,0.046995919197797775
49813.0,0.0,0.026405904442071915
49814.0,0.0,0.023636609315872192
49815.0,0.0,0.025873281061649323
49816.0,0.0,0.023887183517217636
49817.0,0.0,0.017969094216823578
49818.0,0.0,0.026141773909330368
49819.0,0.0,0.017969094216823578
49820.0,0.0,0.031205356121063232
49821.0,0.0,0.02521074190735817
49822.0,0.0,0.024909960106015205
49823.0,0.0,0.04140471667051315
49824.0,0.0,0.013185258023440838
49825.0,0.0,0.05998837947845459
49826.0,1.0,0.8472351431846619
49827.0,0.0,0.04125974327325821
49828.0,0.0,0.027001334354281425
49829.0,0.0,0.024906201288104057
49830.0,0.0,0.017478905618190765
49831.0,0.0,0.023948587477207184
49832.0,0.0,0.024906201288104057
49833.0,0.0,0.02314114384353161
49834.0,0.0,0.03343838080763817
49835.0,0.0,0.05400810018181801
49836.0,0.0,0.04266770929098129
49837.0,0.0,0.016622358933091164
49838.0,0.0,0.02663862146437168
49839.0,0.0,0.0012283599935472012
49840.0,0.0,0.024906201288104057
49841.0,0.0,0.017969094216823578
49842.0,0.0,0.025771109387278557
49843.0,0.0,0.0014943000860512257
49844.0,0.0,0.016122156754136086
49845.0,0.0,0.0021063978783786297
49846.0,0.0,0.05444533750414848
49847.0,0.0,0.017968246713280678
49848.0,0.0,0.023922305554151535
49849.0,0.0,0.4316074550151825
49850.0,0.0,0.0008638596627861261
49851.0,0.0,0.02663862146437168
49852.0,1.0,0.4360010325908661
49853.0,0.0,0.07151094079017639
49854.0,0.0,0.0013572274474427104
49855.0,0.0,0.016435613855719566
49856.0,0.0,0.0034541932400316
49857.0,0.0,0.02797490544617176
49858.0,0.0,0.027341853827238083
49859.0,0.0,0.02663862146437168
49860.0,1.0,0.05538422241806984
49861.0,0.0,0.02236247807741165
49862.0,0.0,0.024871468544006348
49863.0,0.0,0.035611413419246674
49864.0,0.0,0.02398207224905491
49865.0,0.0,0.02236247807741165
49866.0,0.0,0.015878908336162567
49867.0,0.0,0.022243686020374298
49868.0,0.0,0.03794029727578163
49869.0,0.0,0.02035563439130783
49870.0,0.0,0.038059405982494354
49871.0,0.0,0.0012720894301310182
49872.0,0.0,0.018040908500552177
49873.0,0.0,0.025227047502994537
49874.0,0.0,0.039073653519153595
49875.0,0.0,0.024906201288104057
49876.0,0.0,0.024906201288104057
49877.0,0.0,0.4037907123565674
49878.0,0.0,0.0013160249218344688
49879.0,0.0,0.02663862146437168
49880.0,0.0,0.015903720632195473
49881.0,1.0,0.4445684850215912
49882.0,0.0,0.023338191211223602
49883.0,0.0,0.018032919615507126
49884.0,1.0,0.02814936637878418
49885.0,0.0,0.011183112859725952
49886.0,1.0,0.024906201288104057
49887.0,0.0,0.0031458595767617226
49888.0,0.0,0.028508367016911507
49889.0,0.0,0.02560640685260296
49890.0,0.0,0.010861334390938282
49891.0,0.0,0.026425663381814957
49892.0,0.0,0.0013906233943998814
49893.0,0.0,0.025550583377480507
49894.0,0.0,0.01575755886733532
49895.0,0.0,0.02445853315293789
49896.0,0.0,0.02628469653427601
49897.0,0.0,0.014276108704507351
49898.0,0.0,0.02632135897874832
49899.0,0.0,0.027021421119570732
49900.0,0.0,0.05628763884305954
49901.0,0.0,0.024970166385173798
49902.0,0.0,0.027234036475419998
49903.0,0.0,0.05975974351167679
49904.0,0.0,0.024906201288104057
49905.0,0.0,0.0035406588576734066
49906.0,0.0,0.04596468061208725
49907.0,0.0,0.040967728942632675
49908.0,0.0,0.02323314920067787
49909.0,0.0,0.01635638438165188
49910.0,1.0,0.4776502549648285
49911.0,0.0,0.024906201288104057
49912.0,0.0,0.025771109387278557
49913.0,0.0,0.01692560501396656
49914.0,0.0,0.016435613855719566
49915.0,0.0,0.0013629813911393285
49916.0,0.0,0.026425663381814957
49917.0,0.0,0.024906201288104057
49918.0,0.0,0.0014502613339573145
49919.0,0.0,0.017378058284521103
49920.0,0.0,0.024906201288104057
49921.0,0.0,0.026122327893972397
49922.0,0.0,0.023579120635986328
49923.0,0.0,0.015878908336162567
49924.0,0.0,0.016435613855719566
49925.0,0.0,0.06100006029009819
49926.0,0.0,0.0019164407858625054
49927.0,0.0,0.024717602878808975
49928.0,0.0,0.023433061316609383
49929.0,0.0,0.02544485405087471
49930.0,0.0,0.3581281900405884
49931.0,0.0,0.025771109387278557
49932.0,0.0,0.015878908336162567
49933.0,0.0,0.0031792332883924246
49934.0,0.0,0.015413998626172543
49935.0,0.0,0.017969094216823578
49936.0,0.0,0.04072709009051323
49937.0,0.0,0.027021421119570732
49938.0,1.0,0.02641528844833374
49939.0,0.0,0.027341853827238083
49940.0,1.0,0.977295458316803
49941.0,0.0,0.02314114384353161
49942.0,0.0,0.02663862146437168
49943.0,0.0,0.025771109387278557
49944.0,0.0,0.018074018880724907
49945.0,0.0,0.0013140484225004911
49946.0,0.0,0.028187638148665428
49947.0,0.0,0.014891373924911022
49948.0,0.0,0.02880288101732731
49949.0,0.0,0.0014566865283995867
49950.0,0.0,0.010268616490066051
49951.0,0.0,0.00146260648034513
49952.0,0.0,0.6875833868980408
49953.0,0.0,0.014555196277797222
49954.0,0.0,0.05795514956116676
49955.0,0.0,0.024717602878808975
49956.0,0.0,0.035611413419246674
49957.0,0.0,0.0018661250360310078
49958.0,1.0,0.0012266056146472692
49959.0,0.0,0.024824349209666252
49960.0,0.0,0.06021404266357422
49961.0,1.0,0.4532330334186554
49962.0,0.0,0.022420059889554977
49963.0,0.0,0.0014075487852096558
49964.0,0.0,0.02663862146437168
49965.0,0.0,0.02544485405087471
49966.0,0.0,0.024906201288104057
49967.0,0.0,0.011426706798374653
49968.0,0.0,0.02481570467352867
49969.0,0.0,0.018814213573932648
49970.0,0.0,0.014891373924911022
49971.0,0.0,0.003480709157884121
49972.0,0.0,0.0591171532869339
49973.0,0.0,0.02054384909570217
49974.0,0.0,0.030218247324228287
49975.0,0.0,0.046211566776037216
49976.0,0.0,0.034017689526081085
49977.0,0.0,0.0597548745572567
49978.0,0.0,0.027234036475419998
49979.0,0.0,0.027418190613389015
49980.0,0.0,0.02526475116610527
49981.0,0.0,0.06823190301656723
49982.0,0.0,0.07363005727529526
49983.0,0.0,0.02632135897874832
49984.0,0.0,0.01722889207303524
49985.0,0.0,0.01899777166545391
49986.0,0.0,0.4486140012741089
49987.0,1.0,0.024590618908405304
49988.0,0.0,0.03554493561387062
49989.0,0.0,0.0012720894301310182
49990.0,0.0,0.03918365389108658
49991.0,0.0,0.024555636569857597
49992.0,0.0,0.027913730591535568
49993.0,0.0,0.02314114384353161
49994.0,0.0,0.025810956954956055
49995.0,0.0,0.024970166385173798
49996.0,0.0,0.036682356148958206
49997.0,0.0,0.023887183517217636
49998.0,0.0,0.05457742512226105
49999.0,0.0,0.014588294550776482
50000.0,0.0,0.023730525746941566
50001.0,0.0,0.03683403134346008
50002.0,0.0,0.02314114384353161
50003.0,0.0,0.033961985260248184
50004.0,0.0,0.05582575500011444
50005.0,0.0,0.015697605907917023
50006.0,0.0,0.06431885063648224
50007.0,0.0,0.016674311831593513
50008.0,0.0,0.05607227236032486
50009.0,0.0,0.02398207224905491
50010.0,0.0,0.05916696786880493
50011.0,1.0,0.02544485405087471
50012.0,0.0,0.02360360138118267
50013.0,0.0,0.05889163166284561
50014.0,0.0,0.026141773909330368
50015.0,1.0,0.4384027123451233
50016.0,0.0,0.01702914573252201
50017.0,0.0,0.017969094216823578
50018.0,0.0,0.02481570467352867
50019.0,0.0,0.030163714662194252
50020.0,0.0,0.02357242815196514
50021.0,0.0,0.02234203740954399
50022.0,0.0,0.02445853315293789
50023.0,0.0,0.027234036475419998
50024.0,0.0,0.025550583377480507
50025.0,0.0,0.04142071679234505
50026.0,0.0,0.0182296484708786
50027.0,0.0,0.06293170899152756
50028.0,0.0,0.016661789268255234
50029.0,0.0,0.0014202744932845235
50030.0,0.0,0.0034994937013834715
50031.0,0.0,0.0012999485479667783
50032.0,0.0,0.025227047502994537
50033.0,0.0,0.025514967739582062
50034.0,0.0,0.0263888631016016
50035.0,0.0,0.016994355246424675
50036.0,0.0,0.000921579368878156
50037.0,1.0,0.3513956665992737
50038.0,0.0,0.0031837711576372385
50039.0,0.0,0.025245940312743187
50040.0,0.0,0.027913730591535568
50041.0,0.0,0.0014202744932845235
50042.0,0.0,0.0012908532517030835
50043.0,0.0,0.02323314920067787
50044.0,0.0,0.026122327893972397
50045.0,0.0,0.025771109387278557
50046.0,0.0,0.02624538727104664
50047.0,0.0,0.023922305554151535
50048.0,0.0,0.023887183517217636
50049.0,1.0,0.025245940312743187
50050.0,0.0,0.024555636569857597
50051.0,0.0,0.02314114384353161
50052.0,0.0,0.022331207990646362
50053.0,0.0,0.015413998626172543
50054.0,0.0,0.017336970195174217
50055.0,0.0,0.016122156754136086
50056.0,0.0,0.0014202744932845235
50057.0,0.0,0.015968088060617447
50058.0,0.0,0.024906201288104057
50059.0,0.0,0.4532330334186554
50060.0,0.0,0.016435613855719566
50061.0,0.0,0.023474901914596558
50062.0,0.0,0.017876971513032913
50063.0,0.0,0.0319456122815609
50064.0,0.0,0.0013608243316411972
50065.0,0.0,0.025873281061649323
50066.0,0.0,0.035611413419246674
50067.0,0.0,0.02814936637878418
50068.0,0.0,0.0014202744932845235
50069.0,0.0,0.0029790604021400213
50070.0,0.0,0.01729780063033104
50071.0,0.0,0.03819773718714714
50072.0,0.0,0.017378058284521103
50073.0,0.0,0.024906201288104057
50074.0,0.0,0.0013608243316411972
50075.0,0.0,0.024906201288104057
50076.0,0.0,0.027153557166457176
50077.0,0.0,0.02544485405087471
50078.0,0.0,0.015878908336162567
50079.0,0.0,0.01786094531416893
50080.0,0.0,0.015856554731726646
50081.0,0.0,0.015246058814227581
50082.0,0.0,0.07072889059782028
50083.0,0.0,0.02632135897874832
50084.0,0.0,0.025005033239722252
50085.0,0.0,0.05607227236032486
50086.0,0.0,0.01521681435406208
50087.0,0.0,0.023922305554151535
50088.0,0.0,0.0013663552235811949
50089.0,0.0,0.025005033239722252
50090.0,0.0,0.0012999485479667783
50091.0,0.0,0.0013770321384072304
50092.0,0.0,0.027234036475419998
50093.0,1.0,0.02314114384353161
50094.0,0.0,0.025873281061649323
50095.0,0.0,0.05708349123597145
50096.0,0.0,0.01886281929910183
50097.0,0.0,0.024906201288104057
50098.0,0.0,0.028660891577601433
50099.0,0.0,0.0013536671176552773
50100.0,0.0,0.02440434880554676
50101.0,0.0,0.010713044553995132
50102.0,0.0,0.029652222990989685
50103.0,0.0,0.01506237406283617
50104.0,0.0,0.04354483634233475
50105.0,0.0,0.05708349123597145
50106.0,0.0,0.0013160249218344688
50107.0,0.0,0.029163094237446785
50108.0,0.0,0.041035208851099014
50109.0,0.0,0.02663862146437168
50110.0,0.0,0.03513512387871742
50111.0,0.0,0.02526475116610527
50112.0,0.0,0.0015549295349046588
50113.0,0.0,0.02323314920067787
50114.0,0.0,0.015553967095911503
50115.0,0.0,0.05607227236032486
50116.0,0.0,0.017378058284521103
50117.0,0.0,0.03637295961380005
50118.0,0.0,0.024906201288104057
50119.0,1.0,0.028332654386758804
50120.0,0.0,0.017969094216823578
50121.0,0.0,0.034103356301784515
50122.0,0.0,0.026122327893972397
50123.0,0.0,0.03304668888449669
50124.0,0.0,0.014870388433337212
50125.0,0.0,0.0014202744932845235
50126.0,0.0,0.017378058284521103
50127.0,0.0,0.024717602878808975
50128.0,0.0,0.02445853315293789
50129.0,0.0,0.02663862146437168
50130.0,0.0,0.01635638438165188
50131.0,1.0,0.4616709053516388
50132.0,1.0,0.024906201288104057
50133.0,0.0,0.3513956665992737
50134.0,0.0,0.022685261443257332
50135.0,0.0,0.4476095139980316
50136.0,0.0,0.00147164985537529
50137.0,0.0,0.024717602878808975
50138.0,0.0,0.0013694989029318094
50139.0,0.0,0.016661789268255234
50140.0,0.0,0.0036034060176461935
50141.0,0.0,0.022047515958547592
50142.0,0.0,0.029535578563809395
50143.0,0.0,0.025771109387278557
50144.0,0.0,0.039917442947626114
50145.0,0.0,0.024906201288104057
50146.0,0.0,0.02544485405087471
50147.0,0.0,0.010952994227409363
50148.0,0.0,0.010505485348403454
50149.0,0.0,0.024555636569857597
50150.0,0.0,0.0246882326900959
50151.0,0.0,0.026265054941177368
50152.0,0.0,0.023453351110219955
50153.0,0.0,0.022938264533877373
50154.0,0.0,0.016766361892223358
50155.0,0.0,0.014124889858067036
50156.0,0.0,0.02663862146437168
50157.0,0.0,0.04047170281410217
50158.0,0.0,0.027115769684314728
50159.0,0.0,0.017969094216823578
50160.0,0.0,0.025771109387278557
50161.0,0.0,0.025559265166521072
50162.0,0.0,0.017969094216823578
50163.0,0.0,0.014870388433337212
50164.0,0.0,0.023612098768353462
50165.0,0.0,0.027234036475419998
50166.0,0.0,0.024871468544006348
50167.0,0.0,0.41751599311828613
50168.0,0.0,0.02526475116610527
50169.0,0.0,0.05915085971355438
50170.0,0.0,0.024717602878808975
50171.0,0.0,0.0014459739904850721
50172.0,0.0,0.016994355246424675
50173.0,0.0,0.024717602878808975
50174.0,0.0,0.029535578563809395
50175.0,0.0,0.025771109387278557
50176.0,1.0,0.4392189085483551
50177.0,0.0,0.02440434880554676
50178.0,0.0,0.01704694889485836
50179.0,0.0,0.05826232582330704
50180.0,0.0,0.017378058284521103
50181.0,0.0,0.02361888997256756
50182.0,0.0,0.016122156754136086
50183.0,0.0,0.0015030310023576021
50184.0,0.0,0.024906201288104057
50185.0,0.0,0.030025148764252663
50186.0,0.0,0.43061134219169617
50187.0,0.0,0.025771109387278557
50188.0,0.0,0.027341853827238083
50189.0,0.0,0.0014202744932845235
50190.0,0.0,0.024717602878808975
50191.0,0.0,0.03012186661362648
50192.0,0.0,0.02632135897874832
50193.0,0.0,0.02544485405087471
50194.0,0.0,0.017228078097105026
50195.0,0.0,0.027234036475419998
50196.0,1.0,0.4472556412220001
50197.0,0.0,0.02440434880554676
50198.0,0.0,0.027234036475419998
50199.0,0.0,0.015590906143188477
50200.0,1.0,0.04081787168979645
50201.0,0.0,0.0013608243316411972
50202.0,0.0,0.02355126105248928
50203.0,0.0,0.013825992122292519
50204.0,0.0,0.016777299344539642
50205.0,0.0,0.02445853315293789
50206.0,0.0,0.02314114384353161
50207.0,0.0,0.38397806882858276
50208.0,0.0,0.0014202744932845235
50209.0,0.0,0.042148660868406296
50210.0,0.0,0.04309716820716858
50211.0,0.0,0.025245940312743187
50212.0,0.0,0.014743927866220474
50213.0,0.0,0.0014202744932845235
50214.0,0.0,0.027234036475419998
50215.0,0.0,0.0034056941512972116
50216.0,0.0,0.027234036475419998
50217.0,0.0,0.02628469653427601
50218.0,0.0,0.01899777166545391
50219.0,0.0,0.024871468544006348
50220.0,0.0,0.019525164738297462
50221.0,0.0,0.025005033239722252
50222.0,0.0,0.04596911370754242
50223.0,0.0,0.024717602878808975
50224.0,0.0,0.016225576400756836
50225.0,0.0,0.015028689987957478
50226.0,0.0,0.01729780063033104
50227.0,0.0,0.027001334354281425
50228.0,0.0,0.016661789268255234
50229.0,0.0,0.06100006029009819
50230.0,0.0,0.015413998626172543
50231.0,0.0,0.026122327893972397
50232.0,0.0,0.025771109387278557
50233.0,0.0,0.017810726538300514
50234.0,0.0,0.02314114384353161
50235.0,0.0,0.0016387180658057332
50236.0,0.0,0.016435613855719566
50237.0,0.0,0.025771109387278557
50238.0,0.0,0.014680053107440472
50239.0,0.0,0.02314114384353161
50240.0,0.0,0.025005033239722252
50241.0,0.0,0.022331207990646362
50242.0,0.0,0.02709067240357399
50243.0,0.0,0.025005033239722252
50244.0,0.0,0.024717602878808975
50245.0,0.0,0.0015030310023576021
50246.0,0.0,0.015878908336162567
50247.0,0.0,0.02481570467352867
50248.0,0.0,0.010575352236628532
50249.0,0.0,0.025771109387278557
50250.0,0.0,0.023887183517217636
50251.0,0.0,0.027234036475419998
50252.0,0.0,0.029652222990989685
50253.0,0.0,0.0015549295349046588
50254.0,0.0,0.024590618908405304
50255.0,0.0,0.059028562158346176
50256.0,0.0,0.024590618908405304
50257.0,0.0,0.04415956512093544
50258.0,0.0,0.02236247807741165
50259.0,0.0,0.028621075674891472
50260.0,0.0,0.02632135897874832
50261.0,0.0,0.016994355246424675
50262.0,0.0,0.02854803204536438
50263.0,0.0,0.024532169103622437
50264.0,0.0,0.026141773909330368
50265.0,0.0,0.024906201288104057
50266.0,0.0,0.026141773909330368
50267.0,0.0,0.022331207990646362
50268.0,0.0,0.0014018514193594456
50269.0,0.0,0.027234036475419998
50270.0,0.0,0.059325143694877625
50271.0,0.0,0.013791310600936413
50272.0,0.0,0.023479115217924118
50273.0,0.0,0.025771109387278557
50274.0,0.0,0.014743927866220474
50275.0,0.0,0.040349941700696945
50276.0,0.0,0.016109652817249298
50277.0,0.0,0.024906201288104057
50278.0,0.0,0.02236247807741165
50279.0,0.0,0.05708349123597145
50280.0,0.0,0.024231432005763054
50281.0,0.0,0.02826070226728916
50282.0,0.0,0.02618446946144104
50283.0,0.0,0.06302212178707123
50284.0,0.0,0.024906201288104057
50285.0,0.0,0.4486140012741089
50286.0,0.0,0.025005033239722252
50287.0,0.0,0.026122327893972397
50288.0,0.0,0.022451452910900116
50289.0,0.0,0.056853342801332474
50290.0,0.0,0.02314114384353161
50291.0,0.0,0.02632135897874832
50292.0,0.0,0.003603046527132392
50293.0,0.0,0.025545770302414894
50294.0,0.0,0.010245205834507942
50295.0,0.0,0.013825992122292519
50296.0,0.0,0.0012283599935472012
50297.0,0.0,0.02880288101732731
50298.0,0.0,0.00948103703558445
50299.0,0.0,0.02544485405087471
50300.0,0.0,0.02481570467352867
50301.0,0.0,0.02236247807741165
50302.0,0.0,0.017693044617772102
50303.0,0.0,0.01574668474495411
50304.0,0.0,0.02062038704752922
50305.0,0.0,0.04545337334275246
50306.0,0.0,0.022685261443257332
50307.0,0.0,0.4455717206001282
50308.0,0.0,0.016435613855719566
50309.0,0.0,0.014243694953620434
50310.0,0.0,0.016109652817249298
50311.0,0.0,0.025771109387278557
50312.0,0.0,0.03276599198579788
50313.0,0.0,0.014276108704507351
50314.0,1.0,0.42014530301094055
50315.0,0.0,0.01722889207303524
50316.0,0.0,0.03858567029237747
50317.0,0.0,0.024871468544006348
50318.0,0.0,0.028508367016911507
50319.0,0.0,0.060583945363759995
50320.0,0.0,0.014588294550776482
50321.0,0.0,0.024624401703476906
50322.0,0.0,0.003526357701048255
50323.0,0.0,0.016435613855719566
50324.0,0.0,0.016409974545240402
50325.0,1.0,0.02734609693288803
50326.0,0.0,0.02663862146437168
50327.0,0.0,0.8367125391960144
50328.0,0.0,0.026122327893972397
50329.0,0.0,0.02519186958670616
50330.0,0.0,0.014870388433337212
50331.0,0.0,0.025771109387278557
50332.0,0.0,0.02314114384353161
50333.0,0.0,0.030141258612275124
50334.0,0.0,0.058941278606653214
50335.0,0.0,0.016435613855719566
50336.0,0.0,0.022847406566143036
50337.0,0.0,0.016293639317154884
50338.0,0.0,0.025771109387278557
50339.0,0.0,0.014992437325417995
50340.0,0.0,0.022420059889554977
50341.0,0.0,0.015438084490597248
50342.0,0.0,0.026963751763105392
50343.0,0.0,0.0014693202683702111
50344.0,0.0,0.0014848299324512482
50345.0,0.0,0.024871468544006348
50346.0,0.0,0.46526992321014404
50347.0,0.0,0.027341853827238083
50348.0,0.0,0.026122327893972397
50349.0,0.0,0.003480709157884121
50350.0,1.0,0.4122503101825714
50351.0,0.0,0.02660154178738594
50352.0,0.0,0.013337628915905952
50353.0,0.0,0.025107624009251595
50354.0,0.0,0.03861364722251892
50355.0,0.0,0.0014075487852096558
50356.0,0.0,0.05708349123597145
50357.0,0.0,0.023677917197346687
50358.0,0.0,0.016688881441950798
50359.0,0.0,0.014621013775467873
50360.0,0.0,0.02710825391113758
50361.0,0.0,0.025283005088567734
50362.0,0.0,0.023579120635986328
50363.0,0.0,0.024871468544006348
50364.0,0.0,0.0014202744932845235
50365.0,0.0,0.01678997464478016
50366.0,0.0,0.023887183517217636
50367.0,0.0,0.027234036475419998
50368.0,0.0,0.025873281061649323
50369.0,0.0,0.017115604132413864
50370.0,0.0,0.4422444999217987
50371.0,0.0,0.019073618575930595
50372.0,0.0,0.029535578563809395
50373.0,0.0,0.0262258630245924
50374.0,0.0,0.02314114384353161
50375.0,0.0,0.030025148764252663
50376.0,0.0,0.06175331398844719
50377.0,0.0,0.027234036475419998
50378.0,0.0,0.018288765102624893
50379.0,0.0,0.016122156754136086
50380.0,0.0,0.019641229882836342
50381.0,0.0,0.026196282356977463
50382.0,0.0,0.016435613855719566
50383.0,0.0,0.0015115386340767145
50384.0,0.0,0.05756848677992821
50385.0,1.0,0.024717602878808975
50386.0,0.0,0.014700775034725666
50387.0,0.0,0.025771109387278557
50388.0,0.0,0.028187638148665428
50389.0,0.0,0.025873281061649323
50390.0,0.0,0.014777462929487228
50391.0,0.0,0.03950551897287369
50392.0,0.0,0.025810956954956055
50393.0,0.0,0.02681986428797245
50394.0,0.0,0.016097549349069595
50395.0,0.0,0.015878908336162567
50396.0,0.0,0.06344211101531982
50397.0,0.0,0.0012970002135261893
50398.0,0.0,0.02481570467352867
50399.0,0.0,0.025771109387278557
50400.0,0.0,0.01565380021929741
50401.0,0.0,0.025616150349378586
50402.0,0.0,0.05935477837920189
50403.0,0.0,0.024906201288104057
50404.0,1.0,0.4287012219429016
50405.0,0.0,0.025913292542099953
50406.0,0.0,0.023887183517217636
50407.0,0.0,0.06113040819764137
50408.0,0.0,0.01722889207303524
50409.0,0.0,0.01678997464478016
50410.0,0.0,0.026301685720682144
50411.0,0.0,0.014777462929487228
50412.0,0.0,0.0013431700645014644
50413.0,0.0,0.0351269505918026
50414.0,0.0,0.05762045457959175
50415.0,0.0,0.010245205834507942
50416.0,0.0,0.0012720894301310182
50417.0,0.0,0.04682797193527222
50418.0,0.0,0.02902810275554657
50419.0,0.0,0.0012960999738425016
50420.0,0.0,0.02314114384353161
50421.0,0.0,0.0416160449385643
50422.0,0.0,0.028332654386758804
50423.0,1.0,0.02624538727104664
50424.0,0.0,0.0015775627689436078
50425.0,0.0,0.010836593806743622
50426.0,1.0,0.4545174837112427
50427.0,0.0,0.03683403134346008
50428.0,0.0,0.4486140012741089
50429.0,1.0,0.43061134219169617
50430.0,0.0,0.02398207224905491
50431.0,0.0,0.016435613855719566
50432.0,0.0,0.025771109387278557
50433.0,0.0,0.01724102534353733
50434.0,0.0,0.01445102971047163
50435.0,0.0,0.05599655583500862
50436.0,0.0,0.02236247807741165
50437.0,0.0,0.016352578997612
50438.0,0.0,0.016435613855719566
50439.0,0.0,0.02236247807741165
50440.0,0.0,0.016435613855719566
50441.0,0.0,0.023887183517217636
50442.0,0.0,0.05454898998141289
50443.0,0.0,0.02519186958670616
50444.0,0.0,0.025771109387278557
50445.0,0.0,0.01562632992863655
50446.0,0.0,0.022420059889554977
50447.0,0.0,0.023653477430343628
50448.0,0.0,0.023853830993175507
50449.0,0.0,0.06639550626277924
50450.0,0.0,0.026405904442071915
50451.0,0.0,0.05085628107190132
50452.0,0.0,0.027128420770168304
50453.0,0.0,0.015413998626172543
50454.0,0.0,0.024501239880919456
50455.0,0.0,0.02207839861512184
50456.0,0.0,0.06087524816393852
50457.0,0.0,0.0035965079441666603
50458.0,0.0,0.48815134167671204
50459.0,0.0,0.026301685720682144
50460.0,0.0,0.016661789268255234
50461.0,0.0,0.025245940312743187
50462.0,0.0,0.05237181484699249
50463.0,0.0,0.027234036475419998
50464.0,0.0,0.01574668474495411
50465.0,0.0,0.0008554881205782294
50466.0,0.0,0.003296883078292012
50467.0,0.0,0.01506237406283617
50468.0,0.0,0.024555636569857597
50469.0,0.0,0.030163714662194252
50470.0,0.0,0.0013714581727981567
50471.0,0.0,0.04614757001399994
50472.0,0.0,0.02632135897874832
50473.0,0.0,0.02398207224905491
50474.0,0.0,0.01567096635699272
50475.0,0.0,0.06131014972925186
50476.0,0.0,0.023585906252264977
50477.0,0.0,0.0014202744932845235
50478.0,0.0,0.011174669489264488
50479.0,0.0,0.43704754114151
50480.0,0.0,0.022847406566143036
50481.0,0.0,0.016994355246424675
50482.0,0.0,0.024590618908405304
50483.0,0.0,0.05582575500011444
50484.0,0.0,0.4392189085483551
50485.0,0.0,0.027983561158180237
50486.0,0.0,0.015878908336162567
50487.0,0.0,0.016446709632873535
50488.0,0.0,0.02703808806836605
50489.0,1.0,0.024590618908405304
50490.0,0.0,0.016661789268255234
50491.0,0.0,0.023887183517217636
50492.0,0.0,0.025172991678118706
50493.0,0.0,0.4037907123565674
50494.0,0.0,0.016122156754136086
50495.0,0.0,0.02814936637878418
50496.0,0.0,0.0013140484225004911
50497.0,0.0,0.0015606202650815248
50498.0,0.0,0.02814936637878418
50499.0,0.0,0.0262258630245924
50500.0,0.0,0.027021421119570732
50501.0,0.0,0.011426706798374653
50502.0,0.0,0.028438497334718704
50503.0,0.0,0.023853830993175507
50504.0,0.0,0.02236247807741165
50505.0,0.0,0.015413998626172543
50506.0,0.0,0.0034886039793491364
50507.0,0.0,0.036940768361091614
50508.0,0.0,0.017739813774824142
50509.0,0.0,0.025873281061649323
50510.0,0.0,0.02314114384353161
50511.0,0.0,0.017969094216823578
50512.0,1.0,0.7782144546508789
50513.0,1.0,0.8379817008972168
50514.0,0.0,0.015938570722937584
50515.0,0.0,0.025771109387278557
50516.0,0.0,0.024017333984375
50517.0,0.0,0.01702914573252201
50518.0,0.0,0.02632135897874832
50519.0,0.0,0.003339327871799469
50520.0,1.0,0.3875899612903595
50521.0,0.0,0.023636609315872192
50522.0,0.0,0.03889988735318184
50523.0,0.0,0.015413998626172543
50524.0,0.0,0.025771109387278557
50525.0,0.0,0.022847406566143036
50526.0,0.0,0.014743927866220474
50527.0,0.0,0.025873281061649323
50528.0,0.0,0.025771109387278557
50529.0,0.0,0.011279945261776447
50530.0,0.0,0.027234036475419998
50531.0,0.0,0.058941278606653214
50532.0,0.0,0.0014693202683702111
50533.0,0.0,0.027341853827238083
50534.0,0.0,0.02826070226728916
50535.0,0.0,0.01912732794880867
50536.0,0.0,0.014555196277797222
50537.0,0.0,0.017378058284521103
50538.0,0.0,0.02544485405087471
50539.0,0.0,0.025005033239722252
50540.0,1.0,0.8689780235290527
50541.0,0.0,0.024590618908405304
50542.0,0.0,0.026122327893972397
50543.0,0.0,0.001449301722459495
50544.0,0.0,0.0012908532517030835
50545.0,0.0,0.024970166385173798
50546.0,0.0,0.03637295961380005
50547.0,0.0,0.016994355246424675
50548.0,0.0,0.016435613855719566
50549.0,0.0,0.017861315980553627
50550.0,0.0,0.03893374651670456
50551.0,0.0,0.024970166385173798
50552.0,0.0,0.06344211101531982
50553.0,0.0,0.024590618908405304
50554.0,1.0,0.8570403456687927
50555.0,0.0,0.017378058284521103
50556.0,0.0,0.025873281061649323
50557.0,0.0,0.025771109387278557
50558.0,0.0,0.027234036475419998
50559.0,0.0,0.025283005088567734
50560.0,0.0,0.010113470256328583
50561.0,1.0,0.4426445960998535
50562.0,0.0,0.0034331486094743013
50563.0,0.0,0.07217182964086533
50564.0,0.0,0.02445853315293789
50565.0,0.0,0.017969094216823578
50566.0,1.0,0.019121738150715828
50567.0,0.0,0.057073552161455154
50568.0,0.0,0.02519186958670616
50569.0,0.0,0.017969094216823578
50570.0,1.0,0.06344211101531982
50571.0,0.0,0.4392189085483551
50572.0,0.0,0.024717602878808975
50573.0,0.0,0.023887183517217636
50574.0,0.0,0.01697045937180519
50575.0,0.0,0.01829373836517334
50576.0,0.0,0.025771109387278557
50577.0,0.0,0.023636609315872192
50578.0,0.0,0.023922305554151535
50579.0,0.0,0.017969094216823578
50580.0,0.0,0.003244467545300722
50581.0,0.0,0.025346089154481888
50582.0,0.0,0.02544485405087471
50583.0,0.0,0.025005033239722252
50584.0,1.0,0.024717602878808975
50585.0,0.0,0.025346089154481888
50586.0,1.0,0.4445684850215912
50587.0,0.0,0.016237957403063774
50588.0,0.0,0.01562632992863655
50589.0,0.0,0.050926804542541504
50590.0,0.0,0.027234036475419998
50591.0,0.0,0.05812613666057587
50592.0,0.0,0.025771109387278557
50593.0,0.0,0.3513956665992737
50594.0,0.0,0.03879733756184578
50595.0,0.0,0.0038125014398247004
50596.0,0.0,0.010245205834507942
50597.0,0.0,0.019177276641130447
50598.0,0.0,0.0034005448687821627
50599.0,0.0,0.0014693202683702111
50600.0,0.0,0.02697308547794819
50601.0,0.0,0.06839673966169357
50602.0,0.0,0.025310751050710678
50603.0,0.0,0.018040908500552177
50604.0,0.0,0.42605772614479065
50605.0,0.0,0.02526475116610527
50606.0,0.0,0.0014513740316033363
50607.0,0.0,0.014891373924911022
50608.0,0.0,0.024302981793880463
50609.0,0.0,0.02481570467352867
50610.0,0.0,0.02826070226728916
50611.0,0.0,0.016435613855719566
50612.0,0.0,0.03838136047124863
50613.0,0.0,0.0013694989029318094
50614.0,0.0,0.017810726538300514
50615.0,0.0,0.026425663381814957
50616.0,0.0,0.016435613855719566
50617.0,0.0,0.026425663381814957
50618.0,0.0,0.023730525746941566
50619.0,0.0,0.04243891313672066
50620.0,0.0,0.025771109387278557
50621.0,0.0,0.056397695094347
50622.0,0.0,0.0014513740316033363
50623.0,0.0,0.02323314920067787
50624.0,0.0,0.019073618575930595
50625.0,0.0,0.015223466791212559
50626.0,0.0,0.025771109387278557
50627.0,0.0,0.06131014972925186
50628.0,1.0,0.9526882767677307
50629.0,0.0,0.02814936637878418
50630.0,0.0,0.025873281061649323
50631.0,0.0,0.013356479816138744
50632.0,0.0,0.023585906252264977
50633.0,0.0,0.016661789268255234
50634.0,0.0,0.05826232582330704
50635.0,0.0,0.02526475116610527
50636.0,1.0,0.025005033239722252
50637.0,0.0,0.0014078195672482252
50638.0,0.0,0.027234036475419998
50639.0,0.0,0.023948587477207184
50640.0,0.0,0.0013462231727316976
50641.0,0.0,0.022847406566143036
50642.0,0.0,0.023677917197346687
50643.0,0.0,0.01796765625476837
50644.0,0.0,0.025383293628692627
50645.0,0.0,0.024906201288104057
50646.0,0.0,0.024501239880919456
50647.0,0.0,0.020983798429369926
50648.0,0.0,0.024906201288104057
50649.0,0.0,0.027234036475419998
50650.0,0.0,0.025771109387278557
50651.0,0.0,0.0012772607151418924
50652.0,0.0,0.02236247807741165
50653.0,0.0,0.010952994227409363
50654.0,0.0,0.024590618908405304
50655.0,0.0,0.02445853315293789
50656.0,0.0,0.024717602878808975
50657.0,0.0,0.04449452832341194
50658.0,0.0,0.015413998626172543
50659.0,0.0,0.025771109387278557
50660.0,0.0,0.022331207990646362
50661.0,0.0,0.024871468544006348
50662.0,0.0,0.01618671976029873
50663.0,1.0,0.9775838851928711
50664.0,0.0,0.02445853315293789
50665.0,0.0,0.024906201288104057
50666.0,0.0,0.017810726538300514
50667.0,0.0,0.016435613855719566
50668.0,0.0,0.0013770321384072304
50669.0,0.0,0.017969094216823578
50670.0,0.0,0.013124067336320877
50671.0,0.0,0.0031837711576372385
50672.0,0.0,0.016225576400756836
50673.0,0.0,0.022331207990646362
50674.0,0.0,0.02641528844833374
50675.0,0.0,0.02632135897874832
50676.0,0.0,0.025550583377480507
50677.0,0.0,0.02628469653427601
50678.0,1.0,0.993596076965332
50679.0,0.0,0.025283005088567734
50680.0,0.0,0.025771109387278557
50681.0,0.0,0.002861025044694543
50682.0,0.0,0.024906201288104057
50683.0,0.0,0.06139259412884712
50684.0,0.0,0.030525844544172287
50685.0,0.0,0.014743927866220474
50686.0,0.0,0.024970166385173798
50687.0,0.0,0.025771109387278557
50688.0,0.0,0.02398207224905491
50689.0,0.0,0.02236247807741165
50690.0,0.0,0.025005033239722252
50691.0,0.0,0.02814936637878418
50692.0,0.0,0.037497278302907944
50693.0,0.0,0.024906201288104057
50694.0,0.0,0.022420059889554977
50695.0,0.0,0.027234036475419998
50696.0,0.0,0.02398207224905491
50697.0,1.0,0.016122156754136086
50698.0,0.0,0.02323314920067787
50699.0,0.0,0.025283005088567734
50700.0,0.0,0.02663862146437168
50701.0,0.0,0.025514967739582062
50702.0,0.0,0.0031837711576372385
50703.0,0.0,0.022689338773489
50704.0,0.0,0.019073618575930595
50705.0,1.0,0.4520539343357086
50706.0,0.0,0.02544485405087471
50707.0,0.0,0.022420059889554977
50708.0,0.0,0.025005033239722252
50709.0,0.0,0.003731371136382222
50710.0,0.0,0.05623804032802582
50711.0,0.0,0.025771109387278557
50712.0,0.0,0.014777462929487228
50713.0,0.0,0.02314114384353161
50714.0,0.0,0.0036180189345031977
50715.0,0.0,0.024970166385173798
50716.0,0.0,0.06282712519168854
50717.0,0.0,0.058941278606653214
50718.0,0.0,0.02314114384353161
50719.0,0.0,0.0013770321384072304
50720.0,0.0,0.06549248099327087
50721.0,0.0,0.017070453613996506
50722.0,0.0,0.026265054941177368
50723.0,0.0,0.015556056052446365
50724.0,0.0,0.027234036475419998
50725.0,0.0,0.02323314920067787
50726.0,0.0,0.02481570467352867
50727.0,0.0,0.016766361892223358
50728.0,1.0,0.03401298075914383
50729.0,0.0,0.025873281061649323
50730.0,0.0,0.024717602878808975
50731.0,0.0,0.0014202744932845235
50732.0,0.0,0.0597548745572567
50733.0,0.0,0.02641528844833374
50734.0,0.0,0.03673875704407692
50735.0,0.0,0.017570000141859055
50736.0,0.0,0.06198906525969505
50737.0,0.0,0.026122327893972397
50738.0,0.0,0.0034331486094743013
50739.0,0.0,0.02360360138118267
50740.0,0.0,0.05795514956116676
50741.0,0.0,0.025346089154481888
50742.0,0.0,0.029535578563809395
50743.0,0.0,0.025283005088567734
50744.0,0.0,0.017378058284521103
50745.0,0.0,0.0597548745572567
50746.0,0.0,0.016688881441950798
50747.0,0.0,0.02314114384353161
50748.0,0.0,0.02995872125029564
50749.0,0.0,0.0631110668182373
50750.0,0.0,0.025245940312743187
50751.0,0.0,0.02314114384353161
50752.0,0.0,0.0013431700645014644
50753.0,1.0,0.01899777166545391
50754.0,0.0,0.02445853315293789
50755.0,0.0,0.02641528844833374
50756.0,0.0,0.041363924741744995
50757.0,0.0,0.010245205834507942
50758.0,0.0,0.0015030310023576021
50759.0,0.0,0.013356479816138744
50760.0,0.0,0.022331207990646362
50761.0,1.0,0.030525844544172287
50762.0,0.0,0.013825992122292519
50763.0,0.0,0.05983950197696686
50764.0,0.0,0.023922305554151535
50765.0,0.0,0.0013912387657910585
50766.0,0.0,0.025283005088567734
50767.0,0.0,0.02236247807741165
50768.0,0.0,0.02314114384353161
50769.0,0.0,0.05741441249847412
50770.0,0.0,0.017969094216823578
50771.0,0.0,0.016435613855719566
50772.0,0.0,0.025771109387278557
50773.0,0.0,0.02641528844833374
50774.0,0.0,0.025771109387278557
50775.0,0.0,0.040982529520988464
50776.0,0.0,0.024717602878808975
50777.0,0.0,0.06456372141838074
50778.0,0.0,0.001447077956981957
50779.0,0.0,0.016122156754136086
50780.0,0.0,0.04596911370754242
50781.0,0.0,0.018558911979198456
50782.0,0.0,0.025550583377480507
50783.0,0.0,0.023887183517217636
50784.0,0.0,0.01575755886733532
50785.0,0.0,0.024717602878808975
50786.0,0.0,0.02526475116610527
50787.0,0.0,0.0015091396635398269
50788.0,0.0,0.016122156754136086
50789.0,0.0,0.02323314920067787
50790.0,0.0,0.026141773909330368
50791.0,0.0,0.015280703082680702
50792.0,1.0,0.5049108862876892
50793.0,0.0,0.02236247807741165
50794.0,0.0,0.3426138460636139
50795.0,0.0,0.02663862146437168
50796.0,0.0,0.025873281061649323
50797.0,0.0,0.0014202744932845235
50798.0,0.0,0.028361354023218155
50799.0,0.0,0.024871468544006348
50800.0,0.0,0.015116751194000244
50801.0,0.0,0.04041016474366188
50802.0,0.0,0.024717602878808975
50803.0,0.0,0.02445853315293789
50804.0,0.0,0.02632135897874832
50805.0,0.0,0.026122327893972397
50806.0,0.0,0.023887183517217636
50807.0,0.0,0.001310010440647602
50808.0,0.0,0.027234036475419998
50809.0,0.0,0.024590618908405304
50810.0,0.0,0.05163946375250816
50811.0,0.0,0.02591816894710064
50812.0,0.0,0.025810956954956055
50813.0,0.0,0.02314114384353161
50814.0,0.0,0.02355126105248928
50815.0,0.0,0.016109652817249298
50816.0,0.0,0.015119008719921112
50817.0,0.0,0.0252692848443985
50818.0,0.0,0.014743927866220474
50819.0,0.0,0.025810956954956055
50820.0,0.0,0.023922305554151535
50821.0,0.0,0.0035406588576734066
50822.0,0.0,0.01678997464478016
50823.0,0.0,0.025771109387278557
50824.0,0.0,0.05599655583500862
50825.0,0.0,0.015223466791212559
50826.0,0.0,0.023887183517217636
50827.0,0.0,0.024871468544006348
50828.0,0.0,0.025771109387278557
50829.0,0.0,0.02544485405087471
50830.0,1.0,0.4445684850215912
50831.0,0.0,0.02814936637878418
50832.0,0.0,0.024717602878808975
50833.0,0.0,0.017378058284521103
50834.0,0.0,0.06100006029009819
50835.0,0.0,0.3335471451282501
50836.0,0.0,0.02909594401717186
50837.0,0.0,0.030163714662194252
50838.0,0.0,0.02314114384353161
50839.0,0.0,0.025172991678118706
50840.0,0.0,0.025771109387278557
50841.0,0.0,0.018461478874087334
50842.0,0.0,0.03513512387871742
50843.0,0.0,0.02632135897874832
50844.0,0.0,0.023922305554151535
50845.0,0.0,0.024717602878808975
50846.0,0.0,0.01722889207303524
50847.0,0.0,0.06240420788526535
50848.0,0.0,0.34018510580062866
50849.0,0.0,0.0013694989029318094
50850.0,0.0,0.06722092628479004
50851.0,0.0,0.024231432005763054
50852.0,0.0,0.03516509383916855
50853.0,0.0,0.016122156754136086
50854.0,0.0,0.017520952969789505
50855.0,0.0,0.0013431700645014644
50856.0,0.0,0.027234036475419998
50857.0,0.0,0.024501239880919456
50858.0,0.0,0.015675872564315796
50859.0,0.0,0.01575755886733532
50860.0,0.0,0.024501239880919456
50861.0,0.0,0.023922305554151535
50862.0,0.0,0.05522727221250534
50863.0,0.0,0.05477239564061165
50864.0,0.0,0.01693979650735855
50865.0,0.0,0.02398207224905491
50866.0,0.0,0.014243694953620434
50867.0,0.0,0.04300350323319435
50868.0,0.0,0.05522727221250534
50869.0,0.0,0.025545770302414894
50870.0,0.0,0.011279945261776447
50871.0,0.0,0.02632135897874832
50872.0,0.0,0.025873281061649323
50873.0,0.0,0.5045031309127808
50874.0,0.0,0.024906201288104057
50875.0,0.0,0.016122156754136086
50876.0,0.0,0.029535578563809395
50877.0,0.0,0.024871468544006348
50878.0,0.0,0.02481570467352867
50879.0,0.0,0.04977066069841385
50880.0,0.0,0.02632135897874832
50881.0,0.0,0.0014018514193594456
50882.0,0.0,0.025771109387278557
50883.0,0.0,0.01629883050918579
50884.0,0.0,0.06139259412884712
50885.0,0.0,0.06689666211605072
50886.0,0.0,0.025873281061649323
50887.0,0.0,0.016122156754136086
50888.0,1.0,0.01704694889485836
50889.0,0.0,0.02314114384353161
50890.0,0.0,0.0014018514193594456
50891.0,0.0,0.015638090670108795
50892.0,0.0,0.014605714939534664
50893.0,0.0,0.025771109387278557
50894.0,0.0,0.02663862146437168
50895.0,0.0,0.4422444999217987
50896.0,0.0,0.02691265195608139
50897.0,0.0,0.016435613855719566
50898.0,0.0,0.001295147929340601
50899.0,0.0,0.026122327893972397
50900.0,1.0,0.01899777166545391
50901.0,0.0,0.024556316435337067
50902.0,0.0,0.018040908500552177
50903.0,0.0,0.025771109387278557
50904.0,0.0,0.02885267697274685
50905.0,0.0,0.026196282356977463
50906.0,0.0,0.027913730591535568
50907.0,0.0,0.016777299344539642
50908.0,0.0,0.017969094216823578
50909.0,0.0,0.01574668474495411
50910.0,0.0,0.025651903823018074
50911.0,0.0,0.06474325805902481
50912.0,0.0,0.016530299559235573
50913.0,0.0,0.0014202744932845235
50914.0,0.0,0.0014551917556673288
50915.0,0.0,0.027021421119570732
50916.0,1.0,0.9764625430107117
50917.0,0.0,0.02314114384353161
50918.0,0.0,0.026122327893972397
50919.0,0.0,0.02814936637878418
50920.0,0.0,0.04094049707055092
50921.0,0.0,0.015413998626172543
50922.0,0.0,0.024960659444332123
50923.0,0.0,0.017203858122229576
50924.0,0.0,0.06289749592542648
50925.0,0.0,0.0014572733780369163
50926.0,0.0,0.027341853827238083
50927.0,0.0,0.02314114384353161
50928.0,0.0,0.016853002831339836
50929.0,0.0,0.024717602878808975
50930.0,0.0,0.024717602878808975
50931.0,0.0,0.027234036475419998
50932.0,0.0,0.016225576400756836
50933.0,0.0,0.003702954389154911
50934.0,0.0,0.025550583377480507
50935.0,1.0,0.8304533958435059
50936.0,0.0,0.025913292542099953
50937.0,0.0,0.023887183517217636
50938.0,0.0,0.04019296169281006
50939.0,0.0,0.027234036475419998
50940.0,0.0,0.024944746866822243
50941.0,0.0,0.05690331757068634
50942.0,0.0,0.024289600551128387
50943.0,0.0,0.011112970300018787
50944.0,0.0,0.03167172521352768
50945.0,0.0,0.024717602878808975
50946.0,0.0,0.014700775034725666
50947.0,0.0,0.014621013775467873
50948.0,0.0,0.019073618575930595
50949.0,0.0,0.02440434880554676
50950.0,0.0,0.024906201288104057
50951.0,0.0,0.02544485405087471
50952.0,0.0,0.025771109387278557
50953.0,0.0,0.02502305433154106
50954.0,0.0,0.05621235817670822
50955.0,0.0,0.02314114384353161
50956.0,0.0,0.025771109387278557
50957.0,0.0,0.02653190866112709
50958.0,0.0,0.02663862146437168
50959.0,0.0,0.06998661160469055
50960.0,0.0,0.018215972930192947
50961.0,0.0,0.038599319756031036
50962.0,0.0,0.025283005088567734
50963.0,0.0,0.016753703355789185
50964.0,0.0,0.0017288743983954191
50965.0,0.0,0.025771109387278557
50966.0,0.0,0.023405183106660843
50967.0,0.0,0.015413998626172543
50968.0,0.0,0.019136080518364906
50969.0,0.0,0.0012772607151418924
50970.0,0.0,0.015007514506578445
50971.0,0.0,0.0633791908621788
50972.0,0.0,0.036940768361091614
50973.0,0.0,0.003296883078292012
50974.0,0.0,0.0182296484708786
50975.0,0.0,0.015223466791212559
50976.0,0.0,0.024906201288104057
50977.0,0.0,0.024906201288104057
50978.0,0.0,0.4360010325908661
50979.0,0.0,0.027234036475419998
50980.0,0.0,0.024556316435337067
50981.0,0.0,0.025073513388633728
50982.0,0.0,0.025771109387278557
50983.0,0.0,0.02663862146437168
50984.0,0.0,0.024871468544006348
50985.0,0.0,0.05817730352282524
50986.0,0.0,0.003244467545300722
50987.0,0.0,0.02314114384353161
50988.0,0.0,0.025771109387278557
50989.0,0.0,0.06224853917956352
50990.0,0.0,0.03077230602502823
50991.0,0.0,0.059325143694877625
50992.0,0.0,0.024906201288104057
50993.0,0.0,0.0013608243316411972
50994.0,0.0,0.05889163166284561
50995.0,0.0,0.015413998626172543
50996.0,0.0,0.010261302813887596
50997.0,0.0,0.02632135897874832
50998.0,0.0,0.025873281061649323
50999.0,0.0,0.03513512387871742
51000.0,0.0,0.025771109387278557
51001.0,0.0,0.02236247807741165
51002.0,0.0,0.02653190866112709
51003.0,0.0,0.05126940459012985
51004.0,0.0,0.0012555853463709354
51005.0,0.0,0.06574150919914246
51006.0,0.0,0.02314114384353161
51007.0,0.0,0.023922305554151535
51008.0,0.0,0.01757531799376011
51009.0,0.0,0.06021404266357422
51010.0,0.0,0.43061134219169617
51011.0,0.0,0.01575755886733532
51012.0,0.0,0.025005033239722252
51013.0,0.0,0.02663862146437168
51014.0,0.0,0.024970166385173798
51015.0,0.0,0.01724102534353733
51016.0,0.0,0.02355126105248928
51017.0,0.0,0.024871468544006348
51018.0,0.0,0.0346895232796669
51019.0,0.0,0.0013517334591597319
51020.0,1.0,0.4532330334186554
51021.0,0.0,0.02360360138118267
51022.0,0.0,0.037749554961919785
51023.0,0.0,0.000805672025308013
51024.0,0.0,0.0597548745572567
51025.0,0.0,0.0038755678106099367
51026.0,1.0,0.44021958112716675
51027.0,0.0,0.015938570722937584
51028.0,0.0,0.02628469653427601
51029.0,0.0,0.02314114384353161
51030.0,0.0,0.05795514956116676
51031.0,0.0,0.04266770929098129
51032.0,0.0,0.02932242676615715
51033.0,0.0,0.06849652528762817
51034.0,0.0,0.02465379238128662
51035.0,0.0,0.0036289540585130453
51036.0,0.0,0.023474901914596558
51037.0,0.0,0.025771109387278557
51038.0,0.0,0.01575755886733532
51039.0,0.0,0.02426704578101635
51040.0,1.0,0.43439170718193054
51041.0,0.0,0.023393183946609497
51042.0,0.0,0.0014604296302422881
51043.0,0.0,0.01562632992863655
51044.0,0.0,0.003731371136382222
51045.0,0.0,0.03012186661362648
51046.0,1.0,0.8338411450386047
51047.0,0.0,0.024327654391527176
51048.0,0.0,0.45066335797309875
51049.0,0.0,0.03901994973421097
51050.0,0.0,0.0014693202683702111
51051.0,0.0,0.02364484779536724
51052.0,0.0,0.02526475116610527
51053.0,0.0,0.4037907123565674
51054.0,0.0,0.05628763884305954
51055.0,0.0,0.024590618908405304
51056.0,0.0,0.016097549349069595
51057.0,0.0,0.024871468544006348
51058.0,0.0,0.02632135897874832
51059.0,0.0,0.03702286630868912
51060.0,0.0,0.02507074922323227
51061.0,0.0,0.013337628915905952
51062.0,0.0,0.02314114384353161
51063.0,0.0,0.05708349123597145
51064.0,0.0,0.026425663381814957
51065.0,0.0,0.025771109387278557
51066.0,0.0,0.0013714581727981567
51067.0,0.0,0.07214731723070145
51068.0,0.0,0.02663862146437168
51069.0,0.0,0.03859657794237137
51070.0,0.0,0.02663862146437168
51071.0,0.0,0.057245396077632904
51072.0,1.0,0.058220189064741135
51073.0,0.0,0.026122327893972397
51074.0,0.0,0.01629883050918579
51075.0,0.0,0.016435613855719566
51076.0,0.0,0.01722889207303524
51077.0,0.0,0.025005033239722252
51078.0,0.0,0.4316074550151825
51079.0,0.0,0.017968246713280678
51080.0,0.0,0.05638376995921135
51081.0,0.0,0.02179497294127941
51082.0,0.0,0.06399565190076828
51083.0,0.0,0.017739813774824142
51084.0,0.0,0.015878908336162567
51085.0,0.0,0.0627526342868805
51086.0,0.0,0.0246882326900959
51087.0,0.0,0.015878908336162567
51088.0,0.0,0.024590618908405304
51089.0,0.0,0.02236247807741165
51090.0,0.0,0.015675872564315796
51091.0,0.0,0.027234036475419998
51092.0,0.0,0.018040908500552177
51093.0,0.0,0.014680053107440472
51094.0,0.0,0.015903720632195473
51095.0,0.0,0.02814936637878418
51096.0,0.0,0.0472479946911335
51097.0,0.0,0.016853002831339836
51098.0,0.0,0.055439580231904984
51099.0,0.0,0.027234036475419998
51100.0,0.0,0.01899777166545391
51101.0,0.0,0.02996407449245453
51102.0,0.0,0.015590906143188477
51103.0,1.0,0.0032922266982495785
51104.0,0.0,0.0007913999725133181
51105.0,0.0,0.0014078195672482252
51106.0,0.0,0.017739813774824142
51107.0,0.0,0.01678997464478016
51108.0,0.0,0.023730525746941566
51109.0,0.0,0.015202022157609463
51110.0,1.0,0.06033015251159668
51111.0,0.0,0.02426704578101635
51112.0,0.0,0.32380878925323486
51113.0,0.0,0.06672535091638565
51114.0,0.0,0.010836593806743622
51115.0,0.0,0.028660891577601433
51116.0,0.0,0.001305232523009181
51117.0,0.0,0.014124889858067036
51118.0,0.0,0.02526475116610527
51119.0,0.0,0.025771109387278557
51120.0,0.0,0.026122327893972397
51121.0,0.0,0.024555636569857597
51122.0,0.0,0.02220160886645317
51123.0,0.0,0.014743927866220474
51124.0,0.0,0.02547396719455719
51125.0,0.0,0.4090858995914459
51126.0,0.0,0.01899777166545391
51127.0,0.0,0.05708349123597145
51128.0,0.0,0.015878908336162567
51129.0,0.0,0.02236247807741165
51130.0,0.0,0.003534468589350581
51131.0,0.0,0.02314114384353161
51132.0,0.0,0.0013694989029318094
51133.0,1.0,0.027021421119570732
51134.0,1.0,0.4374698996543884
51135.0,0.0,0.06021404266357422
51136.0,0.0,0.0017288743983954191
51137.0,0.0,0.015223466791212559
51138.0,0.0,0.01722889207303524
51139.0,0.0,0.0676448792219162
51140.0,1.0,0.45416268706321716
51141.0,0.0,0.8483741283416748
51142.0,0.0,0.025771109387278557
51143.0,0.0,0.02236247807741165
51144.0,0.0,0.01629883050918579
51145.0,0.0,0.03683403134346008
51146.0,0.0,0.024906201288104057
51147.0,0.0,0.025005033239722252
51148.0,0.0,0.025771109387278557
51149.0,0.0,0.06166466325521469
51150.0,0.0,0.46592435240745544
51151.0,0.0,0.01722889207303524
51152.0,0.0,0.014555196277797222
51153.0,0.0,0.0014260467141866684
51154.0,1.0,0.4037907123565674
51155.0,0.0,0.0012772607151418924
51156.0,0.0,0.024717602878808975
51157.0,0.0,0.02317703142762184
51158.0,0.0,0.014605714939534664
51159.0,0.0,0.025771109387278557
51160.0,0.0,0.41621434688568115
51161.0,0.0,0.025550583377480507
51162.0,0.0,0.01899777166545391
51163.0,0.0,0.0013608243316411972
51164.0,0.0,0.027234036475419998
51165.0,0.0,0.0013714581727981567
51166.0,0.0,0.022331207990646362
51167.0,0.0,0.025771109387278557
51168.0,0.0,0.055597104132175446
51169.0,0.0,0.06428132206201553
51170.0,0.0,0.0013663552235811949
51171.0,0.0,0.0015030310023576021
51172.0,0.0,0.02236247807741165
51173.0,0.0,0.026122327893972397
51174.0,0.0,0.02544485405087471
51175.0,0.0,0.029535578563809395
51176.0,0.0,0.025005033239722252
51177.0,0.0,0.02644209749996662
51178.0,1.0,0.024556316435337067
51179.0,0.0,0.05438477545976639
51180.0,0.0,0.0014693202683702111
51181.0,0.0,0.01678997464478016
51182.0,0.0,0.05708349123597145
51183.0,0.0,0.025229530408978462
51184.0,0.0,0.025771109387278557
51185.0,0.0,0.017336970195174217
51186.0,0.0,0.06689666211605072
51187.0,1.0,0.010245205834507942
51188.0,0.0,0.041395772248506546
51189.0,0.0,0.017968246713280678
51190.0,0.0,0.4476095139980316
51191.0,0.0,0.024590618908405304
51192.0,0.0,0.017115140333771706
51193.0,0.0,0.024293702095746994
51194.0,0.0,0.024906201288104057
51195.0,0.0,0.017969094216823578
51196.0,0.0,0.02624538727104664
51197.0,0.0,0.0013714581727981567
51198.0,0.0,0.023887183517217636
51199.0,0.0,0.025771109387278557
51200.0,0.0,0.02632135897874832
51201.0,0.0,0.02663862146437168
51202.0,1.0,0.8367125391960144
51203.0,0.0,0.024871468544006348
51204.0,0.0,0.014588294550776482
51205.0,0.0,0.003662658855319023
51206.0,0.0,0.016435613855719566
51207.0,0.0,0.027234036475419998
51208.0,0.0,0.04098188504576683
51209.0,0.0,0.03912980109453201
51210.0,0.0,0.02663862146437168
51211.0,0.0,0.022451452910900116
51212.0,0.0,0.02236247807741165
51213.0,0.0,0.011426706798374653
51214.0,0.0,0.003379453904926777
51215.0,0.0,0.017968246713280678
51216.0,0.0,0.023887183517217636
51217.0,0.0,0.02351333759725094
51218.0,0.0,0.025771109387278557
51219.0,0.0,0.014743927866220474
51220.0,0.0,0.024717602878808975
51221.0,0.0,0.060015689581632614
51222.0,0.0,0.02236247807741165
51223.0,0.0,0.025771109387278557
51224.0,0.0,0.025873281061649323
51225.0,0.0,0.029535578563809395
51226.0,0.0,0.013825992122292519
51227.0,0.0,0.024906201288104057
51228.0,0.0,0.0013663552235811949
51229.0,0.0,0.016994355246424675
51230.0,0.0,0.019502442330121994
51231.0,0.0,0.024717602878808975
51232.0,0.0,0.025810956954956055
51233.0,0.0,0.025873281061649323
51234.0,0.0,0.014276108704507351
51235.0,0.0,0.02660154178738594
51236.0,0.0,0.001392714912071824
51237.0,0.0,0.0013886369997635484
51238.0,0.0,0.014891373924911022
51239.0,0.0,0.027234036475419998
51240.0,0.0,0.0013906233943998814
51241.0,0.0,0.027234036475419998
51242.0,0.0,0.025346089154481888
51243.0,0.0,0.02236247807741165
51244.0,0.0,0.024566126987338066
51245.0,0.0,0.024717602878808975
51246.0,0.0,0.0012720894301310182
51247.0,0.0,0.01678997464478016
51248.0,0.0,0.029936516657471657
51249.0,0.0,0.011352612636983395
51250.0,0.0,0.025873281061649323
51251.0,0.0,0.025642139837145805
51252.0,0.0,0.025771109387278557
51253.0,0.0,0.025771109387278557
51254.0,0.0,0.018330127000808716
51255.0,0.0,0.01753651537001133
51256.0,0.0,0.017336970195174217
51257.0,0.0,0.038539398461580276
51258.0,0.0,0.47810813784599304
51259.0,0.0,0.029652222990989685
51260.0,0.0,0.025550583377480507
51261.0,1.0,0.8343483805656433
51262.0,0.0,0.027234036475419998
51263.0,0.0,0.02440434880554676
51264.0,0.0,0.025651903823018074
51265.0,1.0,0.8454277515411377
51266.0,0.0,0.01575755886733532
51267.0,0.0,0.0263888631016016
51268.0,0.0,0.004172900225967169
51269.0,1.0,0.059250447899103165
51270.0,0.0,0.023568198084831238
51271.0,1.0,0.7838031053543091
51272.0,0.0,0.02632135897874832
51273.0,0.0,0.058760810643434525
51274.0,0.0,0.02445853315293789
51275.0,0.0,0.0012283599935472012
51276.0,0.0,0.017969094216823578
51277.0,0.0,0.058760810643434525
51278.0,0.0,0.4773422181606293
51279.0,0.0,0.022847406566143036
51280.0,0.0,0.9772631525993347
51281.0,0.0,0.03740875422954559
51282.0,0.0,0.015878908336162567
51283.0,0.0,0.024906201288104057
51284.0,0.0,0.025771109387278557
51285.0,0.0,0.022420059889554977
51286.0,0.0,0.024906201288104057
51287.0,0.0,0.0014949098695069551
51288.0,0.0,0.02628469653427601
51289.0,0.0,0.01722889207303524
51290.0,0.0,0.016994355246424675
51291.0,0.0,0.06928596645593643
51292.0,0.0,0.02314114384353161
51293.0,0.0,0.024970166385173798
51294.0,1.0,0.02481570467352867
51295.0,0.0,0.004551239311695099
51296.0,1.0,0.9931517839431763
51297.0,1.0,0.062166977673769
51298.0,0.0,0.044948384165763855
51299.0,0.0,0.022685261443257332
51300.0,0.0,0.024871468544006348
51301.0,0.0,0.04233984649181366
51302.0,0.0,0.040762387216091156
51303.0,0.0,0.01629883050918579
51304.0,0.0,0.011426706798374653
51305.0,0.0,0.0014018514193594456
51306.0,0.0,0.024906201288104057
51307.0,0.0,0.02521074190735817
51308.0,0.0,0.026265054941177368
51309.0,0.0,0.000840610999148339
51310.0,0.0,0.025005033239722252
51311.0,0.0,0.016661789268255234
51312.0,0.0,0.016122156754136086
51313.0,0.0,0.022847406566143036
51314.0,0.0,0.06131014972925186
51315.0,0.0,0.4316074550151825
51316.0,0.0,0.0015030310023576021
51317.0,0.0,0.01678997464478016
51318.0,0.0,0.026744144037365913
51319.0,0.0,0.010952994227409363
51320.0,0.0,0.05955221503973007
51321.0,0.0,0.021006403490900993
51322.0,0.0,0.01507534645497799
51323.0,0.0,0.026122327893972397
51324.0,0.0,0.024906201288104057
51325.0,0.0,0.02314114384353161
51326.0,0.0,0.015224582515656948
51327.0,0.0,0.01562632992863655
51328.0,0.0,0.015878908336162567
51329.0,1.0,0.4392189085483551
51330.0,0.0,0.025771109387278557
51331.0,0.0,0.03941935673356056
51332.0,0.0,0.024717602878808975
51333.0,0.0,0.024906201288104057
51334.0,0.0,0.0008494997746311128
51335.0,0.0,0.027234036475419998
51336.0,0.0,0.0693119615316391
51337.0,0.0,0.026122327893972397
51338.0,0.0,0.04354483634233475
51339.0,0.0,0.015246058814227581
51340.0,0.0,0.026141773909330368
51341.0,0.0,0.03941935673356056
51342.0,0.0,0.02445853315293789
51343.0,0.0,0.02236247807741165
51344.0,0.0,0.030483517795801163
51345.0,0.0,0.017969094216823578
51346.0,0.0,0.017969094216823578
51347.0,0.0,0.024906201288104057
51348.0,0.0,0.02236247807741165
51349.0,0.0,0.06512225419282913
51350.0,0.0,0.025771109387278557
51351.0,0.0,0.04097719117999077
51352.0,0.0,0.025651903823018074
51353.0,0.0,0.003480709157884121
51354.0,0.0,0.0013536671176552773
51355.0,0.0,0.0014202744932845235
51356.0,0.0,0.02663862146437168
51357.0,0.0,0.015556056052446365
51358.0,0.0,0.009604624472558498
51359.0,0.0,0.053543929010629654
51360.0,0.0,0.015878908336162567
51361.0,1.0,0.02314114384353161
51362.0,0.0,0.0013714581727981567
51363.0,0.0,0.0014513740316033363
51364.0,0.0,0.03922644257545471
51365.0,0.0,0.017969094216823578
51366.0,0.0,0.0014513740316033363
51367.0,0.0,0.024566126987338066
51368.0,0.0,0.0013213740894570947
51369.0,0.0,0.04243891313672066
51370.0,1.0,0.018040908500552177
51371.0,0.0,0.003296883078292012
51372.0,0.0,0.027021421119570732
51373.0,0.0,0.015413998626172543
51374.0,0.0,0.43200722336769104
51375.0,0.0,0.01740630343556404
51376.0,0.0,0.016435613855719566
51377.0,0.0,0.024906201288104057
51378.0,0.0,0.027341853827238083
51379.0,0.0,0.010952994227409363
51380.0,0.0,0.02555767446756363
51381.0,0.0,0.023679625242948532
51382.0,0.0,0.017969094216823578
51383.0,0.0,0.025873281061649323
51384.0,0.0,0.025005033239722252
51385.0,0.0,0.02236247807741165
51386.0,0.0,0.02663862146437168
51387.0,0.0,0.025771109387278557
51388.0,0.0,0.01757531799376011
51389.0,0.0,0.03833799064159393
51390.0,0.0,0.0012266056146472692
51391.0,0.0,0.02358420193195343
51392.0,0.0,0.016661789268255234
51393.0,1.0,0.48765942454338074
51394.0,0.0,0.02814936637878418
51395.0,0.0,0.027424313127994537
51396.0,0.0,0.01899777166545391
51397.0,0.0,0.03683403134346008
51398.0,0.0,0.022331207990646362
51399.0,0.0,0.0029524078126996756
51400.0,0.0,0.025873281061649323
51401.0,0.0,0.024717602878808975
51402.0,0.0,0.001392714912071824
51403.0,0.0,0.04047170281410217
51404.0,0.0,0.01899777166545391
51405.0,0.0,0.0012283599935472012
51406.0,0.0,0.0013886369997635484
51407.0,0.0,0.017969094216823578
51408.0,0.0,0.06084814295172691
51409.0,0.0,0.023887183517217636
51410.0,0.0,0.015938570722937584
51411.0,0.0,0.02526475116610527
51412.0,1.0,0.4287012219429016
51413.0,0.0,0.017378058284521103
51414.0,0.0,0.026122327893972397
51415.0,0.0,0.05708349123597145
51416.0,0.0,0.04041016474366188
51417.0,0.0,0.001260689808987081
51418.0,0.0,0.02653190866112709
51419.0,0.0,0.0013714581727981567
51420.0,0.0,0.027234036475419998
51421.0,0.0,0.038603249937295914
51422.0,0.0,0.027341853827238083
51423.0,0.0,0.0035427690017968416
51424.0,0.0,0.038738228380680084
51425.0,1.0,0.025771109387278557
51426.0,0.0,0.0015030310023576021
51427.0,0.0,0.03297267109155655
51428.0,0.0,0.026122327893972397
51429.0,0.0,0.035611413419246674
51430.0,0.0,0.017115140333771706
51431.0,0.0,0.3513956665992737
51432.0,0.0,0.024970166385173798
51433.0,0.0,0.02314114384353161
51434.0,0.0,0.015116751194000244
51435.0,0.0,0.028660891577601433
51436.0,0.0,0.011279945261776447
51437.0,1.0,0.3473314344882965
51438.0,1.0,0.5884724259376526
51439.0,0.0,0.014777462929487228
51440.0,0.0,0.025771109387278557
51441.0,0.0,0.02481570467352867
51442.0,0.0,0.024590618908405304
51443.0,0.0,0.0014202744932845235
51444.0,0.0,0.023887183517217636
51445.0,0.0,0.028361354023218155
51446.0,0.0,0.022365860641002655
51447.0,1.0,0.9934519529342651
51448.0,0.0,0.01635638438165188
51449.0,0.0,0.025550583377480507
51450.0,0.0,0.0015450300415977836
51451.0,0.0,0.34019145369529724
51452.0,0.0,0.02445853315293789
51453.0,0.0,0.017336970195174217
51454.0,0.0,0.06175331398844719
51455.0,0.0,0.018040908500552177
51456.0,0.0,0.027913730591535568
51457.0,0.0,0.027234036475419998
51458.0,0.0,0.0017288743983954191
51459.0,0.0,0.027021421119570732
51460.0,0.0,0.03941935673356056
51461.0,1.0,0.43061134219169617
51462.0,0.0,0.019519072026014328
51463.0,0.0,0.0246882326900959
51464.0,0.0,0.017739813774824142
51465.0,0.0,0.014891373924911022
51466.0,0.0,0.06465663015842438
51467.0,1.0,0.4476095139980316
51468.0,0.0,0.01907660812139511
51469.0,0.0,0.04326498880982399
51470.0,0.0,0.016362937167286873
51471.0,0.0,0.015878908336162567
51472.0,1.0,0.0013140484225004911
51473.0,0.0,0.024970166385173798
51474.0,1.0,0.060015689581632614
51475.0,1.0,0.05604023113846779
51476.0,0.0,0.022685261443257332
51477.0,0.0,0.025545770302414894
51478.0,0.0,0.025771109387278557
51479.0,0.0,0.019894592463970184
51480.0,1.0,0.4476095139980316
51481.0,0.0,0.025771109387278557
51482.0,0.0,0.022331207990646362
51483.0,0.0,0.024717602878808975
51484.0,0.0,0.019073618575930595
51485.0,0.0,0.02179497294127941
51486.0,0.0,0.02236247807741165
51487.0,0.0,0.0013694989029318094
51488.0,0.0,0.01575755886733532
51489.0,0.0,0.025771109387278557
51490.0,0.0,0.4392189085483551
51491.0,0.0,0.02314114384353161
51492.0,0.0,0.016121400520205498
51493.0,0.0,0.02632135897874832
51494.0,0.0,0.018040908500552177
51495.0,0.0,0.0368206687271595
51496.0,0.0,0.06536997854709625
51497.0,0.0,0.027234036475419998
51498.0,0.0,0.014276108704507351
51499.0,0.0,0.05656439810991287
51500.0,0.0,0.03984667360782623
51501.0,0.0,0.06895846128463745
51502.0,0.0,0.025771109387278557
51503.0,0.0,0.013356479816138744
51504.0,0.0,0.0014202744932845235
51505.0,0.0,0.02663862146437168
51506.0,0.0,0.05998348444700241
51507.0,0.0,0.015878908336162567
51508.0,0.0,0.014743927866220474
51509.0,0.0,0.024906201288104057
51510.0,0.0,0.015280703082680702
51511.0,0.0,0.027341853827238083
51512.0,0.0,0.07230093330144882
51513.0,0.0,0.025550583377480507
51514.0,0.0,0.024906201288104057
51515.0,0.0,0.024717602878808975
51516.0,0.0,0.003364135045558214
51517.0,0.0,0.024906201288104057
51518.0,0.0,0.01685047335922718
51519.0,0.0,0.022685261443257332
51520.0,0.0,0.02909594401717186
51521.0,0.0,0.030390391126275063
51522.0,0.0,0.029848946258425713
51523.0,0.0,0.001389697310514748
51524.0,0.0,0.027234036475419998
51525.0,0.0,0.025873281061649323
51526.0,0.0,0.02481570467352867
51527.0,0.0,0.025873281061649323
51528.0,0.0,0.02236247807741165
51529.0,0.0,0.0014202744932845235
51530.0,0.0,0.02360360138118267
51531.0,0.0,0.0016577912028878927
51532.0,0.0,0.024717602878808975
51533.0,0.0,0.0013536671176552773
51534.0,0.0,0.026425663381814957
51535.0,0.0,0.024906201288104057
51536.0,0.0,0.014297300949692726
51537.0,0.0,0.01707693375647068
51538.0,0.0,0.015556056052446365
51539.0,0.0,0.026122327893972397
51540.0,0.0,0.0013213740894570947
51541.0,0.0,0.0016681889537721872
51542.0,0.0,0.017739813774824142
51543.0,0.0,0.025771109387278557
51544.0,0.0,0.024590618908405304
51545.0,0.0,0.0013906233943998814
51546.0,0.0,0.4426445960998535
51547.0,0.0,0.025642139837145805
51548.0,0.0,0.024906201288104057
51549.0,0.0,0.023887183517217636
51550.0,0.0,0.016122156754136086
51551.0,0.0,0.023888908326625824
51552.0,0.0,0.017968246713280678
51553.0,0.0,0.02314114384353161
51554.0,0.0,0.02814936637878418
51555.0,0.0,0.016766361892223358
51556.0,0.0,0.023887183517217636
51557.0,0.0,0.026141773909330368
51558.0,0.0,0.02663862146437168
51559.0,0.0,0.02628469653427601
51560.0,0.0,0.016777299344539642
51561.0,0.0,0.023887183517217636
51562.0,0.0,0.024555636569857597
51563.0,0.0,0.44283321499824524
51564.0,0.0,0.06175331398844719
51565.0,0.0,0.025771109387278557
51566.0,0.0,0.024970166385173798
51567.0,0.0,0.027234036475419998
51568.0,0.0,0.024970166385173798
51569.0,0.0,0.0033102568704634905
51570.0,0.0,0.026122327893972397
51571.0,0.0,0.02236247807741165
51572.0,0.0,0.06175331398844719
51573.0,0.0,0.0013973414897918701
51574.0,0.0,0.015224582515656948
51575.0,0.0,0.000811643956694752
51576.0,1.0,0.8414415121078491
51577.0,0.0,0.4465901553630829
51578.0,0.0,0.023887183517217636
51579.0,1.0,0.9795085191726685
51580.0,0.0,0.02236247807741165
51581.0,0.0,0.03858567029237747
51582.0,0.0,0.02814936637878418
51583.0,0.0,0.02236247807741165
51584.0,0.0,0.0013714581727981567
51585.0,0.0,0.02624538727104664
51586.0,0.0,0.035236213356256485
51587.0,0.0,0.025771109387278557
51588.0,0.0,0.016435613855719566
51589.0,0.0,0.027234036475419998
51590.0,0.0,0.01521681435406208
51591.0,0.0,0.02521074190735817
51592.0,0.0,0.02236247807741165
51593.0,0.0,0.016122156754136086
51594.0,0.0,0.024906201288104057
51595.0,0.0,0.0036289540585130453
51596.0,0.0,0.024717602878808975
51597.0,0.0,0.06559844315052032
51598.0,0.0,0.010713044553995132
51599.0,0.0,0.0013608243316411972
51600.0,0.0,0.4392189085483551
51601.0,0.0,0.43061134219169617
51602.0,0.0,0.013356479816138744
51603.0,0.0,0.024871468544006348
51604.0,0.0,0.02445853315293789
51605.0,0.0,0.03685896098613739
51606.0,0.0,0.024717602878808975
51607.0,0.0,0.02445853315293789
51608.0,0.0,0.02481570467352867
51609.0,0.0,0.04097719117999077
51610.0,0.0,0.029936516657471657
51611.0,0.0,0.025810956954956055
51612.0,0.0,0.0016670853365212679
51613.0,0.0,0.017969094216823578
51614.0,0.0,0.0014693202683702111
51615.0,0.0,0.028508367016911507
51616.0,0.0,0.025771109387278557
51617.0,0.0,0.0014693202683702111
51618.0,0.0,0.001298092189244926
51619.0,1.0,0.9535349011421204
51620.0,0.0,0.023721186444163322
51621.0,0.0,0.009329564869403839
51622.0,0.0,0.024906201288104057
51623.0,0.0,0.41840609908103943
51624.0,0.0,0.025771109387278557
51625.0,0.0,0.0013714581727981567
51626.0,0.0,0.024556316435337067
51627.0,0.0,0.02632135897874832
51628.0,0.0,0.01521681435406208
51629.0,0.0,0.016512542963027954
51630.0,0.0,0.02663862146437168
51631.0,0.0,0.024906201288104057
51632.0,0.0,0.02632135897874832
51633.0,0.0,0.025346089154481888
51634.0,0.0,0.01608537882566452
51635.0,0.0,0.01899777166545391
51636.0,0.0,0.0013694989029318094
51637.0,0.0,0.025005033239722252
51638.0,1.0,0.023721186444163322
51639.0,0.0,0.0013140484225004911
51640.0,0.0,0.0246882326900959
51641.0,0.0,0.024871468544006348
51642.0,0.0,0.025073513388633728
51643.0,0.0,0.022775495424866676
51644.0,0.0,0.023922305554151535
51645.0,0.0,0.013356479816138744
51646.0,0.0,0.02440434880554676
51647.0,0.0,0.023922305554151535
51648.0,0.0,0.016435613855719566
51649.0,0.0,0.05599655583500862
51650.0,0.0,0.017969094216823578
51651.0,1.0,0.44277504086494446
51652.0,0.0,0.03950551897287369
51653.0,0.0,0.0014202744932845235
51654.0,0.0,0.0014018514193594456
51655.0,0.0,0.0012124227359890938
51656.0,0.0,0.014891373924911022
51657.0,0.0,0.02314114384353161
51658.0,0.0,0.016994355246424675
51659.0,0.0,0.05862895026803017
51660.0,0.0,0.024717602878808975
51661.0,0.0,0.01722889207303524
51662.0,0.0,0.025771109387278557
51663.0,1.0,0.9654908180236816
51664.0,0.0,0.02624538727104664
51665.0,0.0,0.05454898998141289
51666.0,0.0,0.025550583377480507
51667.0,0.0,0.026141773909330368
51668.0,0.0,0.024717602878808975
51669.0,0.0,0.0015030310023576021
51670.0,0.0,0.0262258630245924
51671.0,0.0,0.0015606202650815248
51672.0,0.0,0.0148540660738945
51673.0,0.0,0.02236247807741165
51674.0,0.0,0.02663862146437168
51675.0,0.0,0.027341853827238083
51676.0,0.0,0.025771109387278557
51677.0,0.0,0.024906201288104057
51678.0,0.0,0.06139259412884712
51679.0,1.0,0.01899777166545391
51680.0,0.0,0.039073653519153595
51681.0,0.0,0.02445853315293789
51682.0,0.0,0.023922305554151535
51683.0,0.0,0.02663862146437168
51684.0,0.0,0.001447077956981957
51685.0,0.0,0.02628469653427601
51686.0,0.0,0.03584619611501694
51687.0,0.0,0.018225423991680145
51688.0,0.0,0.023887183517217636
51689.0,0.0,0.05538422241806984
51690.0,0.0,0.024590618908405304
51691.0,0.0,0.023677917197346687
51692.0,0.0,0.01850607432425022
51693.0,0.0,0.031205356121063232
51694.0,0.0,0.025771109387278557
51695.0,0.0,0.016293639317154884
51696.0,0.0,0.027234036475419998
51697.0,0.0,0.4476095139980316
51698.0,0.0,0.014892191626131535
51699.0,0.0,0.04081787168979645
51700.0,0.0,0.0263888631016016
51701.0,0.0,0.017378058284521103
51702.0,0.0,0.024906201288104057
51703.0,0.0,0.025550583377480507
51704.0,0.0,0.0034005448687821627
51705.0,0.0,0.027234036475419998
51706.0,0.0,0.0013193896738812327
51707.0,0.0,0.0013160249218344688
51708.0,0.0,0.02360360138118267
51709.0,0.0,0.0012720894301310182
51710.0,0.0,0.0013714581727981567
51711.0,0.0,0.025005033239722252
51712.0,0.0,0.016122156754136086
51713.0,0.0,0.03527308255434036
51714.0,0.0,0.029050325974822044
51715.0,0.0,0.023730525746941566
51716.0,0.0,0.023636609315872192
51717.0,0.0,0.027341853827238083
51718.0,0.0,0.024717602878808975
51719.0,0.0,0.024717602878808975
51720.0,0.0,0.017969094216823578
51721.0,0.0,0.02445853315293789
51722.0,0.0,0.05607227236032486
51723.0,0.0,0.017968246713280678
51724.0,0.0,0.025245940312743187
51725.0,0.0,0.02641528844833374
51726.0,0.0,0.030919808894395828
51727.0,0.0,0.02236247807741165
51728.0,0.0,0.02507074922323227
51729.0,0.0,0.025550583377480507
51730.0,0.0,0.06161027029156685
51731.0,0.0,0.024871468544006348
51732.0,1.0,0.42550188302993774
51733.0,0.0,0.023887183517217636
51734.0,0.0,0.024871468544006348
51735.0,0.0,0.013970283791422844
51736.0,0.0,0.0013047066750004888
51737.0,1.0,0.025771109387278557
51738.0,0.0,0.02314114384353161
51739.0,0.0,0.02663862146437168
51740.0,0.0,0.025005033239722252
51741.0,0.0,0.02814936637878418
51742.0,0.0,0.025545770302414894
51743.0,0.0,0.027001334354281425
51744.0,0.0,0.035236213356256485
51745.0,0.0,0.06722301989793777
51746.0,0.0,0.05708349123597145
51747.0,1.0,0.06131014972925186
51748.0,0.0,0.024906201288104057
51749.0,0.0,0.0015030310023576021
51750.0,0.0,0.015734784305095673
51751.0,0.0,0.02323314920067787
51752.0,0.0,0.0013906233943998814
51753.0,0.0,0.018330127000808716
51754.0,1.0,0.023721186444163322
51755.0,0.0,0.025771109387278557
51756.0,0.0,0.022938264533877373
51757.0,0.0,0.015556056052446365
51758.0,0.0,0.024906201288104057
51759.0,0.0,0.023474901914596558
51760.0,0.0,0.028332654386758804
51761.0,0.0,0.019073618575930595
51762.0,0.0,0.024906201288104057
51763.0,0.0,0.025771109387278557
51764.0,0.0,0.01899777166545391
51765.0,0.0,0.0263888631016016
51766.0,0.0,0.01781233586370945
51767.0,0.0,0.017378058284521103
51768.0,0.0,0.027341853827238083
51769.0,0.0,0.05066057667136192
51770.0,0.0,0.06175331398844719
51771.0,0.0,0.024717602878808975
51772.0,0.0,0.017171300947666168
51773.0,0.0,0.025873281061649323
51774.0,0.0,0.015590906143188477
51775.0,0.0,0.014061274006962776
51776.0,0.0,0.02475586347281933
51777.0,0.0,0.02653190866112709
51778.0,0.0,0.12303189933300018
51779.0,0.0,0.0015030310023576021
51780.0,0.0,0.025771109387278557
51781.0,0.0,0.014743927866220474
51782.0,0.0,0.024871468544006348
51783.0,0.0,0.02854803204536438
51784.0,0.0,0.03705219551920891
51785.0,0.0,0.02624538727104664
51786.0,0.0,0.025873281061649323
51787.0,0.0,0.024717602878808975
51788.0,0.0,0.01635933853685856
51789.0,0.0,0.024906201288104057
51790.0,0.0,0.025771109387278557
51791.0,0.0,0.025771109387278557
51792.0,0.0,0.027001334354281425
51793.0,0.0,0.027818085625767708
51794.0,0.0,0.01086955051869154
51795.0,0.0,0.023887183517217636
51796.0,0.0,0.04494025930762291
51797.0,0.0,0.025771109387278557
51798.0,0.0,0.4392189085483551
51799.0,0.0,0.0015030310023576021
51800.0,0.0,0.010159410536289215
51801.0,0.0,0.015223466791212559
51802.0,0.0,0.023853830993175507
51803.0,0.0,0.027341853827238083
51804.0,0.0,0.019941624253988266
51805.0,0.0,0.025771109387278557
51806.0,0.0,0.02236247807741165
51807.0,0.0,0.017739813774824142
51808.0,0.0,0.052849479019641876
51809.0,0.0,0.024717602878808975
51810.0,0.0,0.023922305554151535
51811.0,0.0,0.01635638438165188
51812.0,0.0,0.014243694953620434
51813.0,0.0,0.024906201288104057
51814.0,0.0,0.027234036475419998
51815.0,0.0,0.023887183517217636
51816.0,0.0,0.015413998626172543
51817.0,1.0,0.42014530301094055
51818.0,0.0,0.06302212178707123
51819.0,0.0,0.028221415355801582
51820.0,0.0,0.017378058284521103
51821.0,0.0,0.0014693202683702111
51822.0,0.0,0.04996538162231445
51823.0,0.0,0.025771109387278557
51824.0,0.0,0.024871468544006348
51825.0,0.0,0.02398207224905491
51826.0,0.0,0.06469675898551941
51827.0,0.0,0.027234036475419998
51828.0,0.0,0.015938570722937584
51829.0,0.0,0.016122156754136086
51830.0,0.0,0.02814936637878418
51831.0,0.0,0.46064630150794983
51832.0,0.0,0.02314114384353161
51833.0,0.0,0.003381241811439395
51834.0,0.0,0.015878908336162567
51835.0,0.0,0.012085461057722569
51836.0,1.0,0.4392189085483551
51837.0,0.0,0.05846336856484413
51838.0,0.0,0.015675872564315796
51839.0,0.0,0.003244467545300722
51840.0,0.0,0.0014018514193594456
51841.0,0.0,0.024293702095746994
51842.0,0.0,0.0013714581727981567
51843.0,0.0,0.055364664644002914
51844.0,1.0,0.4392189085483551
51845.0,0.0,0.017255766317248344
51846.0,0.0,0.026135779917240143
51847.0,0.0,0.02628469653427601
51848.0,0.0,0.027234036475419998
51849.0,0.0,0.015553967095911503
51850.0,0.0,0.015856554731726646
51851.0,1.0,0.43061134219169617
51852.0,0.0,0.025771109387278557
51853.0,0.0,0.024871468544006348
51854.0,0.0,0.02481570467352867
51855.0,0.0,0.024906201288104057
51856.0,0.0,0.32667824625968933
51857.0,0.0,0.02504478208720684
51858.0,0.0,0.014777462929487228
51859.0,0.0,0.0013431700645014644
51860.0,0.0,0.026425663381814957
51861.0,0.0,0.0597548745572567
51862.0,0.0,0.024871468544006348
51863.0,0.0,0.02481570467352867
51864.0,0.0,0.025873281061649323
51865.0,0.0,0.02854803204536438
51866.0,0.0,0.05916696786880493
51867.0,0.0,0.013879301957786083
51868.0,0.0,0.02236247807741165
51869.0,0.0,0.025873281061649323
51870.0,1.0,0.4442150890827179
51871.0,0.0,0.04191213846206665
51872.0,0.0,0.0013770321384072304
51873.0,0.0,0.01575755886733532
51874.0,0.0,0.025771109387278557
51875.0,0.0,0.017008891329169273
51876.0,0.0,0.027234036475419998
51877.0,0.0,0.023887183517217636
51878.0,0.0,0.03892214223742485
51879.0,0.0,0.017969094216823578
51880.0,0.0,0.0012720894301310182
51881.0,0.0,0.018040908500552177
51882.0,1.0,0.4392189085483551
51883.0,0.0,0.014243694953620434
51884.0,0.0,0.02481570467352867
51885.0,0.0,0.014743927866220474
51886.0,0.0,0.03513512387871742
51887.0,0.0,0.05795514956116676
51888.0,1.0,0.44021958112716675
51889.0,1.0,0.4476095139980316
51890.0,0.0,0.02445853315293789
51891.0,0.0,0.06198260933160782
51892.0,0.0,0.003192293457686901
51893.0,0.0,0.028110241517424583
51894.0,0.0,0.025227047502994537
51895.0,0.0,0.02544485405087471
51896.0,0.0,0.025771109387278557
51897.0,0.0,0.02663862146437168
51898.0,0.0,0.024590618908405304
51899.0,0.0,0.024906201288104057
51900.0,0.0,0.01722889207303524
51901.0,0.0,0.0014513740316033363
51902.0,0.0,0.01521681435406208
51903.0,0.0,0.022135263308882713
51904.0,0.0,0.014090205542743206
51905.0,0.0,0.016435613855719566
51906.0,0.0,0.024871468544006348
51907.0,0.0,0.06136557087302208
51908.0,0.0,0.0013536671176552773
51909.0,0.0,0.0013714581727981567
51910.0,0.0,0.0012772607151418924
51911.0,0.0,0.015413998626172543
51912.0,0.0,0.05400810018181801
51913.0,0.0,0.014743927866220474
51914.0,0.0,0.0015030310023576021
51915.0,0.0,0.017378058284521103
51916.0,0.0,0.024717602878808975
51917.0,0.0,0.02355126105248928
51918.0,0.0,0.030525844544172287
51919.0,0.0,0.0015485414769500494
51920.0,1.0,0.9937484264373779
51921.0,0.0,0.015223466791212559
51922.0,0.0,0.016122156754136086
51923.0,0.0,0.0013608243316411972
51924.0,0.0,0.015878908336162567
51925.0,0.0,0.025550583377480507
51926.0,0.0,0.06689666211605072
51927.0,0.0,0.023887183517217636
51928.0,1.0,0.4287012219429016
51929.0,1.0,0.4346681237220764
51930.0,0.0,0.0012877800036221743
51931.0,1.0,0.02323314920067787
51932.0,0.0,0.025550583377480507
51933.0,0.0,0.024717602878808975
51934.0,0.0,0.010245205834507942
51935.0,0.0,0.024556316435337067
51936.0,0.0,0.022331207990646362
51937.0,0.0,0.02236247807741165
51938.0,0.0,0.02628469653427601
51939.0,0.0,0.030483517795801163
51940.0,0.0,0.024906201288104057
51941.0,0.0,0.023887183517217636
51942.0,0.0,0.014621013775467873
51943.0,0.0,0.015590906143188477
51944.0,0.0,0.027234036475419998
51945.0,0.0,0.014621013775467873
51946.0,0.0,0.015724515542387962
51947.0,0.0,0.0014058093074709177
51948.0,0.0,0.0014018514193594456
51949.0,0.0,0.025346089154481888
51950.0,0.0,0.01158476434648037
51951.0,0.0,0.038782041519880295
51952.0,0.0,0.05817730352282524
51953.0,0.0,0.025771109387278557
51954.0,0.0,0.025873281061649323
51955.0,0.0,0.024556316435337067
51956.0,0.0,0.025005033239722252
51957.0,0.0,0.016122156754136086
51958.0,0.0,0.024717602878808975
51959.0,0.0,0.06995824724435806
51960.0,0.0,0.027234036475419998
51961.0,0.0,0.029163094237446785
51962.0,0.0,0.04371431842446327
51963.0,0.0,0.025771109387278557
51964.0,0.0,0.027115769684314728
51965.0,0.0,0.03634200617671013
51966.0,0.0,0.043226346373558044
51967.0,0.0,0.017969094216823578
51968.0,0.0,0.36442863941192627
51969.0,0.0,0.010268616490066051
51970.0,0.0,0.0179496668279171
51971.0,0.0,0.024906201288104057
51972.0,0.0,0.06131014972925186
51973.0,0.0,0.015734784305095673
51974.0,0.0,0.02236247807741165
51975.0,0.0,0.025771109387278557
51976.0,0.0,0.016435613855719566
51977.0,0.0,0.026122327893972397
51978.0,0.0,0.02395937219262123
51979.0,0.0,0.02207839861512184
51980.0,0.0,0.015116751194000244
51981.0,0.0,0.0036289540585130453
51982.0,0.0,0.43061134219169617
51983.0,0.0,0.02323314920067787
51984.0,0.0,0.025771109387278557
51985.0,0.0,0.03749186545610428
51986.0,0.0,0.014958435669541359
51987.0,0.0,0.024906201288104057
51988.0,1.0,0.4287012219429016
51989.0,1.0,0.02314114384353161
51990.0,0.0,0.025771109387278557
51991.0,0.0,0.024906201288104057
51992.0,0.0,0.043333426117897034
51993.0,0.0,0.02440434880554676
51994.0,0.0,0.02663862146437168
51995.0,0.0,0.0015030310023576021
51996.0,0.0,0.024717602878808975
51997.0,0.0,0.015246058814227581
51998.0,0.0,0.05730250105261803
51999.0,0.0,0.053454283624887466
52000.0,0.0,0.026744144037365913
52001.0,0.0,0.023636609315872192
52002.0,0.0,0.024906201288104057
52003.0,0.0,0.02544485405087471
52004.0,0.0,0.01521681435406208
52005.0,0.0,0.023922305554151535
52006.0,0.0,0.02314114384353161
52007.0,0.0,0.024717602878808975
52008.0,0.0,0.010429217480123043
52009.0,1.0,0.4122503101825714
52010.0,0.0,0.03571473807096481
52011.0,0.0,0.026744144037365913
52012.0,0.0,0.014958435669541359
52013.0,0.0,0.025771109387278557
52014.0,0.0,0.059674497693777084
52015.0,0.0,0.06344211101531982
52016.0,0.0,0.02660154178738594
52017.0,0.0,0.030869048088788986
52018.0,0.0,0.024717602878808975
52019.0,0.0,0.024717602878808975
52020.0,0.0,0.02358420193195343
52021.0,0.0,0.025771109387278557
52022.0,0.0,0.00948103703558445
52023.0,0.0,0.015878908336162567
52024.0,0.0,0.014891373924911022
52025.0,0.0,0.0597548745572567
52026.0,1.0,0.016994355246424675
52027.0,0.0,0.025771109387278557
52028.0,0.0,0.023887183517217636
52029.0,0.0,0.02663862146437168
52030.0,0.0,0.02632135897874832
52031.0,1.0,0.4392189085483551
52032.0,1.0,0.4452180862426758
52033.0,0.0,0.05812613666057587
52034.0,0.0,0.023887183517217636
52035.0,0.0,0.03447471559047699
52036.0,0.0,0.015878908336162567
52037.0,0.0,0.06496512144804001
52038.0,0.0,0.32667824625968933
52039.0,0.0,0.0012333538616076112
52040.0,0.0,0.02660154178738594
52041.0,0.0,0.04174934700131416
52042.0,0.0,0.015938570722937584
52043.0,0.0,0.015355028212070465
52044.0,0.0,0.013356479816138744
52045.0,0.0,0.0472479946911335
52046.0,0.0,0.025651903823018074
52047.0,0.0,0.01574668474495411
52048.0,0.0,0.059748630970716476
52049.0,0.0,0.022653555497527122
52050.0,0.0,0.0330180861055851
52051.0,0.0,0.02632135897874832
52052.0,0.0,0.003421159228309989
52053.0,0.0,0.023568198084831238
52054.0,0.0,0.017478905618190765
52055.0,0.0,0.024871468544006348
52056.0,0.0,0.023887183517217636
52057.0,0.0,0.023853830993175507
52058.0,0.0,0.017739813774824142
52059.0,0.0,0.024906201288104057
52060.0,0.0,0.49281612038612366
52061.0,0.0,0.024871468544006348
52062.0,0.0,0.024556316435337067
52063.0,0.0,0.022847406566143036
52064.0,0.0,0.018215972930192947
52065.0,0.0,0.0012266056146472692
52066.0,0.0,0.05795514956116676
52067.0,0.0,0.024717602878808975
52068.0,0.0,0.016435613855719566
52069.0,0.0,0.0013714581727981567
52070.0,0.0,0.02660154178738594
52071.0,0.0,0.05607227236032486
52072.0,0.0,0.028660891577601433
52073.0,1.0,0.040349941700696945
52074.0,0.0,0.02569483406841755
52075.0,0.0,0.025771109387278557
52076.0,0.0,0.2456701397895813
52077.0,0.0,0.0015549295349046588
52078.0,0.0,0.01722889207303524
52079.0,0.0,0.022047515958547592
52080.0,0.0,0.025771109387278557
52081.0,0.0,0.01521681435406208
52082.0,0.0,0.016435613855719566
52083.0,0.0,0.02544485405087471
52084.0,0.0,0.02663862146437168
52085.0,0.0,0.024970166385173798
52086.0,0.0,0.0013714581727981567
52087.0,0.0,0.02426704578101635
52088.0,0.0,0.022331207990646362
52089.0,0.0,0.025651903823018074
52090.0,0.0,0.06344211101531982
52091.0,0.0,0.0015091396635398269
52092.0,0.0,0.015413998626172543
52093.0,0.0,0.0013714581727981567
52094.0,0.0,0.42550188302993774
52095.0,0.0,0.016674311831593513
52096.0,0.0,0.05607227236032486
52097.0,0.0,0.024717602878808975
52098.0,0.0,0.02314114384353161
52099.0,0.0,0.0013770321384072304
52100.0,0.0,0.12852497398853302
52101.0,0.0,0.017378058284521103
52102.0,0.0,0.025771109387278557
52103.0,0.0,0.024970166385173798
52104.0,0.0,0.024556316435337067
52105.0,0.0,0.05607227236032486
52106.0,0.0,0.02381543442606926
52107.0,0.0,0.0013663552235811949
52108.0,0.0,0.015413998626172543
52109.0,0.0,0.025005033239722252
52110.0,0.0,0.017378058284521103
52111.0,0.0,0.024906201288104057
52112.0,0.0,0.023887183517217636
52113.0,0.0,0.05916696786880493
52114.0,0.0,0.02445853315293789
52115.0,0.0,0.026744144037365913
52116.0,0.0,0.025771109387278557
52117.0,0.0,0.017693044617772102
52118.0,0.0,0.014211892150342464
52119.0,1.0,0.6092022061347961
52120.0,0.0,0.018040908500552177
52121.0,0.0,0.05724005401134491
52122.0,0.0,0.02481570467352867
52123.0,0.0,0.015878908336162567
52124.0,0.0,0.024717602878808975
52125.0,0.0,0.026301685720682144
52126.0,0.0,0.026963751763105392
52127.0,0.0,0.027234036475419998
52128.0,0.0,0.026265054941177368
52129.0,0.0,0.02314114384353161
52130.0,1.0,0.4472556412220001
52131.0,0.0,0.055439580231904984
52132.0,0.0,0.010245205834507942
52133.0,0.0,0.016122156754136086
52134.0,0.0,0.02521074190735817
52135.0,0.0,0.02314114384353161
52136.0,0.0,0.023887183517217636
52137.0,0.0,0.02314114384353161
52138.0,0.0,0.01899777166545391
52139.0,1.0,0.4739935100078583
52140.0,0.0,0.025005033239722252
52141.0,1.0,0.025005033239722252
52142.0,0.0,0.06989346444606781
52143.0,0.0,0.028221415355801582
52144.0,0.0,0.023853830993175507
52145.0,0.0,0.024363409727811813
52146.0,0.0,0.01133112795650959
52147.0,0.0,0.024906201288104057
52148.0,0.0,0.024906201288104057
52149.0,0.0,0.0013770321384072304
52150.0,0.0,0.43229568004608154
52151.0,0.0,0.05708349123597145
52152.0,0.0,0.026122327893972397
52153.0,0.0,0.03634200617671013
52154.0,0.0,0.025005033239722252
52155.0,0.0,0.06113040819764137
52156.0,1.0,0.8444064259529114
52157.0,0.0,0.018215972930192947
52158.0,0.0,0.010713044553995132
52159.0,0.0,0.025771109387278557
52160.0,0.0,0.02663862146437168
52161.0,0.0,0.05983950197696686
52162.0,0.0,0.027234036475419998
52163.0,0.0,0.0013608243316411972
52164.0,0.0,0.025771109387278557
52165.0,0.0,0.014700775034725666
52166.0,0.0,0.015413998626172543
52167.0,0.0,0.024231432005763054
52168.0,0.0,0.024906201288104057
52169.0,0.0,0.010532236658036709
52170.0,0.0,0.013356479816138744
52171.0,0.0,0.025771109387278557
52172.0,0.0,0.023721186444163322
52173.0,0.0,0.025005033239722252
52174.0,1.0,0.4122503101825714
52175.0,0.0,0.04019296169281006
52176.0,0.0,0.02061801590025425
52177.0,0.0,0.02361888997256756
52178.0,1.0,0.4687289893627167
52179.0,0.0,0.017739813774824142
52180.0,0.0,0.02445853315293789
52181.0,0.0,0.004149757791310549
52182.0,0.0,0.02544485405087471
52183.0,0.0,0.015553967095911503
52184.0,0.0,0.058941278606653214
52185.0,0.0,0.023887183517217636
52186.0,0.0,0.02323314920067787
52187.0,0.0,0.4455717206001282
52188.0,0.0,0.06175331398844719
52189.0,0.0,0.02361888997256756
52190.0,0.0,0.024970166385173798
52191.0,0.0,0.023888908326625824
52192.0,0.0,0.025229530408978462
52193.0,0.0,0.024871468544006348
52194.0,0.0,0.026744144037365913
52195.0,0.0,0.015878908336162567
52196.0,0.0,0.02814936637878418
52197.0,0.0,0.026744144037365913
52198.0,0.0,0.015345773659646511
52199.0,1.0,0.44021958112716675
52200.0,0.0,0.02426704578101635
52201.0,1.0,0.41323480010032654
52202.0,0.0,0.010713044553995132
52203.0,0.0,0.0015030310023576021
52204.0,0.0,0.01678997464478016
52205.0,0.0,0.01722889207303524
52206.0,0.0,0.02826070226728916
52207.0,0.0,0.05592164024710655
52208.0,0.0,0.015085205435752869
52209.0,0.0,0.02663862146437168
52210.0,1.0,0.02544485405087471
52211.0,1.0,0.8437113761901855
52212.0,0.0,0.014297300949692726
52213.0,0.0,0.024970166385173798
52214.0,0.0,0.0014693202683702111
52215.0,0.0,0.0182296484708786
52216.0,0.0,0.01704694889485836
52217.0,1.0,0.4047689437866211
52218.0,0.0,0.02895745076239109
52219.0,0.0,0.0034331486094743013
52220.0,0.0,0.025771109387278557
52221.0,0.0,0.016435613855719566
52222.0,0.0,0.03653378039598465
52223.0,1.0,0.03096272423863411
52224.0,0.0,0.06021404266357422
52225.0,0.0,0.0013608243316411972
52226.0,0.0,0.018040908500552177
52227.0,1.0,0.025873281061649323
52228.0,0.0,0.02602090686559677
52229.0,0.0,0.43229568004608154
52230.0,0.0,0.02814936637878418
52231.0,0.0,0.027234036475419998
52232.0,0.0,0.025245940312743187
52233.0,0.0,0.02663862146437168
52234.0,0.0,0.017739813774824142
52235.0,0.0,0.02641528844833374
52236.0,0.0,0.025873281061649323
52237.0,0.0,0.03959309309720993
52238.0,0.0,0.0037309988401830196
52239.0,0.0,0.02314114384353161
52240.0,0.0,0.027341853827238083
52241.0,0.0,0.04300350323319435
52242.0,0.0,0.025283005088567734
52243.0,0.0,0.0013714581727981567
52244.0,0.0,0.011426706798374653
52245.0,0.0,0.001449301722459495
52246.0,0.0,0.02314114384353161
52247.0,0.0,0.026706915348768234
52248.0,0.0,0.014743927866220474
52249.0,0.0,0.023474901914596558
52250.0,0.0,0.025873281061649323
52251.0,0.0,0.014891373924911022
52252.0,0.0,0.025771109387278557
52253.0,0.0,0.016994355246424675
52254.0,0.0,0.0597548745572567
52255.0,0.0,0.010952994227409363
52256.0,0.0,0.010245205834507942
52257.0,0.0,0.05544767528772354
52258.0,1.0,0.4392189085483551
52259.0,0.0,0.0012720894301310182
52260.0,1.0,0.022685261443257332
52261.0,0.0,0.025771109387278557
52262.0,0.0,0.019640684127807617
52263.0,0.0,0.023888908326625824
52264.0,0.0,0.01722889207303524
52265.0,1.0,0.34842145442962646
52266.0,0.0,0.018215972930192947
52267.0,0.0,0.0013714581727981567
52268.0,0.0,0.024717602878808975
52269.0,0.0,0.017115604132413864
52270.0,0.0,0.0014202744932845235
52271.0,1.0,0.43061134219169617
52272.0,0.0,0.016777299344539642
52273.0,0.0,0.02651994675397873
52274.0,0.0,0.4445684850215912
52275.0,0.0,0.027234036475419998
52276.0,0.0,0.017968246713280678
52277.0,0.0,0.026425663381814957
52278.0,0.0,0.0014202744932845235
52279.0,0.0,0.017969094216823578
52280.0,0.0,0.024871468544006348
52281.0,0.0,0.05638376995921135
52282.0,1.0,0.02314114384353161
52283.0,0.0,0.07418783009052277
52284.0,0.0,0.02323314920067787
52285.0,0.0,0.05708349123597145
52286.0,0.0,0.016853002831339836
52287.0,0.0,0.027234036475419998
52288.0,0.0,0.016435613855719566
52289.0,0.0,0.02236247807741165
52290.0,0.0,0.02035563439130783
52291.0,0.0,0.018086470663547516
52292.0,0.0,0.01448389608412981
52293.0,0.0,0.001449301722459495
52294.0,0.0,0.01575755886733532
52295.0,0.0,0.024871468544006348
52296.0,0.0,0.0008673725533299148
52297.0,0.0,0.025073513388633728
52298.0,1.0,0.4197966754436493
52299.0,0.0,0.0013714581727981567
52300.0,0.0,0.024717602878808975
52301.0,0.0,0.0034886039793491364
52302.0,0.0,0.024871468544006348
52303.0,0.0,0.014276108704507351
52304.0,0.0,0.02628469653427601
52305.0,0.0,0.02880288101732731
52306.0,0.0,0.06139259412884712
52307.0,0.0,0.025771109387278557
52308.0,0.0,0.061310164630413055
52309.0,0.0,0.026122327893972397
52310.0,0.0,0.34018510580062866
52311.0,0.0,0.023721186444163322
52312.0,0.0,0.015916068106889725
52313.0,0.0,0.02323314920067787
52314.0,0.0,0.025771109387278557
52315.0,0.0,0.023948587477207184
52316.0,0.0,0.029163094237446785
52317.0,0.0,0.0013906233943998814
52318.0,0.0,0.02314114384353161
52319.0,1.0,0.9368023872375488
52320.0,0.0,0.02236247807741165
52321.0,0.0,0.026744144037365913
52322.0,0.0,0.022166267037391663
52323.0,0.0,0.06323196738958359
52324.0,0.0,0.02531747706234455
52325.0,0.0,0.015028689987957478
52326.0,0.0,0.023887183517217636
52327.0,0.0,0.02544485405087471
52328.0,0.0,0.41323480010032654
52329.0,0.0,0.0013714581727981567
52330.0,0.0,0.02814936637878418
52331.0,0.0,0.02663862146437168
52332.0,0.0,0.017969094216823578
52333.0,0.0,0.0015030310023576021
52334.0,0.0,0.0012720894301310182
52335.0,0.0,0.025873281061649323
52336.0,0.0,0.017969094216823578
52337.0,0.0,0.059674497693777084
52338.0,0.0,0.05607227236032486
52339.0,0.0,0.057245396077632904
52340.0,0.0,0.04041016474366188
52341.0,0.0,0.02632135897874832
52342.0,0.0,0.022451452910900116
52343.0,0.0,0.016121400520205498
52344.0,0.0,0.02314114384353161
52345.0,0.0,0.0013770321384072304
52346.0,0.0,0.02236247807741165
52347.0,0.0,0.02632135897874832
52348.0,0.0,0.0013714581727981567
52349.0,0.0,0.037497278302907944
52350.0,0.0,0.0012999485479667783
52351.0,0.0,0.02314114384353161
52352.0,0.0,0.02660154178738594
52353.0,0.0,0.05059177801012993
52354.0,0.0,0.027234036475419998
52355.0,0.0,0.016435613855719566
52356.0,0.0,0.015553967095911503
52357.0,0.0,0.015223466791212559
52358.0,0.0,0.02236247807741165
52359.0,0.0,0.016674311831593513
52360.0,0.0,0.02445853315293789
52361.0,0.0,0.02445853315293789
52362.0,0.0,0.02826070226728916
52363.0,0.0,0.05554807558655739
52364.0,0.0,0.01722889207303524
52365.0,0.0,0.027234036475419998
52366.0,0.0,0.017478905618190765
52367.0,0.0,0.02663702517747879
52368.0,0.0,0.024909960106015205
52369.0,1.0,0.05746499449014664
52370.0,0.0,0.025545770302414894
52371.0,0.0,0.026141773909330368
52372.0,0.0,0.020962970331311226
52373.0,0.0,0.0014202744932845235
52374.0,0.0,0.025771109387278557
52375.0,1.0,0.06738182157278061
52376.0,0.0,0.022420059889554977
52377.0,0.0,0.025771109387278557
52378.0,0.0,0.01899777166545391
52379.0,0.0,0.0015030310023576021
52380.0,0.0,0.016435613855719566
52381.0,0.0,0.036167774349451065
52382.0,0.0,0.022847406566143036
52383.0,0.0,0.019073618575930595
52384.0,0.0,0.025550583377480507
52385.0,0.0,0.024717602878808975
52386.0,0.0,0.025550583377480507
52387.0,0.0,0.017969094216823578
52388.0,0.0,0.03833475336432457
52389.0,0.0,0.01574668474495411
52390.0,0.0,0.022451452910900116
52391.0,0.0,0.001447077956981957
52392.0,0.0,0.06326238811016083
52393.0,0.0,0.025771109387278557
52394.0,0.0,0.017378058284521103
52395.0,0.0,0.0014412200544029474
52396.0,0.0,0.01507534645497799
52397.0,0.0,0.01608537882566452
52398.0,0.0,0.027234036475419998
52399.0,0.0,0.0014202744932845235
52400.0,0.0,0.024717602878808975
52401.0,0.0,0.02632135897874832
52402.0,0.0,0.05066057667136192
52403.0,0.0,0.024433191865682602
52404.0,0.0,0.02521074190735817
52405.0,0.0,0.03889988735318184
52406.0,0.0,0.0013694989029318094
52407.0,0.0,0.03852338343858719
52408.0,0.0,0.024906201288104057
52409.0,0.0,0.010713044553995132
52410.0,0.0,0.013825992122292519
52411.0,0.0,0.02358420193195343
52412.0,0.0,0.017378058284521103
52413.0,0.0,0.022451452910900116
52414.0,0.0,0.0015549295349046588
52415.0,0.0,0.4392189085483551
52416.0,0.0,0.024906201288104057
52417.0,0.0,0.026744144037365913
52418.0,0.0,0.01704694889485836
52419.0,1.0,0.027234036475419998
52420.0,0.0,0.01574668474495411
52421.0,0.0,0.9342663884162903
52422.0,0.0,0.06512225419282913
52423.0,0.0,0.0013141449308022857
52424.0,1.0,0.8525152802467346
52425.0,0.0,0.024970166385173798
52426.0,0.0,0.016225576400756836
52427.0,0.0,0.02323314920067787
52428.0,0.0,0.015724515542387962
52429.0,0.0,0.014140383340418339
52430.0,0.0,0.017739813774824142
52431.0,0.0,0.03651779145002365
52432.0,0.0,0.0012772607151418924
52433.0,0.0,0.012085461057722569
52434.0,0.0,0.02628469653427601
52435.0,0.0,0.023922305554151535
52436.0,0.0,0.023721186444163322
52437.0,0.0,0.04283391684293747
52438.0,0.0,0.035536110401153564
52439.0,0.0,0.020916162058711052
52440.0,0.0,0.015413998626172543
52441.0,0.0,0.025247754529118538
52442.0,0.0,0.018040908500552177
52443.0,0.0,0.01678997464478016
52444.0,0.0,0.023853830993175507
52445.0,0.0,0.015590906143188477
52446.0,0.0,0.02398207224905491
52447.0,0.0,0.023888908326625824
52448.0,0.0,0.018330127000808716
52449.0,0.0,0.029645780101418495
52450.0,0.0,0.02628469653427601
52451.0,0.0,0.014743927866220474
52452.0,0.0,0.07021936774253845
52453.0,0.0,0.016435613855719566
52454.0,0.0,0.024906201288104057
52455.0,0.0,0.016435613855719566
52456.0,0.0,0.05910811945796013
52457.0,0.0,0.06689666211605072
52458.0,0.0,0.023636609315872192
52459.0,0.0,0.025873281061649323
52460.0,0.0,0.023922305554151535
52461.0,0.0,0.017008891329169273
52462.0,0.0,0.025873281061649323
52463.0,0.0,0.24774743616580963
52464.0,0.0,0.018215972930192947
52465.0,0.0,0.014891373924911022
52466.0,0.0,0.06421593576669693
52467.0,0.0,0.027341853827238083
52468.0,0.0,0.025771109387278557
52469.0,0.0,0.02314114384353161
52470.0,0.0,0.0013608243316411972
52471.0,0.0,0.025873281061649323
52472.0,0.0,0.0262258630245924
52473.0,0.0,0.024871468544006348
52474.0,0.0,0.027928147464990616
52475.0,1.0,0.4532330334186554
52476.0,0.0,0.025873281061649323
52477.0,0.0,0.06175331398844719
52478.0,0.0,0.029889458790421486
52479.0,0.0,0.02544485405087471
52480.0,1.0,0.4392189085483551
52481.0,0.0,0.016121400520205498
52482.0,0.0,0.024717602878808975
52483.0,0.0,0.01445102971047163
52484.0,0.0,0.024590618908405304
52485.0,0.0,0.24193497002124786
52486.0,0.0,0.025771109387278557
52487.0,0.0,0.02778143249452114
52488.0,0.0,0.02544485405087471
52489.0,0.0,0.01629883050918579
52490.0,0.0,0.023922305554151535
52491.0,0.0,0.024717602878808975
52492.0,0.0,0.0013462231727316976
52493.0,0.0,0.3275723159313202
52494.0,0.0,0.024871468544006348
52495.0,0.0,0.01899777166545391
52496.0,0.0,0.025005033239722252
52497.0,0.0,0.015413998626172543
52498.0,0.0,0.056853342801332474
52499.0,1.0,0.43402186036109924
52500.0,0.0,0.025073513388633728
52501.0,0.0,0.003731371136382222
52502.0,0.0,0.05130065232515335
52503.0,0.0,0.025771109387278557
52504.0,0.0,0.024906201288104057
52505.0,0.0,0.016122156754136086
52506.0,0.0,0.01565380021929741
52507.0,0.0,0.0455201119184494
52508.0,0.0,0.025545770302414894
52509.0,0.0,0.02517021633684635
52510.0,0.0,0.023924192413687706
52511.0,0.0,0.02358420193195343
52512.0,0.0,0.02544485405087471
52513.0,0.0,0.0014260467141866684
52514.0,0.0,0.01722889207303524
52515.0,0.0,0.026913220062851906
52516.0,0.0,0.018330127000808716
52517.0,1.0,0.05592164024710655
52518.0,0.0,0.0014260467141866684
52519.0,0.0,0.029535578563809395
52520.0,0.0,0.02323314920067787
52521.0,0.0,0.06344211101531982
52522.0,0.0,0.026122327893972397
52523.0,0.0,0.025873281061649323
52524.0,0.0,0.0014202744932845235
52525.0,0.0,0.04019296169281006
52526.0,0.0,0.015413998626172543
52527.0,0.0,0.05929740518331528
52528.0,0.0,0.017969094216823578
52529.0,0.0,0.026141773909330368
52530.0,0.0,0.024906201288104057
52531.0,0.0,0.016994355246424675
52532.0,0.0,0.04266770929098129
52533.0,0.0,0.02628469653427601
52534.0,0.0,0.0626082718372345
52535.0,0.0,0.025873281061649323
52536.0,0.0,0.01575755886733532
52537.0,0.0,0.015638090670108795
52538.0,0.0,0.0015134642599150538
52539.0,0.0,0.030118094757199287
52540.0,0.0,0.0015091396635398269
52541.0,0.0,0.015438084490597248
52542.0,0.0,0.05764511972665787
52543.0,1.0,0.596596896648407
52544.0,0.0,0.027234036475419998
52545.0,0.0,0.05761568993330002
52546.0,0.0,0.3513956665992737
52547.0,0.0,0.015007514506578445
52548.0,0.0,0.022847406566143036
52549.0,0.0,0.02445853315293789
52550.0,0.0,0.02314114384353161
52551.0,0.0,0.02628469653427601
52552.0,0.0,0.02663862146437168
52553.0,0.0,0.027554333209991455
52554.0,0.0,0.028003249317407608
52555.0,0.0,0.0015983780613169074
52556.0,0.0,0.024906201288104057
52557.0,0.0,0.013825992122292519
52558.0,0.0,0.02651994675397873
52559.0,0.0,0.027021421119570732
52560.0,0.0,0.05795514956116676
52561.0,0.0,0.016334548592567444
52562.0,0.0,0.023853830993175507
52563.0,0.0,0.0012333538616076112
52564.0,0.0,0.09795854240655899
52565.0,0.0,0.018215972930192947
52566.0,0.0,0.05628763884305954
52567.0,0.0,0.0012283599935472012
52568.0,0.0,0.02314114384353161
52569.0,0.0,0.027234036475419998
52570.0,0.0,0.4476095139980316
52571.0,0.0,0.024590618908405304
52572.0,0.0,0.01722889207303524
52573.0,0.0,0.03892214223742485
52574.0,0.0,0.015675872564315796
52575.0,0.0,0.017969094216823578
52576.0,0.0,0.017969094216823578
52577.0,0.0,0.010245205834507942
52578.0,0.0,0.05708349123597145
52579.0,0.0,0.024017333984375
52580.0,0.0,0.024906201288104057
52581.0,0.0,0.06136394292116165
52582.0,0.0,0.026122327893972397
52583.0,0.0,0.03705824166536331
52584.0,0.0,0.016994355246424675
52585.0,0.0,0.02236247807741165
52586.0,0.0,0.02323314920067787
52587.0,0.0,0.024590618908405304
52588.0,0.0,0.027234036475419998
52589.0,0.0,0.024871468544006348
52590.0,0.0,0.025771109387278557
52591.0,0.0,0.012085461057722569
52592.0,0.0,0.015413998626172543
52593.0,0.0,0.4205121099948883
52594.0,0.0,0.014891373924911022
52595.0,0.0,0.0034053996205329895
52596.0,0.0,0.01575755886733532
52597.0,0.0,0.0013714581727981567
52598.0,0.0,0.02207839861512184
52599.0,0.0,0.003504489315673709
52600.0,0.0,0.025771109387278557
52601.0,0.0,0.027234036475419998
52602.0,0.0,0.0392918735742569
52603.0,0.0,0.023721186444163322
52604.0,0.0,0.02826070226728916
52605.0,0.0,0.026301685720682144
52606.0,0.0,0.0014260467141866684
52607.0,0.0,0.02236247807741165
52608.0,0.0,0.03634200617671013
52609.0,0.0,0.034389086067676544
52610.0,0.0,0.02508731558918953
52611.0,0.0,0.001317504676990211
52612.0,0.0,0.029157321900129318
52613.0,0.0,0.025550583377480507
52614.0,0.0,0.018040908500552177
52615.0,0.0,0.018330127000808716
52616.0,1.0,0.4370000660419464
52617.0,0.0,0.024017333984375
52618.0,0.0,0.05826232582330704
52619.0,0.0,0.0182296484708786
52620.0,0.0,0.034325212240219116
52621.0,0.0,0.02314114384353161
52622.0,0.0,0.02440434880554676
52623.0,0.0,0.015556056052446365
52624.0,0.0,0.015878908336162567
52625.0,0.0,0.015413998626172543
52626.0,0.0,0.025771109387278557
52627.0,1.0,0.05817730352282524
52628.0,0.0,0.033961985260248184
52629.0,0.0,0.023636609315872192
52630.0,0.0,0.026744144037365913
52631.0,0.0,0.0263888631016016
52632.0,0.0,0.025771109387278557
52633.0,0.0,0.4532330334186554
52634.0,0.0,0.0273841954767704
52635.0,0.0,0.02358420193195343
52636.0,0.0,0.05066057667136192
52637.0,0.0,0.015413998626172543
52638.0,0.0,0.0013608243316411972
52639.0,0.0,0.025771109387278557
52640.0,0.0,0.023887183517217636
52641.0,0.0,0.023922305554151535
52642.0,0.0,0.016994355246424675
52643.0,0.0,0.04019296169281006
52644.0,0.0,0.024906201288104057
52645.0,0.0,0.03954440355300903
52646.0,0.0,0.02361888997256756
52647.0,0.0,0.010113470256328583
52648.0,0.0,0.01888933777809143
52649.0,0.0,0.025651903823018074
52650.0,0.0,0.02641528844833374
52651.0,0.0,0.02544485405087471
52652.0,0.0,0.05983950197696686
52653.0,0.0,0.0262258630245924
52654.0,1.0,0.02481570467352867
52655.0,0.0,0.02663862146437168
52656.0,0.0,0.013356479816138744
52657.0,0.0,0.017810726538300514
52658.0,0.0,0.02207839861512184
52659.0,0.0,0.01722889207303524
52660.0,0.0,0.022451452910900116
52661.0,0.0,0.0013714581727981567
52662.0,0.0,0.014680053107440472
52663.0,0.0,0.025245940312743187
52664.0,0.0,0.060643456876277924
52665.0,0.0,0.058945007622241974
52666.0,0.0,0.0012720894301310182
52667.0,0.0,0.025771109387278557
52668.0,0.0,0.03957022726535797
52669.0,0.0,0.4616709053516388
52670.0,0.0,0.12219169735908508
52671.0,0.0,0.023420259356498718
52672.0,0.0,0.030141258612275124
52673.0,0.0,0.040349941700696945
52674.0,0.0,0.06131014972925186
52675.0,0.0,0.0012173517607152462
52676.0,0.0,0.0014018514193594456
52677.0,0.0,0.02314114384353161
52678.0,0.0,0.027234036475419998
52679.0,0.0,0.026814289391040802
52680.0,0.0,0.01722889207303524
52681.0,0.0,0.016435613855719566
52682.0,0.0,0.024717602878808975
52683.0,0.0,0.02481570467352867
52684.0,1.0,0.023612098768353462
52685.0,0.0,0.06399565190076828
52686.0,0.0,0.42014530301094055
52687.0,0.0,0.0013770321384072304
52688.0,0.0,0.026425663381814957
52689.0,0.0,0.01722889207303524
52690.0,0.0,0.026141773909330368
52691.0,0.0,0.02544485405087471
52692.0,0.0,0.03224973380565643
52693.0,0.0,0.01830248348414898
52694.0,0.0,0.011279945261776447
52695.0,0.0,0.057168908417224884
52696.0,0.0,0.029652222990989685
52697.0,0.0,0.02323314920067787
52698.0,0.0,0.026122327893972397
52699.0,0.0,0.015878908336162567
52700.0,0.0,0.02663862146437168
52701.0,0.0,0.44383561611175537
52702.0,0.0,0.023721186444163322
52703.0,0.0,0.025346089154481888
52704.0,0.0,0.015878908336162567
52705.0,0.0,0.0034105125814676285
52706.0,0.0,0.0031458595767617226
52707.0,0.0,0.025771109387278557
52708.0,0.0,0.024871468544006348
52709.0,0.0,0.024906201288104057
52710.0,0.0,0.01685047335922718
52711.0,0.0,0.025771109387278557
52712.0,0.0,0.053872860968112946
52713.0,0.0,0.023922305554151535
52714.0,0.0,0.022331207990646362
52715.0,0.0,0.02632135897874832
52716.0,0.0,0.05708349123597145
52717.0,0.0,0.022331207990646362
52718.0,0.0,0.026122327893972397
52719.0,1.0,0.02314114384353161
52720.0,0.0,0.025873281061649323
52721.0,0.0,0.44021958112716675
52722.0,0.0,0.001517681172117591
52723.0,0.0,0.05454898998141289
52724.0,0.0,0.02663862146437168
52725.0,0.0,0.0682423859834671
52726.0,0.0,0.018215972930192947
52727.0,0.0,0.02445853315293789
52728.0,0.0,0.022331207990646362
52729.0,0.0,0.027341853827238083
52730.0,0.0,0.025771109387278557
52731.0,0.0,0.058183833956718445
52732.0,0.0,0.017969094216823578
52733.0,0.0,0.06636042892932892
52734.0,0.0,0.02314114384353161
52735.0,0.0,0.03913220763206482
52736.0,0.0,0.02398207224905491
52737.0,0.0,0.013356479816138744
52738.0,0.0,0.0016337033594027162
52739.0,0.0,0.02663862146437168
52740.0,0.0,0.0015091396635398269
52741.0,0.0,0.017969094216823578
52742.0,0.0,0.027955632656812668
52743.0,1.0,0.0513494536280632
52744.0,0.0,0.027234036475419998
52745.0,0.0,0.015986574813723564
52746.0,0.0,0.025005033239722252
52747.0,0.0,0.017969094216823578
52748.0,0.0,0.02236247807741165
52749.0,0.0,0.014223608188331127
52750.0,0.0,0.06113040819764137
52751.0,0.0,0.016122156754136086
52752.0,0.0,0.027234036475419998
52753.0,0.0,0.017378058284521103
52754.0,0.0,0.0036034060176461935
52755.0,0.0,0.061627063900232315
52756.0,0.0,0.0014672224642708898
52757.0,0.0,0.026301685720682144
52758.0,0.0,0.02445853315293789
52759.0,0.0,0.015675872564315796
52760.0,0.0,0.0013608243316411972
52761.0,1.0,0.025771109387278557
52762.0,0.0,0.02236247807741165
52763.0,0.0,0.025545770302414894
52764.0,0.0,0.05066057667136192
52765.0,0.0,0.0014502613339573145
52766.0,0.0,0.025346089154481888
52767.0,0.0,0.06344211101531982
52768.0,1.0,0.8304533958435059
52769.0,0.0,0.02536497637629509
52770.0,0.0,0.026744144037365913
52771.0,0.0,0.02314114384353161
52772.0,0.0,0.02323314920067787
52773.0,0.0,0.024871468544006348
52774.0,0.0,0.015590906143188477
52775.0,0.0,0.0014752917923033237
52776.0,0.0,0.037497278302907944
52777.0,0.0,0.042148660868406296
52778.0,0.0,0.025873281061649323
52779.0,0.0,0.024906201288104057
52780.0,0.0,0.01886281929910183
52781.0,0.0,0.02824964001774788
52782.0,0.0,0.026405904442071915
52783.0,0.0,0.02632135897874832
52784.0,0.0,0.02632135897874832
52785.0,0.0,0.04174934700131416
52786.0,0.0,0.029535578563809395
52787.0,0.0,0.013648834079504013
52788.0,0.0,0.4464757442474365
52789.0,0.0,0.014743927866220474
52790.0,0.0,0.015916068106889725
52791.0,0.0,0.02395937219262123
52792.0,0.0,0.0013906233943998814
52793.0,0.0,0.020101964473724365
52794.0,0.0,0.4392189085483551
52795.0,0.0,0.41840609908103943
52796.0,0.0,0.06302212178707123
52797.0,1.0,0.025873281061649323
52798.0,0.0,0.034155093133449554
52799.0,0.0,0.06056196615099907
52800.0,0.0,0.04531830549240112
52801.0,0.0,0.0014202744932845235
52802.0,0.0,0.02323314920067787
52803.0,0.0,0.0012283599935472012
52804.0,0.0,0.018040908500552177
52805.0,0.0,0.4392189085483551
52806.0,0.0,0.3523220121860504
52807.0,0.0,0.01707693375647068
52808.0,0.0,0.015223466791212559
52809.0,0.0,0.02632135897874832
52810.0,1.0,0.4392189085483551
52811.0,0.0,0.02651994675397873
52812.0,0.0,0.025873281061649323
52813.0,0.0,0.02544485405087471
52814.0,0.0,0.024717602878808975
52815.0,0.0,0.025771109387278557
52816.0,0.0,0.024970166385173798
52817.0,0.0,0.05607227236032486
52818.0,0.0,0.025771109387278557
52819.0,0.0,0.02398207224905491
52820.0,1.0,0.4512373208999634
52821.0,0.0,0.016122156754136086
52822.0,0.0,0.025005033239722252
52823.0,0.0,0.0015030310023576021
52824.0,0.0,0.0012283599935472012
52825.0,0.0,0.02236247807741165
52826.0,0.0,0.016435613855719566
52827.0,0.0,0.02445853315293789
52828.0,0.0,0.024717602878808975
52829.0,0.0,0.02618446946144104
52830.0,0.0,0.0014202744932845235
52831.0,0.0,0.029535578563809395
52832.0,0.0,0.01757531799376011
52833.0,0.0,0.0013629813911393285
52834.0,0.0,0.024944746866822243
52835.0,0.0,0.0012682309607043862
52836.0,0.0,0.02532961592078209
52837.0,0.0,0.03513512387871742
52838.0,0.0,0.02314114384353161
52839.0,0.0,0.02663862146437168
52840.0,0.0,0.027234036475419998
52841.0,0.0,0.027234036475419998
52842.0,0.0,0.023730525746941566
52843.0,0.0,0.024590618908405304
52844.0,0.0,0.027234036475419998
52845.0,0.0,0.00948103703558445
52846.0,0.0,0.025771109387278557
52847.0,0.0,0.06266964226961136
52848.0,0.0,0.02445853315293789
52849.0,0.0,0.04127657786011696
52850.0,0.0,0.05983950197696686
52851.0,0.0,0.04095249995589256
52852.0,0.0,0.02481570467352867
52853.0,0.0,0.02360360138118267
52854.0,0.0,0.02544485405087471
52855.0,0.0,0.01702914573252201
52856.0,0.0,0.02361888997256756
52857.0,0.0,0.0012989522656425834
52858.0,0.0,0.02360360138118267
52859.0,1.0,0.023721186444163322
52860.0,0.0,0.02628469653427601
52861.0,0.0,0.02445853315293789
52862.0,0.0,0.02323314920067787
52863.0,0.0,0.025245940312743187
52864.0,0.0,0.024906201288104057
52865.0,0.0,0.026122327893972397
52866.0,0.0,0.05607227236032486
52867.0,0.0,0.016435613855719566
52868.0,0.0,0.011426706798374653
52869.0,0.0,0.016994355246424675
52870.0,0.0,0.027234036475419998
52871.0,0.0,0.011041376739740372
52872.0,0.0,0.48815134167671204
52873.0,0.0,0.05522727221250534
52874.0,0.0,0.03967888653278351
52875.0,0.0,0.016475658863782883
52876.0,0.0,0.061627063900232315
52877.0,0.0,0.034929994493722916
52878.0,0.0,0.02481570467352867
52879.0,0.0,0.016293639317154884
52880.0,0.0,0.0012333538616076112
52881.0,0.0,0.017739813774824142
52882.0,0.0,0.023887183517217636
52883.0,0.0,0.025771109387278557
52884.0,0.0,0.026141773909330368
52885.0,0.0,0.0016876945737749338
52886.0,0.0,0.0013608243316411972
52887.0,0.0,0.017969094216823578
52888.0,0.0,0.02632135897874832
52889.0,0.0,0.025005033239722252
52890.0,0.0,0.027234036475419998
52891.0,0.0,0.0013916846364736557
52892.0,0.0,0.023948587477207184
52893.0,0.0,0.024717602878808975
52894.0,0.0,0.022847406566143036
52895.0,0.0,0.0012720894301310182
52896.0,0.0,0.024906201288104057
52897.0,0.0,0.016661789268255234
52898.0,0.0,0.02628469653427601
52899.0,1.0,0.06375277787446976
52900.0,0.0,0.014743927866220474
52901.0,0.0,0.02995872125029564
52902.0,0.0,0.022685261443257332
52903.0,0.0,0.017969094216823578
52904.0,0.0,0.018330127000808716
52905.0,0.0,0.0244136955589056
52906.0,0.0,0.01575755886733532
52907.0,0.0,0.01830248348414898
52908.0,0.0,0.0031792332883924246
52909.0,0.0,0.022576697170734406
52910.0,0.0,0.014891373924911022
52911.0,0.0,0.024590618908405304
52912.0,0.0,0.01410497073084116
52913.0,0.0,0.014297300949692726
52914.0,0.0,0.060015689581632614
52915.0,0.0,0.02783913165330887
52916.0,0.0,0.023888908326625824
52917.0,0.0,0.05638376995921135
52918.0,0.0,0.025245940312743187
52919.0,0.0,0.017810726538300514
52920.0,0.0,0.4834911823272705
52921.0,0.0,0.016225576400756836
52922.0,0.0,0.058220189064741135
52923.0,0.0,0.023887183517217636
52924.0,0.0,0.026744144037365913
52925.0,0.0,0.028978295624256134
52926.0,0.0,0.027234036475419998
52927.0,0.0,0.4006469249725342
52928.0,0.0,0.0036128638312220573
52929.0,0.0,0.02314114384353161
52930.0,0.0,0.026744144037365913
52931.0,0.0,0.01886281929910183
52932.0,0.0,0.0013714581727981567
52933.0,0.0,0.025771109387278557
52934.0,0.0,0.024871468544006348
52935.0,1.0,0.027021421119570732
52936.0,0.0,0.024590618908405304
52937.0,0.0,0.0013714581727981567
52938.0,0.0,0.04493342712521553
52939.0,0.0,0.035130035132169724
52940.0,0.0,0.025771109387278557
52941.0,0.0,0.0012999485479667783
52942.0,0.0,0.025873281061649323
52943.0,0.0,0.0013140484225004911
52944.0,0.0,0.041182391345500946
52945.0,0.0,0.03901994973421097
52946.0,0.0,0.02902810275554657
52947.0,0.0,0.02544485405087471
52948.0,0.0,0.0016577912028878927
52949.0,0.0,0.01883934810757637
52950.0,0.0,0.02628469653427601
52951.0,0.0,0.025771109387278557
52952.0,0.0,0.027001334354281425
52953.0,0.0,0.024717602878808975
52954.0,0.0,0.0013886369997635484
52955.0,0.0,0.0012772607151418924
52956.0,0.0,0.02532712183892727
52957.0,0.0,0.025771109387278557
52958.0,0.0,0.06175331398844719
52959.0,1.0,0.4197966754436493
52960.0,0.0,0.02628469653427601
52961.0,0.0,0.025227047502994537
52962.0,0.0,0.0263888631016016
52963.0,0.0,0.06689666211605072
52964.0,0.0,0.0576346293091774
52965.0,0.0,0.0014078195672482252
52966.0,0.0,0.01575755886733532
52967.0,0.0,0.041035208851099014
52968.0,0.0,0.026141773909330368
52969.0,0.0,0.022775495424866676
52970.0,0.0,0.01629883050918579
52971.0,0.0,0.025873281061649323
52972.0,0.0,0.014743927866220474
52973.0,0.0,0.027913730591535568
52974.0,0.0,0.0014018514193594456
52975.0,0.0,0.04266770929098129
52976.0,0.0,0.015553967095911503
52977.0,0.0,0.02236247807741165
52978.0,0.0,0.03634200617671013
52979.0,0.0,0.0014908966841176152
52980.0,0.0,0.02351333759725094
52981.0,0.0,0.011426706798374653
52982.0,0.0,0.0014202744932845235
52983.0,0.0,0.016170164570212364
52984.0,0.0,0.02398207224905491
52985.0,0.0,0.015878908336162567
52986.0,0.0,0.03844783455133438
52987.0,0.0,0.032519251108169556
52988.0,0.0,0.024906201288104057
52989.0,0.0,0.0013663552235811949
52990.0,0.0,0.4136412441730499
52991.0,0.0,0.02314114384353161
52992.0,0.0,0.029535578563809395
52993.0,0.0,0.023887183517217636
52994.0,1.0,0.06224853917956352
52995.0,0.0,0.018040908500552177
52996.0,0.0,0.025073513388633728
52997.0,0.0,0.0033153772819787264
52998.0,0.0,0.025005033239722252
52999.0,0.0,0.025373326614499092
53000.0,0.0,0.024944746866822243
53001.0,0.0,0.02663862146437168
53002.0,0.0,0.06021404266357422
53003.0,0.0,0.025873281061649323
53004.0,0.0,0.03343838080763817
53005.0,0.0,0.024871468544006348
53006.0,0.0,0.017378058284521103
53007.0,1.0,0.8454277515411377
53008.0,0.0,0.027341853827238083
53009.0,0.0,0.02544485405087471
53010.0,0.0,0.00948103703558445
53011.0,1.0,0.05311346799135208
53012.0,0.0,0.03513512387871742
53013.0,0.0,0.058941278606653214
53014.0,0.0,0.025005033239722252
53015.0,0.0,0.025945642963051796
53016.0,0.0,0.016293639317154884
53017.0,0.0,0.02236247807741165
53018.0,0.0,0.016661789268255234
53019.0,0.0,0.02814936637878418
53020.0,0.0,0.02300260402262211
53021.0,0.0,0.023887183517217636
53022.0,0.0,0.023730525746941566
53023.0,0.0,0.0032775981817394495
53024.0,0.0,0.01574668474495411
53025.0,0.0,0.0013536671176552773
53026.0,0.0,0.02323314920067787
53027.0,0.0,0.025771109387278557
53028.0,1.0,0.47745954990386963
53029.0,0.0,0.02481570467352867
53030.0,0.0,0.022847406566143036
53031.0,0.0,0.01722889207303524
53032.0,0.0,0.035886865109205246
53033.0,0.0,0.020916162058711052
53034.0,0.0,0.026141773909330368
53035.0,0.0,0.024017333984375
53036.0,0.0,0.04097719117999077
53037.0,0.0,0.03829755261540413
53038.0,0.0,0.014093264937400818
53039.0,0.0,0.024906201288104057
53040.0,0.0,0.01039495412260294
53041.0,0.0,0.024906201288104057
53042.0,0.0,0.003264355706050992
53043.0,0.0,0.02323314920067787
53044.0,0.0,0.05515262857079506
53045.0,0.0,0.017969094216823578
53046.0,0.0,0.025310751050710678
53047.0,0.0,0.01729780063033104
53048.0,1.0,0.3513956665992737
53049.0,0.0,0.015938570722937584
53050.0,1.0,0.4038279354572296
53051.0,0.0,0.03697721287608147
53052.0,0.0,0.027234036475419998
53053.0,0.0,0.023474901914596558
53054.0,0.0,0.0012333538616076112
53055.0,0.0,0.031328391283750534
53056.0,0.0,0.024906201288104057
53057.0,0.0,0.023922305554151535
53058.0,0.0,0.023887183517217636
53059.0,0.0,0.02420855686068535
53060.0,0.0,0.02445853315293789
53061.0,0.0,0.015202022157609463
53062.0,0.0,0.022486286237835884
53063.0,0.0,0.04021724313497543
53064.0,0.0,0.014223608188331127
53065.0,0.0,0.0013608243316411972
53066.0,0.0,0.015916135162115097
53067.0,0.0,0.015556056052446365
53068.0,0.0,0.039917442947626114
53069.0,0.0,0.014243694953620434
53070.0,0.0,0.024717602878808975
53071.0,0.0,0.02632135897874832
53072.0,0.0,0.02526475116610527
53073.0,0.0,0.05983950197696686
53074.0,0.0,0.014777462929487228
53075.0,0.0,0.024017333984375
53076.0,0.0,0.015413998626172543
53077.0,0.0,0.015878908336162567
53078.0,0.0,0.040483132004737854
53079.0,0.0,0.02663702517747879
53080.0,0.0,0.01722889207303524
53081.0,1.0,0.48198366165161133
53082.0,0.0,0.01607489213347435
53083.0,0.0,0.017115604132413864
53084.0,0.0,0.024906201288104057
53085.0,0.0,0.0033562947064638138
53086.0,0.0,0.014891373924911022
53087.0,0.0,0.4426445960998535
53088.0,0.0,0.024871468544006348
53089.0,0.0,0.0014018514193594456
53090.0,0.0,0.0015030310023576021
53091.0,0.0,0.4197966754436493
53092.0,0.0,0.04493342712521553
53093.0,0.0,0.02314114384353161
53094.0,0.0,0.05815203860402107
53095.0,0.0,0.0013193896738812327
53096.0,1.0,0.06375277787446976
53097.0,0.0,0.05795514956116676
53098.0,0.0,0.025073513388633728
53099.0,0.0,0.05003541335463524
53100.0,0.0,0.05607227236032486
53101.0,0.0,0.029652222990989685
53102.0,0.0,0.042833950370550156
53103.0,0.0,0.024717602878808975
53104.0,0.0,0.02236247807741165
53105.0,0.0,0.035611413419246674
53106.0,0.0,0.02663862146437168
53107.0,0.0,0.019502442330121994
53108.0,0.0,0.03683403134346008
53109.0,0.0,0.04243891313672066
53110.0,0.0,0.04056795686483383
53111.0,0.0,0.014124889858067036
53112.0,0.0,0.017969094216823578
53113.0,1.0,0.49766427278518677
53114.0,0.0,0.025771109387278557
53115.0,0.0,0.02481570467352867
53116.0,0.0,0.024717602878808975
53117.0,0.0,0.0597548745572567
53118.0,0.0,0.022822577506303787
53119.0,0.0,0.0034005448687821627
53120.0,0.0,0.014093264937400818
53121.0,0.0,0.0015091396635398269
53122.0,0.0,0.01899777166545391
53123.0,0.0,0.01704694889485836
53124.0,0.0,0.0014260467141866684
53125.0,0.0,0.015355028212070465
53126.0,0.0,0.023697391152381897
53127.0,0.0,0.024906201288104057
53128.0,0.0,0.02544485405087471
53129.0,0.0,0.34842145442962646
53130.0,0.0,0.025771109387278557
53131.0,0.0,0.02632135897874832
53132.0,0.0,0.0014202744932845235
53133.0,0.0,0.022847406566143036
53134.0,0.0,0.01899777166545391
53135.0,0.0,0.02739727310836315
53136.0,0.0,0.003296883078292012
53137.0,0.0,0.32667824625968933
53138.0,0.0,0.058760810643434525
53139.0,0.0,0.04266770929098129
53140.0,0.0,0.0013880213955417275
53141.0,0.0,0.06317763030529022
53142.0,1.0,0.4454721212387085
53143.0,0.0,0.014743927866220474
53144.0,0.0,0.024906201288104057
53145.0,0.0,0.06715065240859985
53146.0,0.0,0.025771109387278557
53147.0,0.0,0.017997104674577713
53148.0,0.0,0.02544485405087471
53149.0,0.0,0.0013770321384072304
53150.0,0.0,0.0013591691385954618
53151.0,0.0,0.025873281061649323
53152.0,0.0,0.009604624472558498
53153.0,0.0,0.05638376995921135
53154.0,0.0,0.037081919610500336
53155.0,0.0,0.02814936637878418
53156.0,0.0,0.030141258612275124
53157.0,0.0,0.015878908336162567
53158.0,0.0,0.001449301722459495
53159.0,0.0,0.025550583377480507
53160.0,0.0,0.03932803496718407
53161.0,1.0,0.8353279232978821
53162.0,0.0,0.0014202744932845235
53163.0,0.0,0.023474901914596558
53164.0,0.0,0.025771109387278557
53165.0,0.0,0.03329914063215256
53166.0,0.0,0.022331207990646362
53167.0,0.0,0.06431885063648224
53168.0,0.0,0.0014018514193594456
53169.0,0.0,0.014777462929487228
53170.0,0.0,0.027234036475419998
53171.0,0.0,0.02632135897874832
53172.0,0.0,0.0015606202650815248
53173.0,0.0,0.01574668474495411
53174.0,0.0,0.010713044553995132
53175.0,0.0,0.05522727221250534
53176.0,0.0,0.023922305554151535
53177.0,0.0,0.0012772607151418924
53178.0,1.0,0.9571015238761902
53179.0,0.0,0.025873281061649323
53180.0,1.0,0.977295458316803
53181.0,0.0,0.026122327893972397
53182.0,0.0,0.023636609315872192
53183.0,0.0,0.022331207990646362
53184.0,0.0,0.02526475116610527
53185.0,0.0,0.024871468544006348
53186.0,0.0,0.023887183517217636
53187.0,0.0,0.44021958112716675
53188.0,0.0,0.025771109387278557
53189.0,0.0,0.017693044617772102
53190.0,0.0,0.0013770321384072304
53191.0,0.0,0.026141773909330368
53192.0,0.0,0.0020107869058847427
53193.0,0.0,0.025873281061649323
53194.0,1.0,0.937544584274292
53195.0,0.0,0.02544485405087471
53196.0,0.0,0.024717602878808975
53197.0,0.0,0.023636609315872192
53198.0,1.0,0.025771109387278557
53199.0,0.0,0.025771109387278557
53200.0,0.0,0.025771109387278557
53201.0,0.0,0.016435613855719566
53202.0,0.0,0.06100006029009819
53203.0,0.0,0.0014909888850525022
53204.0,0.0,0.02440434880554676
53205.0,1.0,0.024556316435337067
53206.0,0.0,0.02526475116610527
53207.0,0.0,0.0013140484225004911
53208.0,1.0,0.4632141888141632
53209.0,0.0,0.024717602878808975
53210.0,0.0,0.0014513740316033363
53211.0,0.0,0.027001334354281425
53212.0,0.0,0.0013486293610185385
53213.0,0.0,0.025005033239722252
53214.0,0.0,0.059498436748981476
53215.0,0.0,0.11844229698181152
53216.0,0.0,0.02632135897874832
53217.0,0.0,0.01685047335922718
53218.0,0.0,0.017969094216823578
53219.0,0.0,0.025771109387278557
53220.0,0.0,0.06344211101531982
53221.0,0.0,0.0014693202683702111
53222.0,0.0,0.003296883078292012
53223.0,0.0,0.015413998626172543
53224.0,0.0,0.0012283599935472012
53225.0,0.0,0.35549959540367126
53226.0,0.0,0.0597548745572567
53227.0,0.0,0.024717602878808975
53228.0,1.0,0.41683894395828247
53229.0,0.0,0.023853830993175507
53230.0,0.0,0.025771109387278557
53231.0,1.0,0.025771109387278557
53232.0,0.0,0.01909133605659008
53233.0,0.0,0.01899777166545391
53234.0,0.0,0.0014632827369496226
53235.0,0.0,0.02632135897874832
53236.0,0.0,0.0013663552235811949
53237.0,0.0,0.025771109387278557
53238.0,0.0,0.05338648334145546
53239.0,0.0,0.013356479816138744
53240.0,0.0,0.017969094216823578
53241.0,0.0,0.023853830993175507
53242.0,0.0,0.059498436748981476
53243.0,0.0,0.015878908336162567
53244.0,0.0,0.024906201288104057
53245.0,0.0,0.318710595369339
53246.0,0.0,0.028094260022044182
53247.0,0.0,0.015413998626172543
53248.0,0.0,0.023922305554151535
53249.0,0.0,0.06079714000225067
53250.0,0.0,0.023922305554151535
53251.0,0.0,0.02632135897874832
53252.0,0.0,0.024871468544006348
53253.0,0.0,0.024590618908405304
53254.0,0.0,0.01899777166545391
53255.0,0.0,0.023887183517217636
53256.0,0.0,0.04081787168979645
53257.0,0.0,0.02814936637878418
53258.0,0.0,0.025771109387278557
53259.0,1.0,0.025043737143278122
53260.0,0.0,0.02360360138118267
53261.0,0.0,0.02445853315293789
53262.0,0.0,0.0014018514193594456
53263.0,0.0,0.04309716820716858
53264.0,0.0,0.016435613855719566
53265.0,0.0,0.019562629982829094
53266.0,0.0,0.025771109387278557
53267.0,0.0,0.0012333538616076112
53268.0,0.0,0.024906201288104057
53269.0,0.0,0.024433191865682602
53270.0,0.0,0.016018515452742577
53271.0,0.0,0.017969094216823578
53272.0,0.0,0.003345412900671363
53273.0,0.0,0.012764330953359604
53274.0,0.0,0.0262258630245924
53275.0,0.0,0.015675872564315796
53276.0,0.0,0.017115140333771706
53277.0,0.0,0.0013140484225004911
53278.0,0.0,0.027234036475419998
53279.0,0.0,0.017378058284521103
53280.0,0.0,0.04148964211344719
53281.0,0.0,0.02663862146437168
53282.0,0.0,0.023924192413687706
53283.0,0.0,0.0012720894301310182
53284.0,0.0,0.02440434880554676
53285.0,0.0,0.02314114384353161
53286.0,0.0,0.014124889858067036
53287.0,0.0,0.003708237549290061
53288.0,0.0,0.0013750650687143207
53289.0,0.0,0.014297300949692726
53290.0,0.0,0.016435613855719566
53291.0,0.0,0.02314114384353161
53292.0,0.0,0.025771109387278557
53293.0,0.0,0.022451452910900116
53294.0,0.0,0.03828253597021103
53295.0,0.0,0.02314114384353161
53296.0,0.0,0.0013033684808760881
53297.0,0.0,0.025771109387278557
53298.0,0.0,0.023853830993175507
53299.0,0.0,0.016122156754136086
53300.0,0.0,0.02061801590025425
53301.0,0.0,0.05898585543036461
53302.0,0.0,0.023433061316609383
53303.0,0.0,0.02663862146437168
53304.0,0.0,0.015202022157609463
53305.0,0.0,0.0013787721982225776
53306.0,0.0,0.025005033239722252
53307.0,1.0,0.43329277634620667
53308.0,0.0,0.025383293628692627
53309.0,0.0,0.0012999485479667783
53310.0,1.0,0.027234036475419998
53311.0,0.0,0.05638376995921135
53312.0,0.0,0.02632135897874832
53313.0,0.0,0.025771109387278557
53314.0,0.0,0.025073513388633728
53315.0,0.0,0.016225576400756836
53316.0,0.0,0.014743927866220474
53317.0,0.0,0.025771109387278557
53318.0,0.0,0.026141773909330368
53319.0,0.0,0.0012885001488029957
53320.0,0.0,0.025873281061649323
53321.0,0.0,0.0015030310023576021
53322.0,0.0,0.35456952452659607
53323.0,0.0,0.023636609315872192
53324.0,0.0,0.01899777166545391
53325.0,0.0,0.029652222990989685
53326.0,0.0,0.024906201288104057
53327.0,0.0,0.025771109387278557
53328.0,0.0,0.0013946605613455176
53329.0,0.0,0.029535578563809395
53330.0,0.0,0.015938570722937584
53331.0,0.0,0.038059405982494354
53332.0,0.0,0.01899777166545391
53333.0,0.0,0.02628469653427601
53334.0,1.0,0.932064950466156
53335.0,0.0,0.036167774349451065
53336.0,0.0,0.027725663036108017
53337.0,0.0,0.001447077956981957
53338.0,0.0,0.017997104674577713
53339.0,0.0,0.017969094216823578
53340.0,0.0,0.024871468544006348
53341.0,0.0,0.015878908336162567
53342.0,0.0,0.0273841954767704
53343.0,0.0,0.015193900093436241
53344.0,0.0,0.003400840563699603
53345.0,0.0,0.05983950197696686
53346.0,0.0,0.019073618575930595
53347.0,0.0,0.023853830993175507
53348.0,0.0,0.013648834079504013
53349.0,0.0,0.022847406566143036
53350.0,0.0,0.01697045937180519
53351.0,0.0,0.02317703142762184
53352.0,0.0,0.023922305554151535
53353.0,0.0,0.027234036475419998
53354.0,0.0,0.0014202744932845235
53355.0,0.0,0.017378058284521103
53356.0,0.0,0.013356479816138744
53357.0,0.0,0.025771109387278557
53358.0,1.0,0.994199275970459
53359.0,0.0,0.016435613855719566
53360.0,0.0,0.015986574813723564
53361.0,0.0,0.01521681435406208
53362.0,0.0,0.04715581238269806
53363.0,0.0,0.025771109387278557
53364.0,0.0,0.010836593806743622
53365.0,1.0,0.3513956665992737
53366.0,0.0,0.0013193896738812327
53367.0,0.0,0.027372222393751144
53368.0,0.0,0.0013517334591597319
53369.0,0.0,0.0014693202683702111
53370.0,0.0,0.03115367330610752
53371.0,0.0,0.025771109387278557
53372.0,0.0,0.0015549295349046588
53373.0,0.0,0.06220649182796478
53374.0,0.0,0.3295075297355652
53375.0,0.0,0.036484528332948685
53376.0,0.0,0.026744144037365913
53377.0,0.0,0.05812613666057587
53378.0,0.0,0.027070535346865654
53379.0,0.0,0.02544485405087471
53380.0,0.0,0.001449301722459495
53381.0,0.0,0.027001334354281425
53382.0,0.0,0.01702914573252201
53383.0,0.0,0.02398207224905491
53384.0,1.0,0.43026041984558105
53385.0,0.0,0.015413998626172543
53386.0,0.0,0.016622358933091164
53387.0,0.0,0.024717602878808975
53388.0,0.0,0.01574668474495411
53389.0,0.0,0.05604023113846779
53390.0,0.0,0.024717602878808975
53391.0,0.0,0.02236247807741165
53392.0,0.0,0.02632135897874832
53393.0,0.0,0.024944746866822243
53394.0,0.0,0.02653190866112709
53395.0,0.0,0.017969094216823578
53396.0,0.0,0.027341853827238083
53397.0,0.0,0.025873281061649323
53398.0,0.0,0.030647629871964455
53399.0,0.0,0.0015030310023576021
53400.0,0.0,0.024717602878808975
53401.0,0.0,0.02667977847158909
53402.0,0.0,0.02632135897874832
53403.0,0.0,0.02526475116610527
53404.0,0.0,0.02826070226728916
53405.0,1.0,0.06512225419282913
53406.0,0.0,0.018215972930192947
53407.0,0.0,0.025771109387278557
53408.0,0.0,0.015856554731726646
53409.0,1.0,0.4476095139980316
53410.0,0.0,0.024582987651228905
53411.0,0.0,0.0013042321661487222
53412.0,1.0,0.9940728545188904
53413.0,0.0,0.025771109387278557
53414.0,0.0,0.013551066629588604
53415.0,0.0,0.001317504676990211
53416.0,0.0,0.025873281061649323
53417.0,1.0,0.43061134219169617
53418.0,0.0,0.017115604132413864
53419.0,0.0,0.01722889207303524
53420.0,0.0,0.058099646121263504
53421.0,0.0,0.026301685720682144
53422.0,0.0,0.0014202744932845235
53423.0,0.0,0.0014202744932845235
53424.0,0.0,0.017336970195174217
53425.0,0.0,0.016435613855719566
53426.0,0.0,0.05645400658249855
53427.0,0.0,0.015223466791212559
53428.0,0.0,0.07171344012022018
53429.0,0.0,0.02314114384353161
53430.0,0.0,0.06175331398844719
53431.0,0.0,0.0014693202683702111
53432.0,0.0,0.02207839861512184
53433.0,0.0,0.02606891840696335
53434.0,0.0,0.0013140484225004911
53435.0,0.0,0.02663862146437168
53436.0,0.0,0.02236247807741165
53437.0,1.0,0.023924192413687706
53438.0,0.0,0.0182296484708786
53439.0,0.0,0.4966488480567932
53440.0,0.0,0.06154433637857437
53441.0,0.0,0.016435613855719566
53442.0,0.0,0.02641528844833374
53443.0,0.0,0.028110241517424583
53444.0,0.0,0.012475773692131042
53445.0,0.0,0.0262258630245924
53446.0,1.0,0.05623804032802582
53447.0,0.0,0.0013587368885055184
53448.0,0.0,0.027234036475419998
53449.0,0.0,0.02323314920067787
53450.0,0.0,0.027234036475419998
53451.0,0.0,0.02445853315293789
53452.0,0.0,0.02361888997256756
53453.0,0.0,0.02628469653427601
53454.0,0.0,0.024906201288104057
53455.0,0.0,0.02314114384353161
53456.0,0.0,0.06368388235569
53457.0,0.0,0.029652222990989685
53458.0,0.0,0.022166267037391663
53459.0,0.0,0.036820992827415466
53460.0,0.0,0.014255979098379612
53461.0,0.0,0.025005033239722252
53462.0,0.0,0.02632135897874832
53463.0,0.0,0.014243694953620434
53464.0,0.0,0.025771109387278557
53465.0,0.0,0.025771109387278557
53466.0,0.0,0.06474325805902481
53467.0,0.0,0.023922305554151535
53468.0,0.0,0.4037907123565674
53469.0,0.0,0.02628469653427601
53470.0,0.0,0.029535578563809395
53471.0,0.0,0.015878908336162567
53472.0,1.0,0.017228078097105026
53473.0,0.0,0.023922305554151535
53474.0,0.0,0.027234036475419998
53475.0,0.0,0.017228078097105026
53476.0,0.0,0.015590906143188477
53477.0,0.0,0.015413998626172543
53478.0,0.0,0.0015030310023576021
53479.0,0.0,0.0014202744932845235
53480.0,0.0,0.022847406566143036
53481.0,0.0,0.02323314920067787
53482.0,0.0,0.017968246713280678
53483.0,0.0,0.04041016474366188
53484.0,0.0,0.02314114384353161
53485.0,0.0,0.030163714662194252
53486.0,0.0,0.023636609315872192
53487.0,1.0,0.9780598282814026
53488.0,0.0,0.02628469653427601
53489.0,0.0,0.025771109387278557
53490.0,0.0,0.04322633892297745
53491.0,0.0,0.036068566143512726
53492.0,0.0,0.024906201288104057
53493.0,0.0,0.024871468544006348
53494.0,0.0,0.025810956954956055
53495.0,0.0,0.025771109387278557
53496.0,0.0,0.04120316356420517
53497.0,0.0,0.06344211101531982
53498.0,0.0,0.019525164738297462
53499.0,0.0,0.023853830993175507
53500.0,0.0,0.02526475116610527
53501.0,0.0,0.04019296169281006
53502.0,0.0,0.015097708441317081
53503.0,0.0,0.025383293628692627
53504.0,0.0,0.024590618908405304
53505.0,0.0,0.1252300888299942
53506.0,0.0,0.02663862146437168
53507.0,0.0,0.017378058284521103
53508.0,0.0,0.024970166385173798
53509.0,0.0,0.023887183517217636
53510.0,0.0,0.011426706798374653
53511.0,0.0,0.02632135897874832
53512.0,0.0,0.43061134219169617
53513.0,0.0,0.024717602878808975
53514.0,0.0,0.025771109387278557
53515.0,0.0,0.0008162669837474823
53516.0,0.0,0.017739813774824142
53517.0,0.0,0.022847406566143036
53518.0,0.0,0.025873281061649323
53519.0,0.0,0.04243001341819763
53520.0,0.0,0.014700775034725666
53521.0,0.0,0.01575755886733532
53522.0,0.0,0.026122327893972397
53523.0,0.0,0.03859657794237137
53524.0,0.0,0.025771109387278557
53525.0,0.0,0.016622358933091164
53526.0,0.0,0.03984667360782623
53527.0,0.0,0.024871468544006348
53528.0,0.0,0.036167774349451065
53529.0,0.0,0.025771109387278557
53530.0,0.0,0.02814936637878418
53531.0,0.0,0.02632135897874832
53532.0,0.0,0.03749186545610428
53533.0,0.0,0.027428707107901573
53534.0,0.0,0.05515262857079506
53535.0,0.0,0.025771109387278557
53536.0,0.0,0.027341853827238083
53537.0,0.0,0.026141773909330368
53538.0,0.0,0.010417526587843895
53539.0,0.0,0.04056795686483383
53540.0,0.0,0.01575755886733532
53541.0,0.0,0.001313377870246768
53542.0,0.0,0.0182296484708786
53543.0,0.0,0.014891373924911022
53544.0,0.0,0.02323314920067787
53545.0,0.0,0.022331207990646362
53546.0,0.0,0.035611413419246674
53547.0,0.0,0.02660154178738594
53548.0,0.0,0.02003394067287445
53549.0,0.0,0.027341853827238083
53550.0,0.0,0.02507074922323227
53551.0,0.0,0.024717602878808975
53552.0,0.0,0.023887183517217636
53553.0,0.0,0.016674311831593513
53554.0,0.0,0.06021404266357422
53555.0,1.0,0.8397490978240967
53556.0,0.0,0.0038595302030444145
53557.0,0.0,0.023636609315872192
53558.0,0.0,0.05237181484699249
53559.0,0.0,0.02236247807741165
53560.0,0.0,0.0263888631016016
53561.0,0.0,0.015413998626172543
53562.0,0.0,0.05708349123597145
53563.0,0.0,0.015246058814227581
53564.0,0.0,0.0013431700645014644
53565.0,0.0,0.015878908336162567
53566.0,0.0,0.040762387216091156
53567.0,0.0,0.04952450841665268
53568.0,0.0,0.016435613855719566
53569.0,0.0,0.053975846618413925
53570.0,0.0,0.0013906233943998814
53571.0,0.0,0.05447521060705185
53572.0,0.0,0.027234036475419998
53573.0,0.0,0.000780011061578989
53574.0,0.0,0.031205356121063232
53575.0,0.0,0.01722889207303524
53576.0,0.0,0.001466364716179669
53577.0,0.0,0.015413998626172543
53578.0,0.0,0.023922305554151535
53579.0,0.0,0.024717602878808975
53580.0,0.0,0.023094264790415764
53581.0,0.0,0.05889163166284561
53582.0,0.0,0.05698416382074356
53583.0,0.0,0.026122327893972397
53584.0,0.0,0.026405904442071915
53585.0,0.0,0.016936318948864937
53586.0,0.0,0.02814936637878418
53587.0,0.0,0.0375516377389431
53588.0,0.0,0.023887183517217636
53589.0,0.0,0.027234036475419998
53590.0,0.0,0.0012720894301310182
53591.0,0.0,0.015413998626172543
53592.0,0.0,0.04667496308684349
53593.0,0.0,0.0034331486094743013
53594.0,0.0,0.01678997464478016
53595.0,0.0,0.02355126105248928
53596.0,0.0,0.015223466791212559
53597.0,0.0,0.017969094216823578
53598.0,0.0,0.04535435885190964
53599.0,0.0,0.025514967739582062
53600.0,0.0,0.026122327893972397
53601.0,0.0,0.0012720894301310182
53602.0,0.0,0.02660154178738594
53603.0,0.0,0.03858567029237747
53604.0,0.0,0.05522727221250534
53605.0,0.0,0.015096615068614483
53606.0,0.0,0.04159116744995117
53607.0,0.0,0.024906201288104057
53608.0,1.0,0.36442863941192627
53609.0,0.0,0.4616709053516388
53610.0,0.0,0.02632135897874832
53611.0,0.0,0.026744144037365913
53612.0,0.0,0.02995872125029564
53613.0,0.0,0.022847406566143036
53614.0,0.0,0.017008891329169273
53615.0,0.0,0.025771109387278557
53616.0,1.0,0.8367125391960144
53617.0,0.0,0.0014693202683702111
53618.0,0.0,0.0015030310023576021
53619.0,0.0,0.024871468544006348
53620.0,0.0,0.025873281061649323
53621.0,0.0,0.016766361892223358
53622.0,0.0,0.026122327893972397
53623.0,0.0,0.43061134219169617
53624.0,0.0,0.0013591691385954618
53625.0,0.0,0.015724515542387962
53626.0,0.0,0.02236247807741165
53627.0,0.0,0.024906201288104057
53628.0,0.0,0.010575352236628532
53629.0,0.0,0.015223466791212559
53630.0,0.0,0.010952994227409363
53631.0,0.0,0.016435613855719566
53632.0,0.0,0.02632135897874832
53633.0,0.0,0.025771109387278557
53634.0,0.0,0.025771109387278557
53635.0,0.0,0.06266964226961136
53636.0,0.0,0.025771109387278557
53637.0,0.0,0.014870388433337212
53638.0,0.0,0.025771109387278557
53639.0,0.0,0.02207839861512184
53640.0,0.0,0.0246882326900959
53641.0,0.0,0.024717602878808975
53642.0,1.0,0.35456952452659607
53643.0,0.0,0.024871468544006348
53644.0,0.0,0.025771109387278557
53645.0,0.0,0.02632135897874832
53646.0,0.0,0.014777462929487228
53647.0,0.0,0.024717602878808975
53648.0,0.0,0.004963907413184643
53649.0,0.0,0.023887183517217636
53650.0,0.0,0.015413998626172543
53651.0,0.0,0.023853830993175507
53652.0,0.0,0.015638090670108795
53653.0,0.0,0.023474901914596558
53654.0,0.0,0.024717602878808975
53655.0,0.0,0.0035782535560429096
53656.0,0.0,0.022685261443257332
53657.0,0.0,0.024871468544006348
53658.0,0.0,0.014090205542743206
53659.0,0.0,0.014743927866220474
53660.0,0.0,0.037497278302907944
53661.0,1.0,0.4392189085483551
53662.0,0.0,0.025005033239722252
53663.0,0.0,0.02653190866112709
53664.0,0.0,0.05554807558655739
53665.0,0.0,0.025771109387278557
53666.0,0.0,0.06198906525969505
53667.0,0.0,0.018215972930192947
53668.0,0.0,0.022779585793614388
53669.0,0.0,0.0015884148888289928
53670.0,0.0,0.056521378457546234
53671.0,0.0,0.02709795907139778
53672.0,0.0,0.024231432005763054
53673.0,0.0,0.01722889207303524
53674.0,0.0,0.024556316435337067
53675.0,0.0,0.02995872125029564
53676.0,0.0,0.015724515542387962
53677.0,0.0,0.024906201288104057
53678.0,0.0,0.023616880178451538
53679.0,0.0,0.0012283599935472012
53680.0,0.0,0.023730525746941566
53681.0,0.0,0.026744144037365913
53682.0,0.0,0.01521681435406208
53683.0,0.0,0.025545770302414894
53684.0,0.0,0.0013516949256882071
53685.0,0.0,0.0013714581727981567
53686.0,0.0,0.024717602878808975
53687.0,0.0,0.06375277787446976
53688.0,0.0,0.03948604688048363
53689.0,0.0,0.01754879392683506
53690.0,0.0,0.0014693202683702111
53691.0,0.0,0.02663862146437168
53692.0,0.0,0.016435613855719566
53693.0,0.0,0.017739813774824142
53694.0,0.0,0.02323314920067787
53695.0,0.0,0.003769206115975976
53696.0,0.0,0.024906201288104057
53697.0,0.0,0.025771109387278557
53698.0,0.0,0.02814936637878418
53699.0,0.0,0.024871468544006348
53700.0,0.0,0.024906201288104057
53701.0,0.0,0.015878908336162567
53702.0,0.0,0.0014513740316033363
53703.0,0.0,0.0511234775185585
53704.0,0.0,0.024717602878808975
53705.0,0.0,0.02632135897874832
53706.0,0.0,0.059674497693777084
53707.0,0.0,0.013825992122292519
53708.0,0.0,0.024854116141796112
53709.0,0.0,0.025545770302414894
53710.0,0.0,0.014891373924911022
53711.0,1.0,0.05955221503973007
53712.0,0.0,0.014891373924911022
53713.0,0.0,0.02531747706234455
53714.0,0.0,0.0015115386340767145
53715.0,0.0,0.0015030310023576021
53716.0,0.0,0.023853830993175507
53717.0,0.0,0.02663862146437168
53718.0,0.0,0.015878908336162567
53719.0,0.0,0.43402186036109924
53720.0,0.0,0.025550583377480507
53721.0,0.0,0.0014018514193594456
53722.0,0.0,0.026122327893972397
53723.0,0.0,0.028332654386758804
53724.0,0.0,0.024871468544006348
53725.0,0.0,0.4122503101825714
53726.0,0.0,0.014223608188331127
53727.0,0.0,0.03634200617671013
53728.0,0.0,0.0015091396635398269
53729.0,0.0,0.05708349123597145
53730.0,0.0,0.47821998596191406
53731.0,0.0,0.043615810573101044
53732.0,0.0,0.01045270822942257
53733.0,0.0,0.0014202744932845235
53734.0,0.0,0.02663862146437168
53735.0,0.0,0.013825992122292519
53736.0,0.0,0.01629883050918579
53737.0,0.0,0.010880522429943085
53738.0,0.0,0.0014632827369496226
53739.0,0.0,0.022420059889554977
53740.0,0.0,0.01722889207303524
53741.0,0.0,0.0013694989029318094
53742.0,0.0,0.058941278606653214
53743.0,0.0,0.01830248348414898
53744.0,1.0,0.43061134219169617
53745.0,0.0,0.025771109387278557
53746.0,0.0,0.02628469653427601
53747.0,0.0,0.003731371136382222
53748.0,0.0,0.02481570467352867
53749.0,0.0,0.017969094216823578
53750.0,0.0,0.016435613855719566
53751.0,0.0,0.020588170737028122
53752.0,0.0,0.4550073742866516
53753.0,0.0,0.05739555507898331
53754.0,0.0,0.026369133964180946
53755.0,0.0,0.029535578563809395
53756.0,0.0,0.02398207224905491
53757.0,0.0,0.025873281061649323
53758.0,0.0,0.022622419521212578
53759.0,0.0,0.01830248348414898
53760.0,0.0,0.031031303107738495
53761.0,0.0,0.022822577506303787
53762.0,0.0,0.02559009939432144
53763.0,0.0,0.4037907123565674
53764.0,0.0,0.42605772614479065
53765.0,0.0,0.024906201288104057
53766.0,0.0,0.024871468544006348
53767.0,0.0,0.015413998626172543
53768.0,0.0,0.0263888631016016
53769.0,0.0,0.01899777166545391
53770.0,0.0,0.016237957403063774
53771.0,0.0,0.0408845916390419
53772.0,0.0,0.024717602878808975
53773.0,0.0,0.01689310371875763
53774.0,0.0,0.0013160249218344688
53775.0,0.0,0.018215972930192947
53776.0,0.0,0.03634200617671013
53777.0,0.0,0.01899777166545391
53778.0,0.0,0.025005033239722252
53779.0,0.0,0.016994355246424675
53780.0,0.0,0.0012999485479667783
53781.0,0.0,0.024590618908405304
53782.0,0.0,0.009882061742246151
53783.0,1.0,0.016435613855719566
53784.0,0.0,0.026122327893972397
53785.0,1.0,0.05670229345560074
53786.0,0.0,0.024906201288104057
53787.0,0.0,0.027554333209991455
53788.0,0.0,0.02663862146437168
53789.0,0.0,0.025771109387278557
53790.0,0.0,0.0012999485479667783
53791.0,0.0,0.010268616490066051
53792.0,0.0,0.0012283599935472012
53793.0,0.0,0.032106898725032806
53794.0,0.0,0.02314114384353161
53795.0,0.0,0.02514415606856346
53796.0,0.0,0.023887183517217636
53797.0,0.0,0.02445853315293789
53798.0,0.0,0.029535578563809395
53799.0,0.0,0.05522727221250534
53800.0,0.0,0.023853830993175507
53801.0,0.0,0.017816275358200073
53802.0,0.0,0.023888908326625824
53803.0,0.0,0.02814936637878418
53804.0,0.0,0.024717602878808975
53805.0,0.0,0.024906201288104057
53806.0,0.0,0.015574609860777855
53807.0,0.0,0.06175331398844719
53808.0,1.0,0.38855448365211487
53809.0,0.0,0.022532787173986435
53810.0,0.0,0.025771109387278557
53811.0,0.0,0.02445853315293789
53812.0,0.0,0.017968246713280678
53813.0,0.0,0.024906201288104057
53814.0,0.0,0.01722889207303524
53815.0,0.0,0.025771109387278557
53816.0,0.0,0.010159410536289215
53817.0,0.0,0.015878908336162567
53818.0,0.0,0.015467743389308453
53819.0,0.0,0.014276108704507351
53820.0,0.0,0.4384027123451233
53821.0,0.0,0.050926804542541504
53822.0,0.0,0.023922305554151535
53823.0,0.0,0.018040908500552177
53824.0,0.0,0.02814936637878418
53825.0,0.0,0.027341853827238083
53826.0,0.0,0.023887183517217636
53827.0,0.0,0.02323314920067787
53828.0,0.0,0.06368388235569
53829.0,0.0,0.018040908500552177
53830.0,0.0,0.0014551917556673288
53831.0,0.0,0.02445853315293789
53832.0,0.0,0.022397181019186974
53833.0,0.0,0.028187638148665428
53834.0,0.0,0.017739813774824142
53835.0,0.0,0.026122327893972397
53836.0,1.0,0.4637874364852905
53837.0,0.0,0.025245940312743187
53838.0,0.0,0.0014401210937649012
53839.0,0.0,0.003128680167719722
53840.0,0.0,0.025771109387278557
53841.0,0.0,0.025227047502994537
53842.0,0.0,0.024871468544006348
53843.0,0.0,0.014891373924911022
53844.0,0.0,0.04019296169281006
53845.0,0.0,0.0013608243316411972
53846.0,0.0,0.0012333538616076112
53847.0,0.0,0.017969094216823578
53848.0,0.0,0.02547396719455719
53849.0,0.0,0.024970166385173798
53850.0,0.0,0.0013714581727981567
53851.0,0.0,0.024717602878808975
53852.0,1.0,0.4392189085483551
53853.0,0.0,0.0008405508706346154
53854.0,0.0,0.02314114384353161
53855.0,0.0,0.015938570722937584
53856.0,0.0,0.025771109387278557
53857.0,1.0,0.9330760836601257
53858.0,0.0,0.05795514956116676
53859.0,0.0,0.4037907123565674
53860.0,0.0,0.018040908500552177
53861.0,0.0,0.027234036475419998
53862.0,0.0,0.02360360138118267
53863.0,0.0,0.018622351810336113
53864.0,0.0,0.026425663381814957
53865.0,0.0,0.0031891600228846073
53866.0,0.0,0.023887183517217636
53867.0,0.0,0.02481570467352867
53868.0,0.0,0.02445853315293789
53869.0,0.0,0.01722889207303524
53870.0,0.0,0.0263888631016016
53871.0,0.0,0.025771109387278557
53872.0,0.0,0.061627063900232315
53873.0,0.0,0.02207839861512184
53874.0,0.0,0.33876457810401917
53875.0,0.0,0.02632135897874832
53876.0,0.0,0.02314114384353161
53877.0,0.0,0.4547342360019684
53878.0,0.0,0.03485993668437004
53879.0,0.0,0.016766361892223358
53880.0,0.0,0.025771109387278557
53881.0,1.0,0.9775838851928711
53882.0,0.0,0.0014202744932845235
53883.0,0.0,0.016435613855719566
53884.0,0.0,0.036877453327178955
53885.0,0.0,0.015916068106889725
53886.0,0.0,0.024970166385173798
53887.0,0.0,0.04475943744182587
53888.0,0.0,0.028508367016911507
53889.0,1.0,0.43061134219169617
53890.0,0.0,0.022166267037391663
53891.0,0.0,0.016225576400756836
53892.0,0.0,0.01629883050918579
53893.0,0.0,0.016435613855719566
53894.0,0.0,0.023922305554151535
53895.0,0.0,0.0015549295349046588
53896.0,0.0,0.023922305554151535
53897.0,0.0,0.016435613855719566
53898.0,0.0,0.019657578319311142
53899.0,0.0,0.4616709053516388
53900.0,0.0,0.05993499979376793
53901.0,1.0,0.8208621740341187
53902.0,0.0,0.021048957481980324
53903.0,0.0,0.02314114384353161
53904.0,0.0,0.017378058284521103
53905.0,0.0,0.024717602878808975
53906.0,0.0,0.025545770302414894
53907.0,0.0,0.026141773909330368
53908.0,0.0,0.017378058284521103
53909.0,0.0,0.039286255836486816
53910.0,0.0,0.0014202744932845235
53911.0,0.0,0.024906201288104057
53912.0,0.0,0.0014202744932845235
53913.0,0.0,0.4338580071926117
53914.0,0.0,0.05638376995921135
53915.0,0.0,0.024906201288104057
53916.0,0.0,0.056211650371551514
53917.0,0.0,0.036762747913599014
53918.0,0.0,0.017008891329169273
53919.0,0.0,0.018040908500552177
53920.0,0.0,0.039906181395053864
53921.0,0.0,0.0263888631016016
53922.0,0.0,0.018040908500552177
53923.0,0.0,0.027913730591535568
53924.0,0.0,0.014743927866220474
53925.0,0.0,0.0014551917556673288
53926.0,0.0,0.025771109387278557
53927.0,0.0,0.05522727221250534
53928.0,0.0,0.03749186545610428
53929.0,0.0,0.017969094216823578
53930.0,0.0,0.05787777155637741
53931.0,0.0,0.0014502613339573145
53932.0,0.0,0.02314114384353161
53933.0,0.0,0.06113040819764137
53934.0,0.0,0.024871468544006348
53935.0,0.0,0.014743927866220474
53936.0,0.0,0.022420059889554977
53937.0,1.0,0.9940728545188904
53938.0,0.0,0.023705922067165375
53939.0,0.0,0.02663862146437168
53940.0,0.0,0.02854803204536438
53941.0,0.0,0.026141773909330368
53942.0,0.0,0.0014202744932845235
53943.0,0.0,0.025771109387278557
53944.0,0.0,0.014743927866220474
53945.0,0.0,0.024906201288104057
53946.0,0.0,0.016766361892223358
53947.0,0.0,0.04300350323319435
53948.0,0.0,0.05708349123597145
53949.0,0.0,0.01574668474495411
53950.0,0.0,0.01575755886733532
53951.0,0.0,0.0185039434581995
53952.0,0.0,0.010268616490066051
53953.0,0.0,0.027341853827238083
53954.0,0.0,0.02513364516198635
53955.0,0.0,0.05628763884305954
53956.0,0.0,0.031205356121063232
53957.0,0.0,0.03304668888449669
53958.0,0.0,0.025771109387278557
53959.0,0.0,0.02445853315293789
53960.0,0.0,0.02544485405087471
53961.0,0.0,0.016435613855719566
53962.0,0.0,0.027234036475419998
53963.0,0.0,0.0013486293610185385
53964.0,0.0,0.40344616770744324
53965.0,0.0,0.02526475116610527
53966.0,0.0,0.025771109387278557
53967.0,0.0,0.058941278606653214
53968.0,0.0,0.015878908336162567
53969.0,0.0,0.40344616770744324
53970.0,0.0,0.05599655583500862
53971.0,0.0,0.023888908326625824
53972.0,0.0,0.015856554731726646
53973.0,0.0,0.014777462929487228
53974.0,0.0,0.015856554731726646
53975.0,0.0,0.026744144037365913
53976.0,0.0,0.027234036475419998
53977.0,0.0,0.025005033239722252
53978.0,0.0,0.02360360138118267
53979.0,0.0,0.027341853827238083
53980.0,0.0,0.01575755886733532
53981.0,1.0,0.43061134219169617
53982.0,0.0,0.025771109387278557
53983.0,0.0,0.023922305554151535
53984.0,0.0,0.024717602878808975
53985.0,0.0,0.025651903823018074
53986.0,0.0,0.026141773909330368
53987.0,0.0,0.02710825391113758
53988.0,0.0,0.024906201288104057
53989.0,0.0,0.03893374651670456
53990.0,0.0,0.025005033239722252
53991.0,0.0,0.017969094216823578
53992.0,0.0,0.0019129981519654393
53993.0,0.0,0.024501239880919456
53994.0,0.0,0.017969094216823578
53995.0,0.0,0.03224973380565643
53996.0,0.0,0.061627063900232315
53997.0,0.0,0.0031268694438040257
53998.0,0.0,0.015355028212070465
53999.0,0.0,0.0036034060176461935
54000.0,0.0,0.042473744601011276
54001.0,0.0,0.037938617169857025
54002.0,0.0,0.06175331398844719
54003.0,0.0,0.03012186661362648
54004.0,0.0,0.02814936637878418
54005.0,0.0,0.015856554731726646
54006.0,0.0,0.035611413419246674
54007.0,0.0,0.017969094216823578
54008.0,0.0,0.03574252501130104
54009.0,0.0,0.015413998626172543
54010.0,0.0,0.003128680167719722
54011.0,0.0,0.03834217041730881
54012.0,1.0,0.3990669250488281
54013.0,0.0,0.037240318953990936
54014.0,0.0,0.011279945261776447
54015.0,0.0,0.025771109387278557
54016.0,0.0,0.003202454885467887
54017.0,0.0,0.02475586347281933
54018.0,0.0,0.05438477545976639
54019.0,0.0,0.027234036475419998
54020.0,1.0,0.025771109387278557
54021.0,0.0,0.025771109387278557
54022.0,0.0,0.0013663552235811949
54023.0,0.0,0.43439170718193054
54024.0,0.0,0.013337628915905952
54025.0,0.0,0.027234036475419998
54026.0,0.0,0.038782041519880295
54027.0,0.0,0.02314114384353161
54028.0,0.0,0.018330127000808716
54029.0,0.0,0.02663862146437168
54030.0,0.0,0.3999558687210083
54031.0,0.0,0.016362937167286873
54032.0,0.0,0.025005033239722252
54033.0,0.0,0.02632135897874832
54034.0,0.0,0.05915085971355438
54035.0,0.0,0.022596092894673347
54036.0,0.0,0.017478905618190765
54037.0,0.0,0.017739813774824142
54038.0,0.0,0.024717602878808975
54039.0,0.0,0.017020871862769127
54040.0,0.0,0.03443893417716026
54041.0,0.0,0.025550583377480507
54042.0,0.0,0.024906201288104057
54043.0,0.0,0.06044430285692215
54044.0,0.0,0.023922305554151535
54045.0,0.0,0.4322679936885834
54046.0,0.0,0.02814936637878418
54047.0,1.0,0.025229530408978462
54048.0,0.0,0.025771109387278557
54049.0,0.0,0.0262258630245924
54050.0,0.0,0.023853830993175507
54051.0,0.0,0.015878908336162567
54052.0,0.0,0.025545770302414894
54053.0,0.0,0.0246882326900959
54054.0,0.0,0.016421860083937645
54055.0,0.0,0.026744144037365913
54056.0,0.0,0.059674497693777084
54057.0,0.0,0.05826232582330704
54058.0,0.0,0.025005033239722252
54059.0,0.0,0.024906201288104057
54060.0,0.0,0.016766361892223358
54061.0,0.0,0.03858567029237747
54062.0,0.0,0.025245940312743187
54063.0,0.0,0.01635638438165188
54064.0,0.0,0.024871468544006348
54065.0,1.0,0.015616292133927345
54066.0,0.0,0.05582575500011444
54067.0,0.0,0.026983819901943207
54068.0,0.0,0.024871468544006348
54069.0,0.0,0.0325656421482563
54070.0,0.0,0.016435613855719566
54071.0,0.0,0.025310751050710678
54072.0,0.0,0.04875008016824722
54073.0,1.0,0.009144727140665054
54074.0,0.0,0.0016050349222496152
54075.0,0.0,0.0012266056146472692
54076.0,0.0,0.01678997464478016
54077.0,0.0,0.024906201288104057
54078.0,0.0,0.02526475116610527
54079.0,0.0,0.031031303107738495
54080.0,0.0,0.017969094216823578
54081.0,0.0,0.014555196277797222
54082.0,0.0,0.0246882326900959
54083.0,0.0,0.016994355246424675
54084.0,0.0,0.02544485405087471
54085.0,0.0,0.016293639317154884
54086.0,0.0,0.0013808943331241608
54087.0,0.0,0.025771109387278557
54088.0,0.0,0.0033562947064638138
54089.0,0.0,0.02660154178738594
54090.0,0.0,0.43061134219169617
54091.0,0.0,0.03740875422954559
54092.0,0.0,0.027913730591535568
54093.0,0.0,0.017008891329169273
54094.0,0.0,0.02544485405087471
54095.0,0.0,0.0392918735742569
54096.0,0.0,0.03513512387871742
54097.0,0.0,0.06024523451924324
54098.0,0.0,0.017969094216823578
54099.0,0.0,0.0034331486094743013
54100.0,0.0,0.021319305524230003
54101.0,0.0,0.015556056052446365
54102.0,0.0,0.05817730352282524
54103.0,1.0,0.43125638365745544
54104.0,0.0,0.024906201288104057
54105.0,0.0,0.025346089154481888
54106.0,0.0,0.02323314920067787
54107.0,1.0,0.0013462231727316976
54108.0,0.0,0.024590618908405304
54109.0,0.0,0.014891373924911022
54110.0,0.0,0.014743927866220474
54111.0,1.0,0.36442863941192627
54112.0,0.0,0.42740845680236816
54113.0,0.0,0.015223466791212559
54114.0,0.0,0.03557281941175461
54115.0,0.0,0.028660891577601433
54116.0,0.0,0.014243694953620434
54117.0,0.0,0.016766361892223358
54118.0,0.0,0.025771109387278557
54119.0,0.0,0.025651903823018074
54120.0,0.0,0.018215972930192947
54121.0,0.0,0.016435613855719566
54122.0,0.0,0.039073653519153595
54123.0,0.0,0.0014202744932845235
54124.0,0.0,0.02663862146437168
54125.0,0.0,0.016446709632873535
54126.0,0.0,0.02323314920067787
54127.0,0.0,0.02814936637878418
54128.0,0.0,0.018040908500552177
54129.0,0.0,0.02358420193195343
54130.0,0.0,0.48026788234710693
54131.0,0.0,0.024906201288104057
54132.0,0.0,0.01133112795650959
54133.0,0.0,0.02314114384353161
54134.0,0.0,0.023338191211223602
54135.0,0.0,0.023636609315872192
54136.0,0.0,0.0014260467141866684
54137.0,1.0,0.4392189085483551
54138.0,0.0,0.011426706798374653
54139.0,0.0,0.025945642963051796
54140.0,0.0,0.016994355246424675
54141.0,0.0,0.029652222990989685
54142.0,0.0,0.03527308255434036
54143.0,0.0,0.02445853315293789
54144.0,0.0,0.01608537882566452
54145.0,0.0,0.017810726538300514
54146.0,0.0,0.4392189085483551
54147.0,0.0,0.03957344591617584
54148.0,0.0,0.041746873408555984
54149.0,0.0,0.03458906710147858
54150.0,0.0,0.052849479019641876
54151.0,0.0,0.025245940312743187
54152.0,0.0,0.0014202744932845235
54153.0,0.0,0.05730250105261803
54154.0,0.0,0.34169960021972656
54155.0,1.0,0.02475586347281933
54156.0,0.0,0.023474901914596558
54157.0,0.0,0.055364664644002914
54158.0,0.0,0.024717602878808975
54159.0,0.0,0.025247754529118538
54160.0,0.0,0.017969094216823578
54161.0,0.0,0.03391505032777786
54162.0,0.0,0.015413998626172543
54163.0,0.0,0.023730525746941566
54164.0,1.0,0.06907308101654053
54165.0,0.0,0.34842145442962646
54166.0,0.0,0.02314114384353161
54167.0,0.0,0.025005033239722252
54168.0,0.0,0.01562632992863655
54169.0,0.0,0.025346089154481888
54170.0,0.0,0.025810956954956055
54171.0,0.0,0.026301685720682144
54172.0,0.0,0.023956939578056335
54173.0,0.0,0.017228078097105026
54174.0,0.0,0.024717602878808975
54175.0,0.0,0.034372683614492416
54176.0,1.0,0.4205121099948883
54177.0,0.0,0.02236247807741165
54178.0,0.0,0.018215972930192947
54179.0,0.0,0.025073513388633728
54180.0,0.0,0.023887183517217636
54181.0,0.0,0.0013714581727981567
54182.0,0.0,0.24193497002124786
54183.0,0.0,0.026141773909330368
54184.0,0.0,0.027001334354281425
54185.0,0.0,0.015413998626172543
54186.0,0.0,0.014870388433337212
54187.0,0.0,0.024906201288104057
54188.0,0.0,0.015724515542387962
54189.0,0.0,0.024590618908405304
54190.0,0.0,0.05599725991487503
54191.0,0.0,0.017378058284521103
54192.0,0.0,0.025245940312743187
54193.0,0.0,0.016122156754136086
54194.0,0.0,0.028110241517424583
54195.0,0.0,0.02544485405087471
54196.0,0.0,0.015223466791212559
54197.0,0.0,0.051072195172309875
54198.0,0.0,0.025383293628692627
54199.0,0.0,0.015938570722937584
54200.0,0.0,0.06166466325521469
54201.0,0.0,0.025771109387278557
54202.0,0.0,0.023721186444163322
54203.0,1.0,0.9961143732070923
54204.0,0.0,0.0013608243316411972
54205.0,0.0,0.024717602878808975
54206.0,0.0,0.015246058814227581
54207.0,0.0,0.4426445960998535
54208.0,0.0,0.022822577506303787
54209.0,0.0,0.02826070226728916
54210.0,0.0,0.025873281061649323
54211.0,0.0,0.02445853315293789
54212.0,0.0,0.025771109387278557
54213.0,0.0,0.0014018514193594456
54214.0,0.0,0.023887183517217636
54215.0,0.0,0.02236247807741165
54216.0,0.0,0.022479217499494553
54217.0,0.0,0.01899777166545391
54218.0,0.0,0.0014502613339573145
54219.0,0.0,0.015413998626172543
54220.0,0.0,0.024906201288104057
54221.0,0.0,0.011426706798374653
54222.0,0.0,0.06266964226961136
54223.0,0.0,0.01629883050918579
54224.0,1.0,0.4185042083263397
54225.0,0.0,0.023420259356498718
54226.0,0.0,0.03683403134346008
54227.0,0.0,0.025771109387278557
54228.0,0.0,0.015277317725121975
54229.0,0.0,0.04493342712521553
54230.0,0.0,0.024906201288104057
54231.0,0.0,0.025873281061649323
54232.0,0.0,0.027341853827238083
54233.0,0.0,0.025771109387278557
54234.0,0.0,0.015413998626172543
54235.0,0.0,0.05860500782728195
54236.0,0.0,0.029451915994286537
54237.0,0.0,0.018086470663547516
54238.0,0.0,0.024906201288104057
54239.0,0.0,0.024906201288104057
54240.0,0.0,0.024906201288104057
54241.0,0.0,0.03634200617671013
54242.0,0.0,0.02632135897874832
54243.0,0.0,0.0013808943331241608
54244.0,0.0,0.025283005088567734
54245.0,0.0,0.025771109387278557
54246.0,0.0,0.01976996287703514
54247.0,0.0,0.02236247807741165
54248.0,0.0,0.017969094216823578
54249.0,0.0,0.05708349123597145
54250.0,0.0,0.05638376995921135
54251.0,0.0,0.024231432005763054
54252.0,0.0,0.026706915348768234
54253.0,0.0,0.0014693202683702111
54254.0,0.0,0.014777462929487228
54255.0,1.0,0.453318327665329
54256.0,0.0,0.025545770302414894
54257.0,0.0,0.02824964001774788
54258.0,0.0,0.023887183517217636
54259.0,0.0,0.0012555853463709354
54260.0,0.0,0.027001334354281425
54261.0,0.0,0.02445853315293789
54262.0,0.0,0.030815791338682175
54263.0,0.0,0.06175331398844719
54264.0,0.0,0.4486140012741089
54265.0,1.0,0.027234036475419998
54266.0,0.0,0.030525844544172287
54267.0,0.0,0.02314114384353161
54268.0,1.0,0.026963751763105392
54269.0,0.0,0.027021421119570732
54270.0,0.0,0.016225576400756836
54271.0,0.0,0.017810726538300514
54272.0,0.0,0.025771109387278557
54273.0,0.0,0.017969094216823578
54274.0,0.0,0.025771109387278557
54275.0,0.0,0.003459122497588396
54276.0,0.0,0.02364484779536724
54277.0,0.0,0.017693044617772102
54278.0,0.0,0.03508663550019264
54279.0,0.0,0.024717602878808975
54280.0,0.0,0.029535578563809395
54281.0,0.0,0.0013714581727981567
54282.0,0.0,0.025771109387278557
54283.0,0.0,0.017969094216823578
54284.0,0.0,0.05708349123597145
54285.0,0.0,0.02355126105248928
54286.0,1.0,0.8294110894203186
54287.0,0.0,0.027234036475419998
54288.0,0.0,0.05929740518331528
54289.0,0.0,0.02481570467352867
54290.0,0.0,0.0031792735680937767
54291.0,0.0,0.027234341949224472
54292.0,1.0,0.06654705852270126
54293.0,0.0,0.014743927866220474
54294.0,0.0,0.024717602878808975
54295.0,0.0,0.025771109387278557
54296.0,0.0,0.015355028212070465
54297.0,0.0,0.02236247807741165
54298.0,0.0,0.024871468544006348
54299.0,0.0,0.025771109387278557
54300.0,0.0,0.01687617413699627
54301.0,0.0,0.01722889207303524
54302.0,0.0,0.07230093330144882
54303.0,0.0,0.016571078449487686
54304.0,0.0,0.01704694889485836
54305.0,0.0,0.022451452910900116
54306.0,0.0,0.026706915348768234
54307.0,0.0,0.017115140333771706
54308.0,1.0,0.056377820670604706
54309.0,0.0,0.018040908500552177
54310.0,0.0,0.027234036475419998
54311.0,0.0,0.0013140484225004911
54312.0,0.0,0.0013536671176552773
54313.0,0.0,0.026122327893972397
54314.0,0.0,0.025005033239722252
54315.0,0.0,0.017969094216823578
54316.0,0.0,0.04536348581314087
54317.0,0.0,0.06428132206201553
54318.0,0.0,0.022847406566143036
54319.0,0.0,0.03627697005867958
54320.0,0.0,0.016435613855719566
54321.0,0.0,0.025005033239722252
54322.0,0.0,0.05324722081422806
54323.0,0.0,0.0007981391390785575
54324.0,0.0,0.4392189085483551
54325.0,0.0,0.016109652817249298
54326.0,0.0,0.02814936637878418
54327.0,0.0,0.02236247807741165
54328.0,0.0,0.02632135897874832
54329.0,0.0,0.016435613855719566
54330.0,0.0,0.024717602878808975
54331.0,0.0,0.06344211101531982
54332.0,0.0,0.040483132004737854
54333.0,0.0,0.016936318948864937
54334.0,0.0,0.014621013775467873
54335.0,0.0,0.017969094216823578
54336.0,0.0,0.04006208851933479
54337.0,0.0,0.024590618908405304
54338.0,0.0,0.02236247807741165
54339.0,0.0,0.015878908336162567
54340.0,0.0,0.024906201288104057
54341.0,0.0,0.025771109387278557
54342.0,0.0,0.016622358933091164
54343.0,0.0,0.0013462231727316976
54344.0,0.0,0.02632135897874832
54345.0,0.0,0.024871468544006348
54346.0,0.0,0.036820992827415466
54347.0,0.0,0.025771109387278557
54348.0,0.0,0.02314114384353161
54349.0,0.0,0.025283005088567734
54350.0,1.0,0.4287012219429016
54351.0,0.0,0.0202732365578413
54352.0,0.0,0.01678997464478016
54353.0,1.0,0.06335165351629257
54354.0,0.0,0.016122156754136086
54355.0,0.0,0.02314114384353161
54356.0,0.0,0.027341853827238083
54357.0,1.0,0.8396892547607422
54358.0,0.0,0.0019383784383535385
54359.0,0.0,0.025771109387278557
54360.0,1.0,0.0185039434581995
54361.0,0.0,0.02381543442606926
54362.0,1.0,0.02445853315293789
54363.0,0.0,0.017355209216475487
54364.0,0.0,0.022331207990646362
54365.0,0.0,0.024906201288104057
54366.0,0.0,0.025545770302414894
54367.0,0.0,0.015986574813723564
54368.0,0.0,0.015246058814227581
54369.0,0.0,0.024871468544006348
54370.0,0.0,0.025873281061649323
54371.0,0.0,0.02236247807741165
54372.0,0.0,0.004027859307825565
54373.0,0.0,0.06615528464317322
54374.0,0.0,0.026425663381814957
54375.0,0.0,0.36442863941192627
54376.0,0.0,0.038809921592473984
54377.0,0.0,0.027234036475419998
54378.0,0.0,0.025771109387278557
54379.0,0.0,0.024556316435337067
54380.0,0.0,0.025771109387278557
54381.0,0.0,0.02526475116610527
54382.0,0.0,0.014243694953620434
54383.0,0.0,0.019073618575930595
54384.0,0.0,0.0263888631016016
54385.0,0.0,0.01638970524072647
54386.0,0.0,0.025043737143278122
54387.0,0.0,0.023474901914596558
54388.0,0.0,0.022822577506303787
54389.0,0.0,0.02398207224905491
54390.0,0.0,0.04475943744182587
54391.0,0.0,0.015116751194000244
54392.0,0.0,0.028057031333446503
54393.0,0.0,0.026122327893972397
54394.0,0.0,0.039906181395053864
54395.0,0.0,0.055946215987205505
54396.0,0.0,0.025771109387278557
54397.0,0.0,0.024906201288104057
54398.0,0.0,0.023888908326625824
54399.0,0.0,0.025227047502994537
54400.0,0.0,0.06431885063648224
54401.0,0.0,0.02426704578101635
54402.0,0.0,0.03761137276887894
54403.0,0.0,0.02632135897874832
54404.0,1.0,0.05916696786880493
54405.0,0.0,0.0597548745572567
54406.0,0.0,0.001310010440647602
54407.0,0.0,0.024906201288104057
54408.0,0.0,0.002159654628485441
54409.0,0.0,0.057245396077632904
54410.0,0.0,0.41323480010032654
54411.0,0.0,0.024717602878808975
54412.0,0.0,0.016122156754136086
54413.0,0.0,0.02314114384353161
54414.0,0.0,0.03956121206283569
54415.0,0.0,0.02445853315293789
54416.0,0.0,0.028424585238099098
54417.0,0.0,0.058687351644039154
54418.0,0.0,0.0242068562656641
54419.0,0.0,0.024906201288104057
54420.0,0.0,0.025020895525813103
54421.0,0.0,0.01704694889485836
54422.0,0.0,0.026744144037365913
54423.0,0.0,0.02331252209842205
54424.0,0.0,0.02663862146437168
54425.0,0.0,0.01899777166545391
54426.0,0.0,0.0182296484708786
54427.0,0.0,0.026122327893972397
54428.0,0.0,0.46954429149627686
54429.0,0.0,0.025073513388633728
54430.0,0.0,0.016994355246424675
54431.0,0.0,0.0015030310023576021
54432.0,0.0,0.4287012219429016
54433.0,0.0,0.02314114384353161
54434.0,0.0,0.014430656097829342
54435.0,0.0,0.026122327893972397
54436.0,1.0,0.44021958112716675
54437.0,0.0,0.025346089154481888
54438.0,0.0,0.017969094216823578
54439.0,0.0,0.023887183517217636
54440.0,0.0,0.027341853827238083
54441.0,0.0,0.001594689441844821
54442.0,0.0,0.027234036475419998
54443.0,0.0,0.024871468544006348
54444.0,0.0,0.025873281061649323
54445.0,0.0,0.026141773909330368
54446.0,0.0,0.025771109387278557
54447.0,0.0,0.0015775627689436078
54448.0,0.0,0.0014693202683702111
54449.0,0.0,0.014743927866220474
54450.0,0.0,0.0008662066538818181
54451.0,0.0,0.02517021633684635
54452.0,0.0,0.013648834079504013
54453.0,0.0,0.024906201288104057
54454.0,0.0,0.01718216948211193
54455.0,0.0,0.05893402174115181
54456.0,0.0,0.025771109387278557
54457.0,0.0,0.025771109387278557
54458.0,0.0,0.0013694989029318094
54459.0,0.0,0.014777462929487228
54460.0,0.0,0.05623804032802582
54461.0,0.0,0.0015091396635398269
54462.0,0.0,0.010505485348403454
54463.0,0.0,0.017378058284521103
54464.0,0.0,0.026744144037365913
54465.0,0.0,0.02632135897874832
54466.0,0.0,0.014891373924911022
54467.0,0.0,0.015675872564315796
54468.0,0.0,0.05522727221250534
54469.0,1.0,0.4512373208999634
54470.0,1.0,0.4532330334186554
54471.0,1.0,0.43061134219169617
54472.0,0.0,0.0012772607151418924
54473.0,0.0,0.022653555497527122
54474.0,0.0,0.026301685720682144
54475.0,0.0,0.025771109387278557
54476.0,0.0,0.04475943744182587
54477.0,0.0,0.025245940312743187
54478.0,1.0,0.026301685720682144
54479.0,0.0,0.02536497637629509
54480.0,0.0,0.02440434880554676
54481.0,0.0,0.02658638171851635
54482.0,0.0,0.027234036475419998
54483.0,0.0,0.0014202744932845235
54484.0,0.0,0.05983950197696686
54485.0,0.0,0.0013694989029318094
54486.0,0.0,0.017969094216823578
54487.0,0.0,0.038059405982494354
54488.0,0.0,0.024871468544006348
54489.0,0.0,0.040226031094789505
54490.0,0.0,0.018215972930192947
54491.0,0.0,0.025743823498487473
54492.0,0.0,0.01722889207303524
54493.0,0.0,0.012085461057722569
54494.0,0.0,0.025283005088567734
54495.0,0.0,0.01704694889485836
54496.0,0.0,0.016994355246424675
54497.0,0.0,0.05364430323243141
54498.0,0.0,0.0014401210937649012
54499.0,0.0,0.02445853315293789
54500.0,0.0,0.003027476603165269
54501.0,0.0,0.031205356121063232
54502.0,0.0,0.01678997464478016
54503.0,0.0,0.025771109387278557
54504.0,0.0,0.05915085971355438
54505.0,0.0,0.4392189085483551
54506.0,0.0,0.003526357701048255
54507.0,0.0,0.01766781136393547
54508.0,0.0,0.02314114384353161
54509.0,0.0,0.02236247807741165
54510.0,0.0,0.062242891639471054
54511.0,0.0,0.025873281061649323
54512.0,0.0,0.038809921592473984
54513.0,0.0,0.0035078509245067835
54514.0,0.0,0.4392189085483551
54515.0,0.0,0.0246882326900959
54516.0,0.0,0.01506237406283617
54517.0,0.0,0.0013354358961805701
54518.0,0.0,0.02445853315293789
54519.0,0.0,0.05730250105261803
54520.0,1.0,0.4122503101825714
54521.0,0.0,0.02481570467352867
54522.0,0.0,0.02445853315293789
54523.0,0.0,0.35549959540367126
54524.0,0.0,0.01899777166545391
54525.0,0.0,0.02814936637878418
54526.0,1.0,0.4122503101825714
54527.0,0.0,0.025771109387278557
54528.0,1.0,0.9937484264373779
54529.0,0.0,0.01888933777809143
54530.0,0.0,0.02507074922323227
54531.0,0.0,0.0012283599935472012
54532.0,0.0,0.05998348444700241
54533.0,0.0,0.4122503101825714
54534.0,0.0,0.023853830993175507
54535.0,0.0,0.027341853827238083
54536.0,0.0,0.024871468544006348
54537.0,0.0,0.024906201288104057
54538.0,0.0,0.025771109387278557
54539.0,0.0,0.0014202744932845235
54540.0,0.0,0.026122327893972397
54541.0,0.0,0.02672770991921425
54542.0,0.0,0.06113040819764137
54543.0,0.0,0.058941278606653214
54544.0,0.0,0.04006950929760933
54545.0,0.0,0.016529247164726257
54546.0,0.0,0.02651994675397873
54547.0,0.0,0.4392189085483551
54548.0,0.0,0.02641528844833374
54549.0,0.0,0.015413998626172543
54550.0,0.0,0.019784094765782356
54551.0,0.0,0.015107985585927963
54552.0,0.0,0.017969094216823578
54553.0,0.0,0.018086470663547516
54554.0,0.0,0.04596911370754242
54555.0,0.0,0.05599655583500862
54556.0,0.0,0.022289955988526344
54557.0,0.0,0.07039401680231094
54558.0,0.0,0.03710935637354851
54559.0,1.0,0.43402186036109924
54560.0,0.0,0.025550583377480507
54561.0,0.0,0.027341853827238083
54562.0,0.0,0.03363712877035141
54563.0,0.0,0.0597548745572567
54564.0,0.0,0.017739813774824142
54565.0,0.0,0.05952965468168259
54566.0,0.0,0.016122156754136086
54567.0,0.0,0.025771109387278557
54568.0,0.0,0.4322679936885834
54569.0,0.0,0.0013140484225004911
54570.0,0.0,0.0008859550580382347
54571.0,0.0,0.025771109387278557
54572.0,0.0,0.044249724596738815
54573.0,0.0,0.026122327893972397
54574.0,0.0,0.031328391283750534
54575.0,1.0,0.4445684850215912
54576.0,0.0,0.016097549349069595
54577.0,0.0,0.023612098768353462
54578.0,0.0,0.02531747706234455
54579.0,0.0,0.003643670119345188
54580.0,0.0,0.02663862146437168
54581.0,1.0,0.5110976696014404
54582.0,0.0,0.02398207224905491
54583.0,0.0,0.018040908500552177
54584.0,0.0,0.001604478806257248
54585.0,0.0,0.024218076840043068
54586.0,0.0,0.0013140484225004911
54587.0,0.0,0.024501239880919456
54588.0,0.0,0.017969094216823578
54589.0,0.0,0.046211566776037216
54590.0,0.0,0.024906201288104057
54591.0,0.0,0.0013608243316411972
54592.0,0.0,0.003518701996654272
54593.0,0.0,0.046211566776037216
54594.0,0.0,0.058220189064741135
54595.0,0.0,0.012085461057722569
54596.0,0.0,0.02544485405087471
54597.0,0.0,0.01575755886733532
54598.0,0.0,0.0591171532869339
54599.0,0.0,0.01448389608412981
54600.0,0.0,0.02628469653427601
54601.0,0.0,0.025873281061649323
54602.0,0.0,0.02663862146437168
54603.0,0.0,0.009604624472558498
54604.0,0.0,0.02445853315293789
54605.0,0.0,0.06474325805902481
54606.0,0.0,0.025073513388633728
54607.0,0.0,0.05730250105261803
54608.0,0.0,0.017969094216823578
54609.0,0.0,0.024590618908405304
54610.0,0.0,0.02854803204536438
54611.0,0.0,0.022938264533877373
54612.0,0.0,0.03513512387871742
54613.0,0.0,0.019517777487635612
54614.0,0.0,0.03691849112510681
54615.0,0.0,0.023853830993175507
54616.0,0.0,0.06131014972925186
54617.0,0.0,0.025771109387278557
54618.0,0.0,0.01678997464478016
54619.0,0.0,0.01729780063033104
54620.0,0.0,0.4442150890827179
54621.0,0.0,0.43125638365745544
54622.0,0.0,0.02526475116610527
54623.0,0.0,0.0014135412639006972
54624.0,0.0,0.027234036475419998
54625.0,0.0,0.025771109387278557
54626.0,0.0,0.03710935637354851
54627.0,0.0,0.01608697883784771
54628.0,0.0,0.01754879392683506
54629.0,0.0,0.025245940312743187
54630.0,0.0,0.017378058284521103
54631.0,0.0,0.05812613666057587
54632.0,0.0,0.02323314920067787
54633.0,0.0,0.0013714581727981567
54634.0,0.0,0.023922305554151535
54635.0,0.0,0.013356479816138744
54636.0,0.0,0.0242068562656641
54637.0,0.0,0.025642139837145805
54638.0,0.0,0.025810956954956055
54639.0,0.0,0.02445853315293789
54640.0,0.0,0.025227047502994537
54641.0,0.0,0.06549248099327087
54642.0,0.0,0.025873281061649323
54643.0,0.0,0.02660154178738594
54644.0,0.0,0.024717602878808975
54645.0,0.0,0.029535578563809395
54646.0,0.0,0.026405904442071915
54647.0,0.0,0.024590618908405304
54648.0,0.0,0.0013714581727981567
54649.0,0.0,0.0031224119011312723
54650.0,0.0,0.025771109387278557
54651.0,0.0,0.03950551897287369
54652.0,0.0,0.0014003296382725239
54653.0,0.0,0.026481470093131065
54654.0,1.0,0.4392189085483551
54655.0,0.0,0.05826232582330704
54656.0,0.0,0.027234036475419998
54657.0,0.0,0.06344211101531982
54658.0,0.0,0.001300412230193615
54659.0,0.0,0.02358420193195343
54660.0,0.0,0.027341853827238083
54661.0,0.0,0.02544485405087471
54662.0,0.0,0.01704694889485836
54663.0,0.0,0.0014898506924510002
54664.0,0.0,0.015856554731726646
54665.0,1.0,0.42969629168510437
54666.0,0.0,0.028332654386758804
54667.0,0.0,0.020983798429369926
54668.0,0.0,0.03696532920002937
54669.0,0.0,0.0219366904348135
54670.0,0.0,0.0013770321384072304
54671.0,0.0,0.01562632992863655
54672.0,0.0,0.06244385614991188
54673.0,0.0,0.023922305554151535
54674.0,0.0,0.06056196615099907
54675.0,0.0,0.02663862146437168
54676.0,0.0,0.016435613855719566
54677.0,0.0,0.022847406566143036
54678.0,0.0,0.019525164738297462
54679.0,0.0,0.02660154178738594
54680.0,0.0,0.02536497637629509
54681.0,0.0,0.027234036475419998
54682.0,0.0,0.025245940312743187
54683.0,0.0,0.014555196277797222
54684.0,1.0,0.0040549892000854015
54685.0,0.0,0.4486140012741089
54686.0,0.0,0.015675872564315796
54687.0,0.0,0.016661789268255234
54688.0,0.0,0.056776631623506546
54689.0,0.0,0.023887183517217636
54690.0,0.0,0.01521681435406208
54691.0,0.0,0.02663862146437168
54692.0,0.0,0.015202022157609463
54693.0,0.0,0.015638090670108795
54694.0,0.0,0.01899777166545391
54695.0,0.0,0.01411010418087244
54696.0,1.0,0.02323314920067787
54697.0,0.0,0.01678997464478016
54698.0,1.0,0.7896487712860107
54699.0,0.0,0.06551076471805573
54700.0,0.0,0.017810726538300514
54701.0,0.0,0.030646273866295815
54702.0,0.0,0.02314114384353161
54703.0,0.0,0.4122503101825714
54704.0,1.0,0.4037907123565674
54705.0,0.0,0.02323314920067787
54706.0,0.0,0.015878908336162567
54707.0,0.0,0.016435613855719566
54708.0,0.0,0.018330127000808716
54709.0,0.0,0.02314114384353161
54710.0,0.0,0.026122327893972397
54711.0,0.0,0.025005033239722252
54712.0,0.0,0.06113040819764137
54713.0,0.0,0.025873281061649323
54714.0,0.0,0.01575755886733532
54715.0,0.0,0.06317763030529022
54716.0,0.0,0.01757531799376011
54717.0,0.0,0.0273841954767704
54718.0,0.0,0.022331207990646362
54719.0,1.0,0.7712129354476929
54720.0,0.0,0.034830838441848755
54721.0,0.0,0.025771109387278557
54722.0,0.0,0.04095249995589256
54723.0,0.0,0.0013736317632719874
54724.0,0.0,0.019941624253988266
54725.0,0.0,0.022451452910900116
54726.0,0.0,0.02632135897874832
54727.0,0.0,0.0015138117596507072
54728.0,0.0,0.0013906233943998814
54729.0,0.0,0.025771109387278557
54730.0,0.0,0.025005033239722252
54731.0,0.0,0.02314114384353161
54732.0,0.0,0.02314114384353161
54733.0,0.0,0.018040908500552177
54734.0,0.0,0.024906201288104057
54735.0,0.0,0.024717602878808975
54736.0,0.0,0.023636609315872192
54737.0,0.0,0.01886281929910183
54738.0,0.0,0.02314114384353161
54739.0,0.0,0.025245940312743187
54740.0,0.0,0.0013121713418513536
54741.0,0.0,0.014243694953620434
54742.0,0.0,0.016435613855719566
54743.0,0.0,0.022420059889554977
54744.0,0.0,0.024944746866822243
54745.0,0.0,0.027913730591535568
54746.0,0.0,0.029535578563809395
54747.0,0.0,0.0013770321384072304
54748.0,0.0,0.023705922067165375
54749.0,1.0,0.4445684850215912
54750.0,0.0,0.05522727221250534
54751.0,0.0,0.027234036475419998
54752.0,0.0,0.039598796516656876
54753.0,0.0,0.024906201288104057
54754.0,0.0,0.02314114384353161
54755.0,0.0,0.05003541335463524
54756.0,0.0,0.042798493057489395
54757.0,0.0,0.015413998626172543
54758.0,0.0,0.0013736317632719874
54759.0,1.0,0.040762387216091156
54760.0,0.0,0.06302212178707123
54761.0,0.0,0.022397181019186974
54762.0,0.0,0.01899777166545391
54763.0,0.0,0.06849057972431183
54764.0,0.0,0.028187638148665428
54765.0,0.0,0.0597548745572567
54766.0,0.0,0.025945642963051796
54767.0,0.0,0.025073513388633728
54768.0,0.0,0.0013140484225004911
54769.0,0.0,0.03436536714434624
54770.0,0.0,0.04437562823295593
54771.0,0.0,0.0693119615316391
54772.0,0.0,0.01629883050918579
54773.0,0.0,0.025810956954956055
54774.0,1.0,0.028332654386758804
54775.0,0.0,0.017378058284521103
54776.0,0.0,0.03391505032777786
54777.0,0.0,0.02663862146437168
54778.0,1.0,0.9959450364112854
54779.0,0.0,0.025771109387278557
54780.0,0.0,0.0014689015224575996
54781.0,0.0,0.02314114384353161
54782.0,0.0,0.017969094216823578
54783.0,0.0,0.03740875422954559
54784.0,0.0,0.02663702517747879
54785.0,0.0,0.05975974351167679
54786.0,0.0,0.024970166385173798
54787.0,0.0,0.024906201288104057
54788.0,0.0,0.057358935475349426
54789.0,0.0,0.027234036475419998
54790.0,0.0,0.062242891639471054
54791.0,0.0,0.023393183946609497
54792.0,0.0,0.014140383340418339
54793.0,0.0,0.02236247807741165
54794.0,0.0,0.0013714581727981567
54795.0,1.0,0.024590618908405304
54796.0,0.0,0.02481570467352867
54797.0,1.0,0.026141773909330368
54798.0,0.0,0.0012555853463709354
54799.0,0.0,0.02314114384353161
54800.0,0.0,0.024960659444332123
54801.0,0.0,0.014243694953620434
54802.0,0.0,0.02331724390387535
54803.0,0.0,0.04011544585227966
54804.0,0.0,0.023677917197346687
54805.0,0.0,0.025771109387278557
54806.0,0.0,0.001298092189244926
54807.0,0.0,0.0262258630245924
54808.0,0.0,0.02632135897874832
54809.0,0.0,0.040982529520988464
54810.0,0.0,0.018040908500552177
54811.0,0.0,0.02236247807741165
54812.0,0.0,0.02632135897874832
54813.0,0.0,0.0014513740316033363
54814.0,0.0,0.02667977847158909
54815.0,0.0,0.027341853827238083
54816.0,0.0,0.05708349123597145
54817.0,0.0,0.05638376995921135
54818.0,0.0,0.017968246713280678
54819.0,0.0,0.025771109387278557
54820.0,0.0,0.024871468544006348
54821.0,0.0,0.058853525668382645
54822.0,0.0,0.022357212379574776
54823.0,0.0,0.0014672224642708898
54824.0,0.0,0.024944713339209557
54825.0,0.0,0.02663862146437168
54826.0,0.0,0.02445853315293789
54827.0,0.0,0.0014202744932845235
54828.0,0.0,0.02544485405087471
54829.0,0.0,0.07292573899030685
54830.0,0.0,0.05459403246641159
54831.0,0.0,0.01618671976029873
54832.0,0.0,0.027021421119570732
54833.0,0.0,0.057245396077632904
54834.0,0.0,0.024970166385173798
54835.0,0.0,0.02314114384353161
54836.0,0.0,0.011426706798374653
54837.0,0.0,0.02660154178738594
54838.0,0.0,0.015878908336162567
54839.0,0.0,0.016994355246424675
54840.0,0.0,0.0262258630245924
54841.0,0.0,0.01081225648522377
54842.0,0.0,0.016994355246424675
54843.0,0.0,0.023887183517217636
54844.0,1.0,0.02360360138118267
54845.0,0.0,0.02544485405087471
54846.0,0.0,0.0013608243316411972
54847.0,0.0,0.024906201288104057
54848.0,0.0,0.05795514956116676
54849.0,0.0,0.027341853827238083
54850.0,0.0,0.023887183517217636
54851.0,0.0,0.025771109387278557
54852.0,0.0,0.016435613855719566
54853.0,0.0,0.02893596701323986
54854.0,0.0,0.02902810275554657
54855.0,1.0,0.48198366165161133
54856.0,0.0,0.024717602878808975
54857.0,0.0,0.042833440005779266
54858.0,0.0,0.01574668474495411
54859.0,0.0,0.014909934252500534
54860.0,0.0,0.02521074190735817
54861.0,0.0,0.02236247807741165
54862.0,0.0,0.016435613855719566
54863.0,0.0,0.0017288743983954191
54864.0,0.0,0.02632135897874832
54865.0,0.0,0.01678997464478016
54866.0,1.0,0.05983950197696686
54867.0,0.0,0.022451452910900116
54868.0,0.0,0.016529247164726257
54869.0,0.0,0.024906201288104057
54870.0,0.0,0.003244467545300722
54871.0,0.0,0.02061801590025425
54872.0,0.0,0.03611791133880615
54873.0,1.0,0.7677450180053711
54874.0,0.0,0.02481570467352867
54875.0,1.0,0.05623804032802582
54876.0,0.0,0.030525844544172287
54877.0,0.0,0.05552269518375397
54878.0,0.0,0.036715295165777206
54879.0,0.0,0.023636609315872192
54880.0,0.0,0.024906201288104057
54881.0,0.0,0.017969094216823578
54882.0,0.0,0.06465663015842438
54883.0,0.0,0.02663862146437168
54884.0,1.0,0.3653699457645416
54885.0,0.0,0.02465379238128662
54886.0,0.0,0.027341853827238083
54887.0,0.0,0.025771109387278557
54888.0,1.0,0.4342096447944641
54889.0,0.0,0.02236247807741165
54890.0,0.0,0.025771109387278557
54891.0,0.0,0.015413998626172543
54892.0,0.0,0.017969094216823578
54893.0,0.0,0.0013714581727981567
54894.0,0.0,0.025771109387278557
54895.0,0.0,0.02544485405087471
54896.0,0.0,0.024590618908405304
54897.0,0.0,0.02179497294127941
54898.0,0.0,0.0029243326280266047
54899.0,0.0,0.0016337033594027162
54900.0,0.0,0.01722889207303524
54901.0,0.0,0.025771109387278557
54902.0,0.0,0.025005033239722252
54903.0,0.0,0.060583945363759995
54904.0,0.0,0.01506237406283617
54905.0,0.0,0.01899777166545391
54906.0,0.0,0.017969094216823578
54907.0,0.0,0.028332654386758804
54908.0,0.0,0.026425663381814957
54909.0,0.0,0.02536497637629509
54910.0,0.0,0.025771109387278557
54911.0,0.0,0.06302212178707123
54912.0,0.0,0.022451452910900116
54913.0,0.0,0.0012720894301310182
54914.0,0.0,0.02314114384353161
54915.0,0.0,0.014992437325417995
54916.0,0.0,0.02632135897874832
54917.0,0.0,0.02314114384353161
54918.0,0.0,0.029136408120393753
54919.0,0.0,0.01575755886733532
54920.0,0.0,0.014870388433337212
54921.0,1.0,0.015938570722937584
54922.0,0.0,0.026141773909330368
54923.0,0.0,0.022331207990646362
54924.0,0.0,0.025245940312743187
54925.0,0.0,0.05983950197696686
54926.0,0.0,0.015028689987957478
54927.0,0.0,0.03024076670408249
54928.0,0.0,0.015856554731726646
54929.0,0.0,0.024906201288104057
54930.0,0.0,0.025771109387278557
54931.0,1.0,0.4800378084182739
54932.0,0.0,0.02314114384353161
54933.0,0.0,0.028018031269311905
54934.0,0.0,0.0013916846364736557
54935.0,0.0,0.02632135897874832
54936.0,0.0,0.017008891329169273
54937.0,0.0,0.01013657171279192
54938.0,0.0,0.023887183517217636
54939.0,0.0,0.024906201288104057
54940.0,0.0,0.01679009385406971
54941.0,0.0,0.05522727221250534
54942.0,0.0,0.4392189085483551
54943.0,0.0,0.025771109387278557
54944.0,0.0,0.025771109387278557
54945.0,0.0,0.07204536348581314
54946.0,0.0,0.02445853315293789
54947.0,0.0,0.016435613855719566
54948.0,0.0,0.06101447343826294
54949.0,0.0,0.025873281061649323
54950.0,0.0,0.025245940312743187
54951.0,0.0,0.024906201288104057
54952.0,0.0,0.024871468544006348
54953.0,0.0,0.024906201288104057
54954.0,0.0,0.025771109387278557
54955.0,0.0,0.016225576400756836
54956.0,0.0,0.025771109387278557
54957.0,0.0,0.00146260648034513
54958.0,0.0,0.023887183517217636
54959.0,0.0,0.016293639317154884
54960.0,0.0,0.3423704206943512
54961.0,0.0,0.017378058284521103
54962.0,0.0,0.025310751050710678
54963.0,0.0,0.059325143694877625
54964.0,1.0,0.05530938133597374
54965.0,0.0,0.014243694953620434
54966.0,0.0,0.025550583377480507
54967.0,0.0,0.055439580231904984
54968.0,0.0,0.016225576400756836
54969.0,0.0,0.010245205834507942
54970.0,0.0,0.024717602878808975
54971.0,0.0,0.02521074190735817
54972.0,0.0,0.014323829673230648
54973.0,0.0,0.017969094216823578
54974.0,0.0,0.014243694953620434
54975.0,0.0,0.036266032606363297
54976.0,0.0,0.026425663381814957
54977.0,0.0,0.017810726538300514
54978.0,0.0,0.025005033239722252
54979.0,0.0,0.024555636569857597
54980.0,0.0,0.05902445688843727
54981.0,0.0,0.029535578563809395
54982.0,0.0,0.016435613855719566
54983.0,0.0,0.01899777166545391
54984.0,0.0,0.02314114384353161
54985.0,0.0,0.029535578563809395
54986.0,0.0,0.02481570467352867
54987.0,0.0,0.024871468544006348
54988.0,0.0,0.06428132206201553
54989.0,0.0,0.015413998626172543
54990.0,0.0,0.03634200617671013
54991.0,0.0,0.02660154178738594
54992.0,0.0,0.023887183517217636
54993.0,0.0,0.0014202744932845235
54994.0,0.0,0.024906201288104057
54995.0,0.0,0.02355126105248928
54996.0,0.0,0.025005033239722252
54997.0,0.0,0.02314114384353161
54998.0,0.0,0.025913292542099953
54999.0,0.0,0.06175331398844719
55000.0,0.0,0.3513956665992737
55001.0,0.0,0.015878908336162567
55002.0,0.0,0.03967888653278351
55003.0,0.0,0.016435613855719566
55004.0,0.0,0.0012283599935472012
55005.0,0.0,0.010836593806743622
55006.0,0.0,0.02314114384353161
55007.0,0.0,0.02236247807741165
55008.0,0.0,0.0013140484225004911
55009.0,0.0,0.024289600551128387
55010.0,0.0,0.024717602878808975
55011.0,0.0,0.027234036475419998
55012.0,0.0,0.0012333538616076112
55013.0,0.0,0.03380919620394707
55014.0,0.0,0.0014202744932845235
55015.0,0.0,0.010245205834507942
55016.0,0.0,0.024871468544006348
55017.0,0.0,0.01704694889485836
55018.0,0.0,0.0271811094135046
55019.0,0.0,0.025245940312743187
55020.0,0.0,0.06326156854629517
55021.0,0.0,0.024871468544006348
55022.0,0.0,0.016062738373875618
55023.0,0.0,0.016112567856907845
55024.0,0.0,0.02628469653427601
55025.0,0.0,0.0016615756321698427
55026.0,0.0,0.0013808943331241608
55027.0,0.0,0.02734609693288803
55028.0,0.0,0.011426706798374653
55029.0,0.0,0.025005033239722252
55030.0,0.0,0.015413998626172543
55031.0,0.0,0.01722889207303524
55032.0,0.0,0.0014078195672482252
55033.0,0.0,0.0633791908621788
55034.0,0.0,0.025873281061649323
55035.0,0.0,0.023922305554151535
55036.0,1.0,0.44021958112716675
55037.0,0.0,0.04019296169281006
55038.0,0.0,0.02413793094456196
55039.0,0.0,0.025771109387278557
55040.0,0.0,0.0034886039793491364
55041.0,0.0,0.024906201288104057
55042.0,0.0,0.026122327893972397
55043.0,0.0,0.028332654386758804
55044.0,0.0,0.015413998626172543
55045.0,0.0,0.026122327893972397
55046.0,0.0,0.023948587477207184
55047.0,0.0,0.01133112795650959
55048.0,0.0,0.06021404266357422
55049.0,0.0,0.0013895576121285558
55050.0,0.0,0.003318615024909377
55051.0,0.0,0.024871468544006348
55052.0,0.0,0.32667824625968933
55053.0,0.0,0.023887183517217636
55054.0,0.0,0.026301685720682144
55055.0,0.0,0.028085563331842422
55056.0,0.0,0.019073618575930595
55057.0,0.0,0.017969094216823578
55058.0,0.0,0.024556316435337067
55059.0,0.0,0.0012720894301310182
55060.0,0.0,0.06511613726615906
55061.0,0.0,0.014175931923091412
55062.0,0.0,0.42969629168510437
55063.0,0.0,0.025771109387278557
55064.0,0.0,0.02628469653427601
55065.0,0.0,0.02854803204536438
55066.0,0.0,0.0014202744932845235
55067.0,0.0,0.024906201288104057
55068.0,0.0,0.03959309309720993
55069.0,0.0,0.04332609102129936
55070.0,0.0,0.054758843034505844
55071.0,0.0,0.01618671976029873
55072.0,0.0,0.024906201288104057
55073.0,0.0,0.024717602878808975
55074.0,0.0,0.05741441249847412
55075.0,0.0,0.024906201288104057
55076.0,0.0,0.03563554584980011
55077.0,0.0,0.4508828818798065
55078.0,0.0,0.018215972930192947
55079.0,0.0,0.027234036475419998
55080.0,0.0,0.027913730591535568
55081.0,0.0,0.02559009939432144
55082.0,0.0,0.05795514956116676
55083.0,0.0,0.0013663552235811949
55084.0,0.0,0.027234036475419998
55085.0,0.0,0.13400940597057343
55086.0,0.0,0.013825992122292519
55087.0,0.0,0.025873281061649323
55088.0,0.0,0.0013608243316411972
55089.0,0.0,0.05447521060705185
55090.0,0.0,0.06722301989793777
55091.0,0.0,0.06175331398844719
55092.0,0.0,0.0014260467141866684
55093.0,0.0,0.03740875422954559
55094.0,0.0,0.0013886369997635484
55095.0,0.0,0.025771109387278557
55096.0,0.0,0.025873281061649323
55097.0,0.0,0.0015549295349046588
55098.0,1.0,0.43026041984558105
55099.0,0.0,0.06021404266357422
55100.0,0.0,0.004877438303083181
55101.0,0.0,0.018040908500552177
55102.0,1.0,0.4455717206001282
55103.0,0.0,0.018288765102624893
55104.0,0.0,0.0018661250360310078
55105.0,0.0,0.4426445960998535
55106.0,0.0,0.025873281061649323
55107.0,0.0,0.0016337033594027162
55108.0,0.0,0.025771109387278557
55109.0,0.0,0.05902445688843727
55110.0,0.0,0.025545770302414894
55111.0,0.0,0.0013536671176552773
55112.0,0.0,0.0012106910580769181
55113.0,0.0,0.017969094216823578
55114.0,0.0,0.023616880178451538
55115.0,0.0,0.015223466791212559
55116.0,0.0,0.023616880178451538
55117.0,0.0,0.049772925674915314
55118.0,0.0,0.02236247807741165
55119.0,0.0,0.003230641596019268
55120.0,0.0,0.015556056052446365
55121.0,0.0,0.027234036475419998
55122.0,0.0,0.015202022157609463
55123.0,0.0,0.02641528844833374
55124.0,0.0,0.01899777166545391
55125.0,0.0,0.02660154178738594
55126.0,1.0,0.42113515734672546
55127.0,0.0,0.02544485405087471
55128.0,0.0,0.0262258630245924
55129.0,0.0,0.02854803204536438
55130.0,0.0,0.01899777166545391
55131.0,0.0,0.025771109387278557
55132.0,0.0,0.05705420672893524
55133.0,0.0,0.06935068964958191
55134.0,0.0,0.011426706798374653
55135.0,0.0,0.024906201288104057
55136.0,0.0,0.025550583377480507
55137.0,0.0,0.016122156754136086
55138.0,0.0,0.05400810018181801
55139.0,0.0,0.03838136047124863
55140.0,1.0,0.4392189085483551
55141.0,0.0,0.014891373924911022
55142.0,0.0,0.016435613855719566
55143.0,0.0,0.037497278302907944
55144.0,0.0,0.02826070226728916
55145.0,0.0,0.015046621672809124
55146.0,0.0,0.016122156754136086
55147.0,0.0,0.014243694953620434
55148.0,0.0,0.025873281061649323
55149.0,0.0,0.02398207224905491
55150.0,0.0,0.0013608243316411972
55151.0,0.0,0.06344211101531982
55152.0,0.0,0.05860500782728195
55153.0,0.0,0.04041016474366188
55154.0,0.0,0.02236247807741165
55155.0,0.0,0.017969094216823578
55156.0,0.0,0.023853830993175507
55157.0,0.0,0.05708349123597145
55158.0,0.0,0.025905048474669456
55159.0,0.0,0.026141773909330368
55160.0,0.0,0.025873281061649323
55161.0,0.0,0.02526475116610527
55162.0,0.0,0.02749258652329445
55163.0,0.0,0.024906201288104057
55164.0,0.0,0.0015030310023576021
55165.0,0.0,0.05522727221250534
55166.0,0.0,0.029021726921200752
55167.0,0.0,0.056276835501194
55168.0,0.0,0.014223608188331127
55169.0,0.0,0.4616709053516388
55170.0,0.0,0.016362937167286873
55171.0,0.0,0.0014018514193594456
55172.0,0.0,0.025346089154481888
55173.0,0.0,0.015856554731726646
55174.0,0.0,0.016270712018013
55175.0,0.0,0.3513956665992737
55176.0,0.0,0.003264355706050992
55177.0,0.0,0.0017288743983954191
55178.0,0.0,0.016435613855719566
55179.0,0.0,0.024717602878808975
55180.0,0.0,0.025771109387278557
55181.0,0.0,0.023721186444163322
55182.0,0.0,0.016529247164726257
55183.0,0.0,0.010113470256328583
55184.0,0.0,0.02660154178738594
55185.0,0.0,0.02632135897874832
55186.0,0.0,0.02632135897874832
55187.0,0.0,0.0013663552235811949
55188.0,0.0,0.02632135897874832
55189.0,0.0,0.06375277787446976
55190.0,0.0,0.036800939589738846
55191.0,0.0,0.13563038408756256
55192.0,0.0,0.025771109387278557
55193.0,0.0,0.01507534645497799
55194.0,0.0,0.024717602878808975
55195.0,0.0,0.02481570467352867
55196.0,0.0,0.027234036475419998
55197.0,0.0,0.0012283599935472012
55198.0,1.0,0.060015689581632614
55199.0,0.0,0.025005033239722252
55200.0,0.0,0.011426706798374653
55201.0,0.0,0.023922305554151535
55202.0,0.0,0.024906201288104057
55203.0,0.0,0.017378058284521103
55204.0,0.0,0.02445853315293789
55205.0,0.0,0.059325143694877625
55206.0,0.0,0.024970166385173798
55207.0,0.0,0.0013536671176552773
55208.0,0.0,0.031205356121063232
55209.0,0.0,0.014961141161620617
55210.0,0.0,0.0014018514193594456
55211.0,0.0,0.019073618575930595
55212.0,0.0,0.025771109387278557
55213.0,0.0,0.03749186545610428
55214.0,0.0,0.016122156754136086
55215.0,0.0,0.3275723159313202
55216.0,0.0,0.02591816894710064
55217.0,0.0,0.025227047502994537
55218.0,0.0,0.027234036475419998
55219.0,0.0,0.027234036475419998
55220.0,0.0,0.015556056052446365
55221.0,0.0,0.05476207286119461
55222.0,0.0,0.4037907123565674
55223.0,0.0,0.025550583377480507
55224.0,0.0,0.015856554731726646
55225.0,0.0,0.015116751194000244
55226.0,0.0,0.017336970195174217
55227.0,0.0,0.02826070226728916
55228.0,0.0,0.003296883078292012
55229.0,0.0,0.027341853827238083
55230.0,0.0,0.024556316435337067
55231.0,1.0,0.6040259003639221
55232.0,0.0,0.015856554731726646
55233.0,0.0,0.05730250105261803
55234.0,0.0,0.014211892150342464
55235.0,0.0,0.026744144037365913
55236.0,0.0,0.024590618908405304
55237.0,0.0,0.0037342156283557415
55238.0,0.0,0.015856554731726646
55239.0,0.0,0.01629883050918579
55240.0,0.0,0.02358420193195343
55241.0,0.0,0.00146260648034513
55242.0,0.0,0.025873281061649323
55243.0,0.0,0.0242068562656641
55244.0,0.0,0.014891373924911022
55245.0,0.0,0.06175331398844719
55246.0,0.0,0.023887183517217636
55247.0,0.0,0.061627063900232315
55248.0,0.0,0.025873281061649323
55249.0,0.0,0.015916068106889725
55250.0,0.0,0.02481570467352867
55251.0,0.0,0.028748469427227974
55252.0,0.0,0.02236247807741165
55253.0,0.0,0.022420059889554977
55254.0,0.0,0.43026041984558105
55255.0,0.0,0.024944746866822243
55256.0,1.0,0.024906201288104057
55257.0,0.0,0.025771109387278557
55258.0,0.0,0.023887183517217636
55259.0,0.0,0.025005033239722252
55260.0,0.0,0.024871468544006348
55261.0,0.0,0.023887183517217636
55262.0,0.0,0.015638090670108795
55263.0,0.0,0.027234036475419998
55264.0,0.0,0.0014078195672482252
55265.0,0.0,0.0031891600228846073
55266.0,0.0,0.025005033239722252
55267.0,0.0,0.039073653519153595
55268.0,0.0,0.03574252501130104
55269.0,0.0,0.026122327893972397
55270.0,1.0,0.4436468780040741
55271.0,0.0,0.024727489799261093
55272.0,1.0,0.02632135897874832
55273.0,0.0,0.015041153877973557
55274.0,0.0,0.05795514956116676
55275.0,0.0,0.024906201288104057
55276.0,0.0,0.01678997464478016
55277.0,0.0,0.024590618908405304
55278.0,0.0,0.025771109387278557
55279.0,0.0,0.04019296169281006
55280.0,0.0,0.36442863941192627
55281.0,0.0,0.035236213356256485
55282.0,0.0,0.02544485405087471
55283.0,0.0,0.05812613666057587
55284.0,0.0,0.023612098768353462
55285.0,0.0,0.02814936637878418
55286.0,0.0,0.0014551917556673288
55287.0,0.0,0.025545770302414894
55288.0,0.0,0.003526357701048255
55289.0,0.0,0.02314114384353161
55290.0,0.0,0.015878908336162567
55291.0,0.0,0.017739813774824142
55292.0,0.0,0.02113618329167366
55293.0,0.0,0.02207839861512184
55294.0,0.0,0.025245940312743187
55295.0,1.0,0.04260427877306938
55296.0,0.0,0.024717602878808975
55297.0,0.0,0.06635303795337677
55298.0,0.0,0.025005033239722252
55299.0,0.0,0.0013140484225004911
55300.0,0.0,0.05538422241806984
55301.0,0.0,0.025005033239722252
55302.0,0.0,0.8527628779411316
55303.0,0.0,0.02323314920067787
55304.0,0.0,0.014891373924911022
55305.0,0.0,0.02596247009932995
55306.0,0.0,0.041182391345500946
55307.0,0.0,0.04094049707055092
55308.0,0.0,0.013729458674788475
55309.0,0.0,0.0014018514193594456
55310.0,0.0,0.0012720894301310182
55311.0,0.0,0.02560640685260296
55312.0,1.0,0.40344616770744324
55313.0,0.0,0.01133112795650959
55314.0,0.0,0.02236247807741165
55315.0,0.0,0.035823285579681396
55316.0,0.0,0.02632135897874832
55317.0,0.0,0.07086120545864105
55318.0,0.0,0.024871468544006348
55319.0,0.0,0.014297300949692726
55320.0,0.0,0.015345773659646511
55321.0,0.0,0.020220642909407616
55322.0,0.0,0.02885267697274685
55323.0,0.0,0.04268879443407059
55324.0,0.0,0.02061801590025425
55325.0,1.0,0.016062738373875618
55326.0,0.0,0.02314114384353161
55327.0,0.0,0.0035560638643801212
55328.0,0.0,0.01704694889485836
55329.0,0.0,0.015856554731726646
55330.0,0.0,0.03556228429079056
55331.0,0.0,0.023922305554151535
55332.0,0.0,0.003643670119345188
55333.0,0.0,0.0016755778342485428
55334.0,0.0,0.0013714581727981567
55335.0,0.0,0.03893374651670456
55336.0,0.0,0.025005033239722252
55337.0,0.0,0.024123454466462135
55338.0,0.0,0.0246882326900959
55339.0,0.0,0.016435613855719566
55340.0,0.0,0.0013608243316411972
55341.0,0.0,0.45423975586891174
55342.0,0.0,0.038683369755744934
55343.0,0.0,0.015223466791212559
55344.0,0.0,0.01133112795650959
55345.0,0.0,0.06349930912256241
55346.0,0.0,0.0263888631016016
55347.0,0.0,0.0012720894301310182
55348.0,0.0,0.017810726538300514
55349.0,0.0,0.016994355246424675
55350.0,0.0,0.024906201288104057
55351.0,0.0,0.014243694953620434
55352.0,0.0,0.022420059889554977
55353.0,1.0,0.4713025689125061
55354.0,0.0,0.02236247807741165
55355.0,0.0,0.02445853315293789
55356.0,0.0,0.05812613666057587
55357.0,0.0,0.02314114384353161
55358.0,0.0,0.017336970195174217
55359.0,0.0,0.0014018514193594456
55360.0,0.0,0.013551066629588604
55361.0,0.0,0.017378058284521103
55362.0,0.0,0.06549248099327087
55363.0,0.0,0.02632135897874832
55364.0,0.0,0.028148459270596504
55365.0,0.0,0.026265054941177368
55366.0,0.0,0.02419760823249817
55367.0,0.0,0.02663862146437168
55368.0,0.0,0.06021404266357422
55369.0,0.0,0.025873281061649323
55370.0,0.0,0.02482563816010952
55371.0,0.0,0.0014202744932845235
55372.0,0.0,0.0263888631016016
55373.0,0.0,0.0012464794563129544
55374.0,0.0,0.02544485405087471
55375.0,0.0,0.014243694953620434
55376.0,0.0,0.02663862146437168
55377.0,0.0,0.031980905681848526
55378.0,0.0,0.02667977847158909
55379.0,0.0,0.016446709632873535
55380.0,0.0,0.025550583377480507
55381.0,0.0,0.022938264533877373
55382.0,0.0,0.05326210707426071
55383.0,1.0,0.4392189085483551
55384.0,0.0,0.01575755886733532
55385.0,0.0,0.02536497637629509
55386.0,0.0,0.07257384061813354
55387.0,0.0,0.017969094216823578
55388.0,0.0,0.025771109387278557
55389.0,0.0,0.015502897091209888
55390.0,0.0,0.017378058284521103
55391.0,0.0,0.025771109387278557
55392.0,0.0,0.014891373924911022
55393.0,0.0,0.0014260467141866684
55394.0,1.0,0.0246882326900959
55395.0,0.0,0.02902810275554657
55396.0,0.0,0.02358420193195343
55397.0,0.0,0.06512225419282913
55398.0,0.0,0.013124067336320877
55399.0,0.0,0.025283005088567734
55400.0,0.0,0.0013121713418513536
55401.0,0.0,0.4122503101825714
55402.0,0.0,0.025771109387278557
55403.0,0.0,0.013356479816138744
55404.0,0.0,0.025771109387278557
55405.0,0.0,0.017969094216823578
55406.0,0.0,0.027234036475419998
55407.0,0.0,0.02544485405087471
55408.0,0.0,0.0013714581727981567
55409.0,0.0,0.05105408653616905
55410.0,0.0,0.015413998626172543
55411.0,0.0,0.015438084490597248
55412.0,0.0,0.015223466791212559
55413.0,0.0,0.03749186545610428
55414.0,0.0,0.02641528844833374
55415.0,0.0,0.02323314920067787
55416.0,0.0,0.024970166385173798
55417.0,0.0,0.07086120545864105
55418.0,0.0,0.015028689987957478
55419.0,0.0,0.001298092189244926
55420.0,0.0,0.02389991655945778
55421.0,0.0,0.02624538727104664
55422.0,0.0,0.025771109387278557
55423.0,0.0,0.038782041519880295
55424.0,0.0,0.025873281061649323
55425.0,0.0,0.024717602878808975
55426.0,0.0,0.014777462929487228
55427.0,0.0,0.023474901914596558
55428.0,1.0,0.026301685720682144
55429.0,0.0,0.02236247807741165
55430.0,0.0,0.0013714581727981567
55431.0,0.0,0.016435613855719566
55432.0,0.0,0.023887183517217636
55433.0,0.0,0.0013714581727981567
55434.0,0.0,0.015556056052446365
55435.0,0.0,0.029535578563809395
55436.0,0.0,0.02445853315293789
55437.0,0.0,0.0012720894301310182
55438.0,0.0,0.04095249995589256
55439.0,0.0,0.025514967739582062
55440.0,0.0,0.054078761488199234
55441.0,0.0,0.015898684039711952
55442.0,0.0,0.037697598338127136
55443.0,0.0,0.024906201288104057
55444.0,0.0,0.024556316435337067
55445.0,0.0,0.02445853315293789
55446.0,0.0,0.01729780063033104
55447.0,0.0,0.02663702517747879
55448.0,0.0,0.0038030759897083044
55449.0,0.0,0.02526475116610527
55450.0,0.0,0.0012283599935472012
55451.0,0.0,0.025771109387278557
55452.0,0.0,0.022685261443257332
55453.0,0.0,0.030025148764252663
55454.0,0.0,0.03789416328072548
55455.0,0.0,0.025771109387278557
55456.0,0.0,0.025771109387278557
55457.0,0.0,0.4426445960998535
55458.0,0.0,0.016097549349069595
55459.0,1.0,0.43704754114151
55460.0,0.0,0.022847406566143036
55461.0,0.0,0.025771109387278557
55462.0,0.0,0.024556316435337067
55463.0,0.0,0.03950551897287369
55464.0,0.0,0.05889163166284561
55465.0,0.0,0.025229530408978462
55466.0,0.0,0.025771109387278557
55467.0,0.0,0.016994355246424675
55468.0,0.0,0.02236247807741165
55469.0,0.0,0.04075709730386734
55470.0,0.0,0.025771109387278557
55471.0,0.0,0.03598108887672424
55472.0,1.0,0.7825589776039124
55473.0,0.0,0.015590906143188477
55474.0,0.0,0.40732526779174805
55475.0,0.0,0.024871468544006348
55476.0,0.0,0.0014752917923033237
55477.0,0.0,0.025771109387278557
55478.0,0.0,0.023887183517217636
55479.0,0.0,0.0014752917923033237
55480.0,0.0,0.02314114384353161
55481.0,0.0,0.026744144037365913
55482.0,0.0,0.4442150890827179
55483.0,0.0,0.024717602878808975
55484.0,0.0,0.025771109387278557
55485.0,0.0,0.02893596701323986
55486.0,0.0,0.05364430323243141
55487.0,0.0,0.061544325202703476
55488.0,0.0,0.014777462929487228
55489.0,0.0,0.027234036475419998
55490.0,0.0,0.023853830993175507
55491.0,0.0,0.026141773909330368
55492.0,0.0,0.039073653519153595
55493.0,0.0,0.016674311831593513
55494.0,0.0,0.0014672224642708898
55495.0,0.0,0.023679625242948532
55496.0,0.0,0.0013608243316411972
55497.0,0.0,0.05159967020153999
55498.0,0.0,0.019073618575930595
55499.0,0.0,0.05708349123597145
55500.0,0.0,0.05795514956116676
55501.0,0.0,0.028332654386758804
55502.0,1.0,0.9759682416915894
55503.0,0.0,0.027341853827238083
55504.0,0.0,0.05798350274562836
55505.0,0.0,0.024906201288104057
55506.0,0.0,0.05607227236032486
55507.0,0.0,0.014700775034725666
55508.0,0.0,0.050298530608415604
55509.0,0.0,0.06113040819764137
55510.0,0.0,0.024327654391527176
55511.0,0.0,0.025873281061649323
55512.0,0.0,0.01899777166545391
55513.0,0.0,0.02314114384353161
55514.0,0.0,0.025873281061649323
55515.0,0.0,0.06456372141838074
55516.0,0.0,0.024906201288104057
55517.0,0.0,0.02445853315293789
55518.0,0.0,0.02314114384353161
55519.0,1.0,0.7712129354476929
55520.0,0.0,0.016622358933091164
55521.0,0.0,0.015878908336162567
55522.0,0.0,0.027234036475419998
55523.0,1.0,0.7167884707450867
55524.0,0.0,0.0013714581727981567
55525.0,0.0,0.025771109387278557
55526.0,0.0,0.024906201288104057
55527.0,0.0,0.02314114384353161
55528.0,0.0,0.027234036475419998
55529.0,0.0,0.01750681735575199
55530.0,0.0,0.01899777166545391
55531.0,0.0,0.018215972930192947
55532.0,0.0,0.0016670853365212679
55533.0,0.0,0.014621013775467873
55534.0,0.0,0.02544485405087471
55535.0,0.0,0.017336970195174217
55536.0,0.0,0.01607489213347435
55537.0,0.0,0.018040908500552177
55538.0,0.0,0.026301685720682144
55539.0,0.0,0.025771109387278557
55540.0,0.0,0.018215972930192947
55541.0,0.0,0.05628763884305954
55542.0,0.0,0.02236247807741165
55543.0,0.0,0.024906201288104057
55544.0,1.0,0.36442863941192627
55545.0,1.0,0.4856451153755188
55546.0,0.0,0.02544485405087471
55547.0,0.0,0.025873281061649323
55548.0,0.0,0.0015612490242347121
55549.0,0.0,0.024556316435337067
55550.0,0.0,0.026425663381814957
55551.0,0.0,0.029535578563809395
55552.0,0.0,0.4392189085483551
55553.0,0.0,0.025005033239722252
55554.0,0.0,0.0014202744932845235
55555.0,0.0,0.02663862146437168
55556.0,0.0,0.025245940312743187
55557.0,0.0,0.025771109387278557
55558.0,0.0,0.025873281061649323
55559.0,0.0,0.027341853827238083
55560.0,0.0,0.04093634709715843
55561.0,0.0,0.027234036475419998
55562.0,0.0,0.024906201288104057
55563.0,0.0,0.3513956665992737
55564.0,0.0,0.027341853827238083
55565.0,0.0,0.025771109387278557
55566.0,0.0,0.027234036475419998
55567.0,0.0,0.014743927866220474
55568.0,0.0,0.02521074190735817
55569.0,0.0,0.011716638691723347
55570.0,0.0,0.05730250105261803
55571.0,0.0,0.02507074922323227
55572.0,0.0,0.02526475116610527
55573.0,0.0,0.02314114384353161
55574.0,0.0,0.02481570467352867
55575.0,0.0,0.024906201288104057
55576.0,0.0,0.024717602878808975
55577.0,0.0,0.02632135897874832
55578.0,0.0,0.025771109387278557
55579.0,0.0,0.026122327893972397
55580.0,0.0,0.024906201288104057
55581.0,0.0,0.04019296169281006
55582.0,0.0,0.024906201288104057
55583.0,0.0,0.025771109387278557
55584.0,0.0,0.017969094216823578
55585.0,0.0,0.0013608243316411972
55586.0,0.0,0.015979811549186707
55587.0,0.0,0.056211650371551514
55588.0,0.0,0.0014202744932845235
55589.0,0.0,0.0031792332883924246
55590.0,0.0,0.0013916846364736557
55591.0,0.0,0.015413998626172543
55592.0,0.0,0.02521074190735817
55593.0,0.0,0.0014898506924510002
55594.0,0.0,0.015916068106889725
55595.0,0.0,0.024906201288104057
55596.0,0.0,0.0013140484225004911
55597.0,0.0,0.015638090670108795
55598.0,0.0,0.02521074190735817
55599.0,0.0,0.01574668474495411
55600.0,0.0,0.01133112795650959
55601.0,0.0,0.42969629168510437
55602.0,0.0,0.02445853315293789
55603.0,0.0,0.0031331481877714396
55604.0,0.0,0.025073513388633728
55605.0,0.0,0.02440434880554676
55606.0,0.0,0.3275723159313202
55607.0,0.0,0.025545770302414894
55608.0,0.0,0.0014502613339573145
55609.0,0.0,0.024906201288104057
55610.0,0.0,0.059250447899103165
55611.0,0.0,0.003708237549290061
55612.0,0.0,0.0014260467141866684
55613.0,0.0,0.024717602878808975
55614.0,0.0,0.0033153772819787264
55615.0,0.0,0.027234036475419998
55616.0,0.0,0.0263888631016016
55617.0,0.0,0.023887183517217636
55618.0,0.0,0.025873281061649323
55619.0,0.0,0.055597104132175446
55620.0,0.0,0.02314114384353161
55621.0,0.0,0.025005033239722252
55622.0,0.0,0.0014260467141866684
55623.0,0.0,0.017969094216823578
55624.0,1.0,0.024590618908405304
55625.0,0.0,0.0013963785022497177
55626.0,0.0,0.02628469653427601
55627.0,0.0,0.0014401210937649012
55628.0,0.0,0.017184067517518997
55629.0,0.0,0.025873281061649323
55630.0,0.0,0.024906201288104057
55631.0,0.0,0.014870388433337212
55632.0,0.0,0.024906201288104057
55633.0,0.0,0.025771109387278557
55634.0,0.0,0.05983950197696686
55635.0,0.0,0.0416160449385643
55636.0,0.0,0.02663862146437168
55637.0,1.0,0.4016226828098297
55638.0,0.0,0.0014632827369496226
55639.0,0.0,0.04243891313672066
55640.0,0.0,0.04152005538344383
55641.0,0.0,0.017378058284521103
55642.0,0.0,0.0014202744932845235
55643.0,0.0,0.022249950096011162
55644.0,0.0,0.013648834079504013
55645.0,0.0,0.4392189085483551
55646.0,0.0,0.0013160249218344688
55647.0,0.0,0.02632135897874832
55648.0,0.0,0.0015030310023576021
55649.0,0.0,0.025771109387278557
55650.0,0.0,0.02641528844833374
55651.0,0.0,0.06302212178707123
55652.0,0.0,0.06452606618404388
55653.0,0.0,0.015878908336162567
55654.0,0.0,0.027234036475419998
55655.0,0.0,0.06368388235569
55656.0,0.0,0.0015030310023576021
55657.0,0.0,0.010268616490066051
55658.0,0.0,0.014223608188331127
55659.0,0.0,0.0013714581727981567
55660.0,1.0,0.07265160977840424
55661.0,0.0,0.4122503101825714
55662.0,0.0,0.0034331486094743013
55663.0,0.0,0.018288765102624893
55664.0,0.0,0.0014260467141866684
55665.0,1.0,0.9795085191726685
55666.0,0.0,0.02481570467352867
55667.0,0.0,0.417167991399765
55668.0,0.0,0.015671048313379288
55669.0,0.0,0.02663862146437168
55670.0,0.0,0.015438084490597248
55671.0,0.0,0.02481570467352867
55672.0,0.0,0.06212304159998894
55673.0,0.0,0.02544485405087471
55674.0,0.0,0.023636609315872192
55675.0,0.0,0.028332654386758804
55676.0,0.0,0.017969094216823578
55677.0,0.0,0.01081225648522377
55678.0,0.0,0.023721186444163322
55679.0,0.0,0.015938570722937584
55680.0,0.0,0.42014530301094055
55681.0,0.0,0.0036034060176461935
55682.0,0.0,0.010952994227409363
55683.0,0.0,0.05708349123597145
55684.0,0.0,0.024871468544006348
55685.0,0.0,0.02544485405087471
55686.0,0.0,0.017378058284521103
55687.0,0.0,0.028444690629839897
55688.0,0.0,0.027001334354281425
55689.0,0.0,0.02445853315293789
55690.0,0.0,0.024017333984375
55691.0,0.0,0.025043737143278122
55692.0,0.0,0.016435613855719566
55693.0,0.0,0.4360010325908661
55694.0,0.0,0.024906201288104057
55695.0,0.0,0.023887183517217636
55696.0,0.0,0.015724515542387962
55697.0,0.0,0.02814936637878418
55698.0,0.0,0.025771109387278557
55699.0,0.0,0.23806510865688324
55700.0,0.0,0.027234036475419998
55701.0,0.0,0.017969094216823578
55702.0,0.0,0.027234036475419998
55703.0,0.0,0.024717602878808975
55704.0,1.0,0.057245396077632904
55705.0,0.0,0.02632135897874832
55706.0,0.0,0.025245940312743187
55707.0,0.0,0.024433191865682602
55708.0,0.0,0.4637874364852905
55709.0,0.0,0.36442863941192627
55710.0,0.0,0.0014513740316033363
55711.0,0.0,0.0033689364790916443
55712.0,0.0,0.025771109387278557
55713.0,0.0,0.01840336248278618
55714.0,0.0,0.02667977847158909
55715.0,1.0,0.4037907123565674
55716.0,0.0,0.026258056983351707
55717.0,0.0,0.06529925018548965
55718.0,0.0,0.0013694989029318094
55719.0,0.0,0.02663862146437168
55720.0,0.0,0.026405904442071915
55721.0,0.0,0.02481570467352867
55722.0,0.0,0.023887183517217636
55723.0,0.0,0.02814936637878418
55724.0,0.0,0.016122156754136086
55725.0,0.0,0.017336970195174217
55726.0,0.0,0.015590906143188477
55727.0,0.0,0.06332774460315704
55728.0,0.0,0.02381543442606926
55729.0,0.0,0.01704694889485836
55730.0,0.0,0.06344211101531982
55731.0,0.0,0.010113470256328583
55732.0,0.0,0.022847406566143036
55733.0,0.0,0.0015415605157613754
55734.0,0.0,0.01521681435406208
55735.0,0.0,0.015878908336162567
55736.0,1.0,0.35549959540367126
55737.0,0.0,0.025873281061649323
55738.0,0.0,0.024871468544006348
55739.0,0.0,0.02236247807741165
55740.0,0.0,0.025550583377480507
55741.0,0.0,0.016122156754136086
55742.0,0.0,0.027234036475419998
55743.0,0.0,0.015223466791212559
55744.0,0.0,0.001447077956981957
55745.0,0.0,0.017739813774824142
55746.0,0.0,0.025771109387278557
55747.0,0.0,0.0012772607151418924
55748.0,0.0,0.0018661250360310078
55749.0,0.0,0.05915085971355438
55750.0,0.0,0.017969094216823578
55751.0,0.0,0.023298293352127075
55752.0,0.0,0.014555196277797222
55753.0,0.0,0.014743927866220474
55754.0,0.0,0.036820992827415466
55755.0,0.0,0.027234036475419998
55756.0,0.0,0.025005033239722252
55757.0,1.0,0.43125638365745544
55758.0,0.0,0.025873281061649323
55759.0,0.0,0.018040908500552177
55760.0,0.0,0.015246058814227581
55761.0,0.0,0.03458906710147858
55762.0,0.0,0.017969094216823578
55763.0,0.0,0.023636609315872192
55764.0,0.0,0.025651903823018074
55765.0,0.0,0.02426704578101635
55766.0,0.0,0.43229568004608154
55767.0,0.0,0.027234036475419998
55768.0,0.0,0.015878908336162567
55769.0,0.0,0.0013608243316411972
55770.0,0.0,0.05795514956116676
55771.0,0.0,0.016994355246424675
55772.0,1.0,0.9786472320556641
55773.0,0.0,0.0012283599935472012
55774.0,0.0,0.025550583377480507
55775.0,0.0,0.029652222990989685
55776.0,0.0,0.025873281061649323
55777.0,1.0,0.4874657988548279
55778.0,0.0,0.016121400520205498
55779.0,0.0,0.01678997464478016
55780.0,0.0,0.016293639317154884
55781.0,0.0,0.024906201288104057
55782.0,0.0,0.0013770321384072304
55783.0,0.0,0.035739488899707794
55784.0,0.0,0.8367125391960144
55785.0,0.0,0.02526475116610527
55786.0,0.0,0.053454283624887466
55787.0,0.0,0.025550583377480507
55788.0,0.0,0.015413998626172543
55789.0,0.0,0.030530719086527824
55790.0,0.0,0.024231432005763054
55791.0,0.0,0.02236247807741165
55792.0,0.0,0.06266964226961136
55793.0,0.0,0.024906201288104057
55794.0,0.0,0.002987996442243457
55795.0,0.0,0.0012555853463709354
55796.0,0.0,0.023887183517217636
55797.0,0.0,0.024289600551128387
55798.0,0.0,0.05515262857079506
55799.0,0.0,0.02632135897874832
55800.0,0.0,0.023636609315872192
55801.0,0.0,0.016122156754136086
55802.0,0.0,0.02624538727104664
55803.0,0.0,0.003328826045617461
55804.0,0.0,0.03683403134346008
55805.0,0.0,0.02824964001774788
55806.0,1.0,0.45827165246009827
55807.0,0.0,0.0631110668182373
55808.0,0.0,0.021584980189800262
55809.0,0.0,0.01729780063033104
55810.0,0.0,0.046736687421798706
55811.0,0.0,0.0013193896738812327
55812.0,0.0,0.06113040819764137
55813.0,0.0,0.03975638747215271
55814.0,1.0,0.4532330334186554
55815.0,0.0,0.025771109387278557
55816.0,1.0,0.025642139837145805
55817.0,0.0,0.05237181484699249
55818.0,0.0,0.022847406566143036
55819.0,0.0,0.0013750650687143207
55820.0,0.0,0.04667496308684349
55821.0,0.0,0.02323314920067787
55822.0,0.0,0.017378058284521103
55823.0,0.0,0.0013694989029318094
55824.0,0.0,0.02314114384353161
55825.0,0.0,0.025005033239722252
55826.0,0.0,0.023887183517217636
55827.0,0.0,0.017008891329169273
55828.0,0.0,0.024717602878808975
55829.0,0.0,0.017969094216823578
55830.0,0.0,0.009604624472558498
55831.0,0.0,0.0013462231727316976
55832.0,0.0,0.018040908500552177
55833.0,0.0,0.024906201288104057
55834.0,0.0,0.3431324362754822
55835.0,0.0,0.03563237935304642
55836.0,0.0,0.06715065240859985
55837.0,1.0,0.43026041984558105
55838.0,0.0,0.018215972930192947
55839.0,0.0,0.01636665128171444
55840.0,0.0,0.027234036475419998
55841.0,0.0,0.015223466791212559
55842.0,0.0,0.024717602878808975
55843.0,0.0,0.017969094216823578
55844.0,0.0,0.026301685720682144
55845.0,0.0,0.02236247807741165
55846.0,0.0,0.055364664644002914
55847.0,0.0,0.06995423138141632
55848.0,0.0,0.025771109387278557
55849.0,0.0,0.024717602878808975
55850.0,0.0,0.02475586347281933
55851.0,0.0,0.023697391152381897
55852.0,0.0,0.0173247791826725
55853.0,0.0,0.016674311831593513
55854.0,0.0,0.015734784305095673
55855.0,0.0,0.02236247807741165
55856.0,0.0,0.03653378039598465
55857.0,0.0,0.024906201288104057
55858.0,0.0,0.025771109387278557
55859.0,0.0,0.003152355784550309
55860.0,0.0,0.0014260467141866684
55861.0,0.0,0.06113040819764137
55862.0,0.0,0.027234036475419998
55863.0,0.0,0.025873281061649323
55864.0,0.0,0.030707238242030144
55865.0,0.0,0.02314114384353161
55866.0,0.0,0.0014260467141866684
55867.0,0.0,0.029966790229082108
55868.0,0.0,0.018186988309025764
55869.0,0.0,0.0016337033594027162
55870.0,0.0,0.02314114384353161
55871.0,0.0,0.015107985585927963
55872.0,0.0,0.03967888653278351
55873.0,0.0,0.054758843034505844
55874.0,0.0,0.010952994227409363
55875.0,0.0,0.023887183517217636
55876.0,0.0,0.027341853827238083
55877.0,0.0,0.32380878925323486
55878.0,0.0,0.04041016474366188
55879.0,0.0,0.01678997464478016
55880.0,1.0,0.024906201288104057
55881.0,0.0,0.01641029678285122
55882.0,0.0,0.027234036475419998
55883.0,0.0,0.0013536671176552773
55884.0,0.0,0.016435613855719566
55885.0,0.0,0.018040908500552177
55886.0,0.0,0.011716638691723347
55887.0,0.0,0.027234036475419998
55888.0,0.0,0.01729780063033104
55889.0,1.0,0.024970166385173798
55890.0,0.0,0.025771109387278557
55891.0,0.0,0.025172991678118706
55892.0,0.0,0.025282183662056923
55893.0,0.0,0.025873281061649323
55894.0,0.0,0.02445853315293789
55895.0,0.0,0.023721186444163322
55896.0,0.0,0.025005033239722252
55897.0,0.0,0.010575352236628532
55898.0,0.0,0.025873281061649323
55899.0,0.0,0.025545770302414894
55900.0,0.0,0.4392189085483551
55901.0,0.0,0.0030397623777389526
55902.0,1.0,0.016766361892223358
55903.0,0.0,0.025771109387278557
55904.0,0.0,0.015916068106889725
55905.0,0.0,0.026141773909330368
55906.0,0.0,0.023636609315872192
55907.0,0.0,0.0013807386858388782
55908.0,0.0,0.025771109387278557
55909.0,0.0,0.017969094216823578
55910.0,0.0,0.03901994973421097
55911.0,0.0,0.03865246847271919
55912.0,0.0,0.024906201288104057
55913.0,0.0,0.04354483634233475
55914.0,0.0,0.039917442947626114
55915.0,0.0,0.022331207990646362
55916.0,0.0,0.01562632992863655
55917.0,0.0,0.025771109387278557
55918.0,0.0,0.0229489766061306
55919.0,0.0,0.014743927866220474
55920.0,0.0,0.02663862146437168
55921.0,0.0,0.05795514956116676
55922.0,0.0,0.015986574813723564
55923.0,1.0,0.02314114384353161
55924.0,0.0,0.00410315440967679
55925.0,0.0,0.06136394292116165
55926.0,0.0,0.03968731686472893
55927.0,0.0,0.026301685720682144
55928.0,0.0,0.02854803204536438
55929.0,0.0,0.016777299344539642
55930.0,0.0,0.014743927866220474
55931.0,0.0,0.0014572733780369163
55932.0,0.0,0.06536997854709625
55933.0,0.0,0.015553967095911503
55934.0,0.0,0.016122156754136086
55935.0,0.0,0.015675872564315796
55936.0,0.0,0.0014513740316033363
55937.0,0.0,0.016435613855719566
55938.0,0.0,0.014276108704507351
55939.0,0.0,0.025771109387278557
55940.0,0.0,0.024906201288104057
55941.0,1.0,0.01758851297199726
55942.0,0.0,0.019073618575930595
55943.0,0.0,0.027341853827238083
55944.0,0.0,0.016435613855719566
55945.0,0.0,0.015938570722937584
55946.0,0.0,0.016122156754136086
55947.0,0.0,0.02536497637629509
55948.0,1.0,0.027234036475419998
55949.0,0.0,0.0014898506924510002
55950.0,0.0,0.0013608243316411972
55951.0,0.0,0.023721186444163322
55952.0,0.0,0.42740845680236816
55953.0,0.0,0.02544485405087471
55954.0,0.0,0.0013663552235811949
55955.0,0.0,0.025550583377480507
55956.0,0.0,0.026744144037365913
55957.0,0.0,0.025771109387278557
55958.0,0.0,0.01707693375647068
55959.0,0.0,0.017336970195174217
55960.0,0.0,0.02632135897874832
55961.0,0.0,0.0014202744932845235
55962.0,0.0,0.027913730591535568
55963.0,0.0,0.017739813774824142
55964.0,0.0,0.0035406588576734066
55965.0,0.0,0.4532330334186554
55966.0,0.0,0.0013714581727981567
55967.0,0.0,0.05812613666057587
55968.0,0.0,0.02440434880554676
55969.0,0.0,0.0016823859186843038
55970.0,0.0,0.025771109387278557
55971.0,0.0,0.01955374702811241
55972.0,0.0,0.0015030310023576021
55973.0,0.0,0.038782041519880295
55974.0,0.0,0.023298293352127075
55975.0,0.0,0.011022149585187435
55976.0,0.0,0.01618671976029873
55977.0,0.0,0.05366016924381256
55978.0,0.0,0.008145338855683804
55979.0,0.0,0.01565380021929741
55980.0,0.0,0.02323314920067787
55981.0,0.0,0.01574668474495411
55982.0,0.0,0.0014018514193594456
55983.0,0.0,0.010245205834507942
55984.0,0.0,0.025873281061649323
55985.0,0.0,0.0015030310023576021
55986.0,0.0,0.025771109387278557
55987.0,0.0,0.05795514956116676
55988.0,0.0,0.02419760823249817
55989.0,0.0,0.0246882326900959
55990.0,0.0,0.027234036475419998
55991.0,0.0,0.017739813774824142
55992.0,0.0,0.026744144037365913
55993.0,0.0,0.016674311831593513
55994.0,0.0,0.025771109387278557
55995.0,0.0,0.010836593806743622
55996.0,0.0,0.0014260467141866684
55997.0,0.0,0.025550583377480507
55998.0,0.0,0.02663862146437168
55999.0,0.0,0.02632135897874832
56000.0,0.0,0.0033409851603209972
56001.0,0.0,0.017336970195174217
56002.0,1.0,0.0262258630245924
56003.0,0.0,0.02628469653427601
56004.0,0.0,0.016766361892223358
56005.0,0.0,0.025873281061649323
56006.0,0.0,0.025172991678118706
56007.0,0.0,0.02314114384353161
56008.0,0.0,0.05066057667136192
56009.0,0.0,0.02236247807741165
56010.0,0.0,0.03683403134346008
56011.0,0.0,0.015096615068614483
56012.0,0.0,0.05840681120753288
56013.0,0.0,0.003925226163119078
56014.0,0.0,0.025229530408978462
56015.0,0.0,0.024906201288104057
56016.0,0.0,0.024871468544006348
56017.0,0.0,0.02236247807741165
56018.0,0.0,0.0014018514193594456
56019.0,0.0,0.01722889207303524
56020.0,0.0,0.024906201288104057
56021.0,0.0,0.02814936637878418
56022.0,0.0,0.02481570467352867
56023.0,0.0,0.06198906525969505
56024.0,0.0,0.010400586761534214
56025.0,0.0,0.015413998626172543
56026.0,0.0,0.025873281061649323
56027.0,0.0,0.03859657794237137
56028.0,1.0,0.4486140012741089
56029.0,0.0,0.024906201288104057
56030.0,0.0,0.024906201288104057
56031.0,0.0,0.015916068106889725
56032.0,0.0,0.02521074190735817
56033.0,0.0,0.03683403134346008
56034.0,0.0,0.014777462929487228
56035.0,0.0,0.01724102534353733
56036.0,0.0,0.02236247807741165
56037.0,0.0,0.43402186036109924
56038.0,0.0,0.024223828688263893
56039.0,0.0,0.016122156754136086
56040.0,0.0,0.02314114384353161
56041.0,0.0,0.011426706798374653
56042.0,0.0,0.014870388433337212
56043.0,0.0,0.0035406588576734066
56044.0,0.0,0.023636609315872192
56045.0,0.0,0.0013906233943998814
56046.0,0.0,0.022331207990646362
56047.0,0.0,0.025771109387278557
56048.0,0.0,0.01886281929910183
56049.0,0.0,0.02236247807741165
56050.0,0.0,0.025005033239722252
56051.0,0.0,0.024906201288104057
56052.0,0.0,0.01678997464478016
56053.0,0.0,0.022685261443257332
56054.0,0.0,0.06344211101531982
56055.0,0.0,0.026744144037365913
56056.0,0.0,0.02824964001774788
56057.0,0.0,0.017969094216823578
56058.0,0.0,0.023887183517217636
56059.0,0.0,0.01635638438165188
56060.0,0.0,0.014276108704507351
56061.0,0.0,0.024717602878808975
56062.0,0.0,0.0014412200544029474
56063.0,0.0,0.016475658863782883
56064.0,0.0,0.02236247807741165
56065.0,0.0,0.055439580231904984
56066.0,0.0,0.016435613855719566
56067.0,0.0,0.02314114384353161
56068.0,0.0,0.03833239525556564
56069.0,0.0,0.4338580071926117
56070.0,0.0,0.0013608243316411972
56071.0,0.0,0.010583467781543732
56072.0,0.0,0.025771109387278557
56073.0,0.0,0.025651903823018074
56074.0,0.0,0.019073618575930595
56075.0,0.0,0.02663862146437168
56076.0,0.0,0.0327400341629982
56077.0,0.0,0.0597548745572567
56078.0,0.0,0.0014202744932845235
56079.0,0.0,0.029535578563809395
56080.0,0.0,0.05621235817670822
56081.0,0.0,0.02521074190735817
56082.0,0.0,0.015413998626172543
56083.0,0.0,0.015556056052446365
56084.0,0.0,0.0014572733780369163
56085.0,0.0,0.02419760823249817
56086.0,0.0,0.022451452910900116
56087.0,0.0,0.02314114384353161
56088.0,0.0,0.028981421142816544
56089.0,0.0,0.05812613666057587
56090.0,0.0,0.0013663552235811949
56091.0,0.0,0.016122156754136086
56092.0,0.0,0.05708349123597145
56093.0,0.0,0.010575352236628532
56094.0,0.0,0.06139259412884712
56095.0,1.0,0.03749186545610428
56096.0,0.0,0.014777462929487228
56097.0,0.0,0.025771109387278557
56098.0,0.0,0.027341853827238083
56099.0,0.0,0.0012772607151418924
56100.0,0.0,0.023721186444163322
56101.0,0.0,0.017378058284521103
56102.0,0.0,0.019502442330121994
56103.0,0.0,0.46628057956695557
56104.0,0.0,0.02314114384353161
56105.0,0.0,0.017355209216475487
56106.0,0.0,0.02475586347281933
56107.0,0.0,0.017969094216823578
56108.0,1.0,0.017739813774824142
56109.0,0.0,0.025771109387278557
56110.0,0.0,0.01618671976029873
56111.0,0.0,0.025873281061649323
56112.0,0.0,0.027234036475419998
56113.0,0.0,0.02445853315293789
56114.0,0.0,0.027021421119570732
56115.0,0.0,0.025771109387278557
56116.0,0.0,0.024017333984375
56117.0,0.0,0.02236247807741165
56118.0,0.0,0.015856554731726646
56119.0,0.0,0.025245940312743187
56120.0,0.0,0.04140471667051315
56121.0,0.0,0.026744144037365913
56122.0,0.0,0.024906201288104057
56123.0,0.0,0.004118917044252157
56124.0,0.0,0.05515262857079506
56125.0,0.0,0.015246058814227581
56126.0,0.0,0.02440434880554676
56127.0,0.0,0.02398207224905491
56128.0,0.0,0.015116751194000244
56129.0,0.0,0.03177565708756447
56130.0,0.0,0.012085461057722569
56131.0,0.0,0.0032576294615864754
56132.0,0.0,0.025642139837145805
56133.0,1.0,0.3513956665992737
56134.0,0.0,0.025073513388633728
56135.0,0.0,0.02314114384353161
56136.0,0.0,0.015938570722937584
56137.0,0.0,0.01039495412260294
56138.0,0.0,0.003202454885467887
56139.0,0.0,0.022451452910900116
56140.0,0.0,0.03838136047124863
56141.0,0.0,0.4037907123565674
56142.0,0.0,0.0014693202683702111
56143.0,0.0,0.01562632992863655
56144.0,0.0,0.034942377358675
56145.0,0.0,0.028978295624256134
56146.0,0.0,0.0014898506924510002
56147.0,0.0,0.05623804032802582
56148.0,0.0,0.02624538727104664
56149.0,0.0,0.025245940312743187
56150.0,0.0,0.027234036475419998
56151.0,0.0,0.01588735543191433
56152.0,0.0,0.014243694953620434
56153.0,0.0,0.015007514506578445
56154.0,0.0,0.015413998626172543
56155.0,1.0,0.42605772614479065
56156.0,0.0,0.02632135897874832
56157.0,0.0,0.02526475116610527
56158.0,0.0,0.026122327893972397
56159.0,0.0,0.009604624472558498
56160.0,0.0,0.025005033239722252
56161.0,0.0,0.024555636569857597
56162.0,0.0,0.025005033239722252
56163.0,0.0,0.0032541954424232244
56164.0,0.0,0.023887183517217636
56165.0,0.0,0.42605772614479065
56166.0,0.0,0.016446709632873535
56167.0,0.0,0.0246882326900959
56168.0,0.0,0.0014513740316033363
56169.0,0.0,0.025873281061649323
56170.0,0.0,0.0014513740316033363
56171.0,0.0,0.037267234176397324
56172.0,0.0,0.025771109387278557
56173.0,0.0,0.025005033239722252
56174.0,0.0,0.023096319288015366
56175.0,0.0,0.026425663381814957
56176.0,0.0,0.001298092189244926
56177.0,0.0,0.06266964226961136
56178.0,0.0,0.03559403866529465
56179.0,0.0,0.024590618908405304
56180.0,0.0,0.02632135897874832
56181.0,0.0,0.025227047502994537
56182.0,0.0,0.02653190866112709
56183.0,0.0,0.017969094216823578
56184.0,0.0,0.015590906143188477
56185.0,0.0,0.02481570467352867
56186.0,0.0,0.01629883050918579
56187.0,0.0,0.027913730591535568
56188.0,0.0,0.06021404266357422
56189.0,0.0,0.05607227236032486
56190.0,0.0,0.025550583377480507
56191.0,0.0,0.025873281061649323
56192.0,0.0,0.02360360138118267
56193.0,0.0,0.02632135897874832
56194.0,0.0,0.0008341518696397543
56195.0,0.0,0.024906201288104057
56196.0,0.0,0.05795514956116676
56197.0,0.0,0.017969094216823578
56198.0,0.0,0.0014776305761188269
56199.0,0.0,0.44021958112716675
56200.0,1.0,0.8432868719100952
56201.0,1.0,0.02663862146437168
56202.0,0.0,0.44021958112716675
56203.0,0.0,0.027234036475419998
56204.0,0.0,0.02544485405087471
56205.0,0.0,0.03012186661362648
56206.0,0.0,0.014743927866220474
56207.0,0.0,0.02398207224905491
56208.0,0.0,0.02465379238128662
56209.0,0.0,0.06344211101531982
56210.0,0.0,0.024871468544006348
56211.0,0.0,0.02544485405087471
56212.0,0.0,0.8510094881057739
56213.0,0.0,0.026405904442071915
56214.0,0.0,0.03858567029237747
56215.0,0.0,0.014588294550776482
56216.0,0.0,0.0034645921550691128
56217.0,0.0,0.030025148764252663
56218.0,0.0,0.024717602878808975
56219.0,0.0,0.02236247807741165
56220.0,0.0,0.0013714581727981567
56221.0,0.0,0.0013608243316411972
56222.0,0.0,0.026744144037365913
56223.0,0.0,0.015782184898853302
56224.0,0.0,0.014891373924911022
56225.0,0.0,0.0014202744932845235
56226.0,0.0,0.05515262857079506
56227.0,0.0,0.014743927866220474
56228.0,0.0,0.017739813774824142
56229.0,0.0,0.0012464794563129544
56230.0,0.0,0.055310074239969254
56231.0,0.0,0.024717602878808975
56232.0,0.0,0.4442150890827179
56233.0,0.0,0.027128420770168304
56234.0,0.0,0.024590618908405304
56235.0,0.0,0.02323314920067787
56236.0,0.0,0.025771109387278557
56237.0,1.0,0.4392189085483551
56238.0,0.0,0.0014202744932845235
56239.0,0.0,0.022451452910900116
56240.0,0.0,0.025771109387278557
56241.0,0.0,0.02544485405087471
56242.0,0.0,0.016122156754136086
56243.0,0.0,0.02314114384353161
56244.0,0.0,0.02061801590025425
56245.0,0.0,0.026481470093131065
56246.0,0.0,0.025073513388633728
56247.0,0.0,0.024717602878808975
56248.0,0.0,0.023887183517217636
56249.0,0.0,0.024906201288104057
56250.0,1.0,0.01618671976029873
56251.0,0.0,0.023887183517217636
56252.0,0.0,0.025771109387278557
56253.0,0.0,0.026425663381814957
56254.0,0.0,0.022685261443257332
56255.0,0.0,0.014621013775467873
56256.0,0.0,0.02481570467352867
56257.0,0.0,0.0014260467141866684
56258.0,0.0,0.016435613855719566
56259.0,0.0,0.06434043496847153
56260.0,0.0,0.016637399792671204
56261.0,0.0,0.024906201288104057
56262.0,0.0,0.024906201288104057
56263.0,0.0,0.015096615068614483
56264.0,0.0,0.06671030819416046
56265.0,0.0,0.016122156754136086
56266.0,0.0,0.023636609315872192
56267.0,0.0,0.022847406566143036
56268.0,0.0,0.026301685720682144
56269.0,0.0,0.02628469653427601
56270.0,0.0,0.025771109387278557
56271.0,0.0,0.023730525746941566
56272.0,0.0,0.02381543442606926
56273.0,0.0,0.05628763884305954
56274.0,0.0,0.014743927866220474
56275.0,0.0,0.029243141412734985
56276.0,0.0,0.02628469653427601
56277.0,0.0,0.026744144037365913
56278.0,0.0,0.05607227236032486
56279.0,0.0,0.027234036475419998
56280.0,0.0,0.024906201288104057
56281.0,0.0,0.024906201288104057
56282.0,0.0,0.016225576400756836
56283.0,0.0,0.024906201288104057
56284.0,0.0,0.0013608243316411972
56285.0,0.0,0.0578448623418808
56286.0,0.0,0.01506237406283617
56287.0,0.0,0.026744144037365913
56288.0,0.0,0.0014078195672482252
56289.0,0.0,0.024906201288104057
56290.0,0.0,0.015280703082680702
56291.0,0.0,0.04019296169281006
56292.0,0.0,0.02663702517747879
56293.0,0.0,0.0376441553235054
56294.0,0.0,0.05746499449014664
56295.0,0.0,0.023887183517217636
56296.0,0.0,0.019073618575930595
56297.0,0.0,0.03401298075914383
56298.0,0.0,0.016435613855719566
56299.0,0.0,0.026920484378933907
56300.0,0.0,0.02475586347281933
56301.0,0.0,0.06689666211605072
56302.0,0.0,0.02445853315293789
56303.0,0.0,0.023922305554151535
56304.0,0.0,0.0015091396635398269
56305.0,0.0,0.02544485405087471
56306.0,0.0,0.0014260467141866684
56307.0,0.0,0.04006950929760933
56308.0,0.0,0.025873281061649323
56309.0,0.0,0.3275723159313202
56310.0,0.0,0.4532330334186554
56311.0,0.0,0.016435613855719566
56312.0,0.0,0.02445853315293789
56313.0,0.0,0.055364664644002914
56314.0,0.0,0.02236247807741165
56315.0,1.0,0.023853830993175507
56316.0,0.0,0.017969094216823578
56317.0,0.0,0.018006468191742897
56318.0,0.0,0.025873281061649323
56319.0,0.0,0.02663862146437168
56320.0,0.0,0.02336050570011139
56321.0,1.0,0.02358420193195343
56322.0,0.0,0.02236247807741165
56323.0,0.0,0.05522727221250534
56324.0,0.0,0.001449301722459495
56325.0,0.0,0.024871468544006348
56326.0,0.0,0.029848946258425713
56327.0,0.0,0.02314114384353161
56328.0,1.0,0.025771109387278557
56329.0,1.0,0.027234036475419998
56330.0,0.0,0.01230571698397398
56331.0,0.0,0.05522727221250534
56332.0,0.0,0.06302212178707123
56333.0,0.0,0.027234036475419998
56334.0,0.0,0.025771109387278557
56335.0,0.0,0.02753286436200142
56336.0,0.0,0.04239417985081673
56337.0,0.0,0.014870388433337212
56338.0,0.0,0.019894592463970184
56339.0,1.0,0.417167991399765
56340.0,0.0,0.0014898506924510002
56341.0,0.0,0.0013770321384072304
56342.0,0.0,0.0016694687074050307
56343.0,0.0,0.025771109387278557
56344.0,0.0,0.0014513740316033363
56345.0,0.0,0.02323314920067787
56346.0,0.0,0.025873281061649323
56347.0,0.0,0.025771109387278557
56348.0,0.0,0.02641528844833374
56349.0,0.0,0.024871468544006348
56350.0,0.0,0.02398207224905491
56351.0,0.0,0.024970166385173798
56352.0,0.0,0.025771109387278557
56353.0,0.0,0.016435613855719566
56354.0,0.0,0.042148660868406296
56355.0,0.0,0.02236247807741165
56356.0,0.0,0.0013828191440552473
56357.0,0.0,0.025873281061649323
56358.0,0.0,0.01722889207303524
56359.0,0.0,0.06718824058771133
56360.0,0.0,0.01571263000369072
56361.0,0.0,0.024582987651228905
56362.0,0.0,0.026425663381814957
56363.0,0.0,0.02632135897874832
56364.0,0.0,0.02663862146437168
56365.0,0.0,0.02628469653427601
56366.0,0.0,0.02314114384353161
56367.0,0.0,0.0014260467141866684
56368.0,0.0,0.012085461057722569
56369.0,0.0,0.02632135897874832
56370.0,0.0,0.012085461057722569
56371.0,0.0,0.02314114384353161
56372.0,0.0,0.038782041519880295
56373.0,0.0,0.018040908500552177
56374.0,0.0,0.0014202744932845235
56375.0,0.0,0.02663862146437168
56376.0,0.0,0.024555636569857597
56377.0,1.0,0.43061134219169617
56378.0,0.0,0.02663862146437168
56379.0,0.0,0.05496212840080261
56380.0,0.0,0.03636007010936737
56381.0,0.0,0.023922305554151535
56382.0,0.0,0.34169960021972656
56383.0,0.0,0.010148731991648674
56384.0,0.0,0.02660154178738594
56385.0,0.0,0.023677917197346687
56386.0,1.0,0.4800378084182739
56387.0,0.0,0.0014672224642708898
56388.0,0.0,0.001389697310514748
56389.0,0.0,0.05730250105261803
56390.0,0.0,0.02314114384353161
56391.0,0.0,0.02544485405087471
56392.0,0.0,0.018225423991680145
56393.0,0.0,0.06368388235569
56394.0,0.0,0.02445853315293789
56395.0,0.0,0.4616709053516388
56396.0,0.0,0.0013160249218344688
56397.0,0.0,0.023677917197346687
56398.0,0.0,0.06175331398844719
56399.0,0.0,0.024906201288104057
56400.0,0.0,0.024906201288104057
56401.0,0.0,0.042148660868406296
56402.0,1.0,0.024906201288104057
56403.0,0.0,0.0013140484225004911
56404.0,0.0,0.024906201288104057
56405.0,0.0,0.02360360138118267
56406.0,0.0,0.015878908336162567
56407.0,0.0,0.02445853315293789
56408.0,1.0,0.43026041984558105
56409.0,0.0,0.010952994227409363
56410.0,0.0,0.0015549295349046588
56411.0,0.0,0.02632135897874832
56412.0,0.0,0.014743927866220474
56413.0,0.0,0.0013160249218344688
56414.0,0.0,0.026301685720682144
56415.0,0.0,0.017008891329169273
56416.0,0.0,0.025771109387278557
56417.0,0.0,0.02445853315293789
56418.0,0.0,0.016863718628883362
56419.0,0.0,0.017816275358200073
56420.0,0.0,0.024433191865682602
56421.0,0.0,0.027341853827238083
56422.0,0.0,0.02628469653427601
56423.0,0.0,0.01629883050918579
56424.0,0.0,0.43026041984558105
56425.0,0.0,0.024231432005763054
56426.0,0.0,0.015878908336162567
56427.0,0.0,0.026425663381814957
56428.0,0.0,0.024233181029558182
56429.0,0.0,0.05950922146439552
56430.0,1.0,0.0357380211353302
56431.0,0.0,0.025005033239722252
56432.0,0.0,0.018040908500552177
56433.0,0.0,0.017318207770586014
56434.0,0.0,0.06618747115135193
56435.0,0.0,0.0012999485479667783
56436.0,1.0,0.8261604309082031
56437.0,0.0,0.02689267322421074
56438.0,0.0,0.017969094216823578
56439.0,0.0,0.011426706798374653
56440.0,0.0,0.026141773909330368
56441.0,0.0,0.015803491696715355
56442.0,0.0,0.0014401210937649012
56443.0,0.0,0.030025148764252663
56444.0,0.0,0.02826070226728916
56445.0,0.0,0.0375516377389431
56446.0,0.0,0.42605772614479065
56447.0,0.0,0.024906201288104057
56448.0,0.0,0.019525164738297462
56449.0,0.0,0.025005033239722252
56450.0,0.0,0.0013608243316411972
56451.0,0.0,0.02632135897874832
56452.0,0.0,0.05795514956116676
56453.0,0.0,0.023393183946609497
56454.0,0.0,0.04041016474366188
56455.0,0.0,0.03893374651670456
56456.0,0.0,0.017478905618190765
56457.0,0.0,0.02797490544617176
56458.0,0.0,0.025545770302414894
56459.0,0.0,0.02481570467352867
56460.0,0.0,0.02360360138118267
56461.0,0.0,0.0346975214779377
56462.0,0.0,0.014243694953620434
56463.0,0.0,0.02440434880554676
56464.0,0.0,0.055352549999952316
56465.0,0.0,0.014743927866220474
56466.0,0.0,0.04309716820716858
56467.0,0.0,0.027234036475419998
56468.0,0.0,0.0599772185087204
56469.0,0.0,0.025771109387278557
56470.0,0.0,0.02632135897874832
56471.0,1.0,0.8353279232978821
56472.0,0.0,0.06511613726615906
56473.0,0.0,0.0014513740316033363
56474.0,0.0,0.013825992122292519
56475.0,0.0,0.024717602878808975
56476.0,0.0,0.024906201288104057
56477.0,0.0,0.02526475116610527
56478.0,0.0,0.029535578563809395
56479.0,0.0,0.025771109387278557
56480.0,0.0,0.015413998626172543
56481.0,1.0,0.042215436697006226
56482.0,0.0,0.02624538727104664
56483.0,0.0,0.02314114384353161
56484.0,0.0,0.025771109387278557
56485.0,0.0,0.027234036475419998
56486.0,0.0,0.015938570722937584
56487.0,0.0,0.05522727221250534
56488.0,0.0,0.015856554731726646
56489.0,0.0,0.05915085971355438
56490.0,0.0,0.024871468544006348
56491.0,0.0,0.0014018514193594456
56492.0,0.0,0.0018889937782660127
56493.0,0.0,0.025771109387278557
56494.0,0.0,0.023922305554151535
56495.0,0.0,0.025771109387278557
56496.0,0.0,0.03685896098613739
56497.0,0.0,0.025550583377480507
56498.0,0.0,0.04354483634233475
56499.0,0.0,0.02697308547794819
56500.0,0.0,0.015878908336162567
56501.0,0.0,0.003296883078292012
56502.0,0.0,0.016225576400756836
56503.0,0.0,0.024906201288104057
56504.0,0.0,0.017969094216823578
56505.0,0.0,0.025771109387278557
56506.0,0.0,0.017969094216823578
56507.0,1.0,0.4287012219429016
56508.0,0.0,0.0232691653072834
56509.0,0.0,0.013185258023440838
56510.0,0.0,0.025771109387278557
56511.0,0.0,0.019770890474319458
56512.0,0.0,0.017969094216823578
56513.0,0.0,0.02236247807741165
56514.0,0.0,0.03563554584980011
56515.0,0.0,0.02236247807741165
56516.0,0.0,0.02814936637878418
56517.0,0.0,0.05795514956116676
56518.0,0.0,0.024871468544006348
56519.0,0.0,0.011279945261776447
56520.0,0.0,0.05907125025987625
56521.0,0.0,0.025771109387278557
56522.0,0.0,0.014061274006962776
56523.0,0.0,0.024906201288104057
56524.0,0.0,0.016435613855719566
56525.0,0.0,0.014743927866220474
56526.0,0.0,0.016435613855719566
56527.0,0.0,0.022847406566143036
56528.0,0.0,0.4037907123565674
56529.0,0.0,0.027341853827238083
56530.0,0.0,0.023922305554151535
56531.0,0.0,0.05616211146116257
56532.0,0.0,0.014276108704507351
56533.0,0.0,0.026122327893972397
56534.0,0.0,0.0015030310023576021
56535.0,0.0,0.022847406566143036
56536.0,0.0,0.06044379249215126
56537.0,1.0,0.025245940312743187
56538.0,0.0,0.001350261503830552
56539.0,0.0,0.014891373924911022
56540.0,0.0,0.024590618908405304
56541.0,0.0,0.037267234176397324
56542.0,0.0,0.06021404266357422
56543.0,0.0,0.05257376283407211
56544.0,0.0,0.017070453613996506
56545.0,1.0,0.06024523451924324
56546.0,0.0,0.02632135897874832
56547.0,0.0,0.01575755886733532
56548.0,0.0,0.026300104334950447
56549.0,0.0,0.02440434880554676
56550.0,0.0,0.4532330334186554
56551.0,0.0,0.07497172057628632
56552.0,0.0,0.025873281061649323
56553.0,0.0,0.4342096447944641
56554.0,0.0,0.057245396077632904
56555.0,0.0,0.026706915348768234
56556.0,0.0,0.02544485405087471
56557.0,0.0,0.01575755886733532
56558.0,0.0,0.024906201288104057
56559.0,0.0,0.05454898998141289
56560.0,0.0,0.02314114384353161
56561.0,0.0,0.43704754114151
56562.0,0.0,0.02314114384353161
56563.0,0.0,0.026141773909330368
56564.0,1.0,0.43026041984558105
56565.0,0.0,0.02544368989765644
56566.0,0.0,0.024871468544006348
56567.0,0.0,0.0014202744932845235
56568.0,0.0,0.02663862146437168
56569.0,0.0,0.02814936637878418
56570.0,0.0,0.027418190613389015
56571.0,0.0,0.017810726538300514
56572.0,0.0,0.0013516949256882071
56573.0,0.0,0.0019147139973938465
56574.0,0.0,0.029889458790421486
56575.0,0.0,0.025873281061649323
56576.0,0.0,0.03893374651670456
56577.0,0.0,0.031205356121063232
56578.0,0.0,0.02624538727104664
56579.0,0.0,0.031328391283750534
56580.0,0.0,0.01618671976029873
56581.0,0.0,0.04266770929098129
56582.0,0.0,0.02632135897874832
56583.0,0.0,0.0013536671176552773
56584.0,1.0,0.3999558687210083
56585.0,1.0,0.05515262857079506
56586.0,0.0,0.017969094216823578
56587.0,0.0,0.014891373924911022
56588.0,0.0,0.026963751763105392
56589.0,0.0,0.023672817274928093
56590.0,0.0,0.0014632827369496226
56591.0,0.0,0.05522727221250534
56592.0,0.0,0.025771109387278557
56593.0,0.0,0.016777299344539642
56594.0,0.0,0.024906201288104057
56595.0,0.0,0.022938264533877373
56596.0,0.0,0.012085461057722569
56597.0,0.0,0.024717602878808975
56598.0,0.0,0.016435613855719566
56599.0,0.0,0.02814936637878418
56600.0,0.0,0.001386350253596902
56601.0,0.0,0.026141773909330368
56602.0,0.0,0.02641528844833374
56603.0,0.0,0.024906201288104057
56604.0,0.0,0.025771109387278557
56605.0,0.0,0.018700268119573593
56606.0,0.0,0.014743927866220474
56607.0,0.0,0.026122327893972397
56608.0,0.0,0.02663862146437168
56609.0,0.0,0.022938264533877373
56610.0,0.0,0.03932803496718407
56611.0,0.0,0.024871468544006348
56612.0,0.0,0.02445853315293789
56613.0,0.0,0.06344211101531982
56614.0,0.0,0.037028223276138306
56615.0,0.0,0.02323314920067787
56616.0,0.0,0.017969094216823578
56617.0,0.0,0.0015549295349046588
56618.0,0.0,0.0273841954767704
56619.0,0.0,0.05741441249847412
56620.0,0.0,0.022451452910900116
56621.0,0.0,0.028024164959788322
56622.0,0.0,0.023636609315872192
56623.0,0.0,0.01729780063033104
56624.0,1.0,0.4158072769641876
56625.0,0.0,0.025873281061649323
56626.0,0.0,0.016435613855719566
56627.0,0.0,0.06344211101531982
56628.0,0.0,0.0033102568704634905
56629.0,0.0,0.014743927866220474
56630.0,0.0,0.02348615787923336
56631.0,0.0,0.44021958112716675
56632.0,0.0,0.003480709157884121
56633.0,0.0,0.023636609315872192
56634.0,0.0,0.017739813774824142
56635.0,0.0,0.012085461057722569
56636.0,0.0,0.02825978770852089
56637.0,1.0,0.42605772614479065
56638.0,0.0,0.023887183517217636
56639.0,0.0,0.039073653519153595
56640.0,0.0,0.025771109387278557
56641.0,1.0,0.4632141888141632
56642.0,0.0,0.05708349123597145
56643.0,0.0,0.02663862146437168
56644.0,0.0,0.02663862146437168
56645.0,0.0,0.0013536671176552773
56646.0,0.0,0.01702914573252201
56647.0,0.0,0.018330127000808716
56648.0,0.0,0.0014285823563113809
56649.0,0.0,0.023730525746941566
56650.0,0.0,0.0014018514193594456
56651.0,0.0,0.02314114384353161
56652.0,0.0,0.0013160249218344688
56653.0,0.0,0.02445853315293789
56654.0,0.0,0.04019296169281006
56655.0,0.0,0.023853830993175507
56656.0,0.0,0.0013140484225004911
56657.0,0.0,0.025771109387278557
56658.0,0.0,0.0597548745572567
56659.0,0.0,0.060674864798784256
56660.0,0.0,0.013356479816138744
56661.0,0.0,0.02544485405087471
56662.0,0.0,0.022847406566143036
56663.0,0.0,0.02632135897874832
56664.0,0.0,0.016170164570212364
56665.0,1.0,0.4037907123565674
56666.0,0.0,0.05952965468168259
56667.0,0.0,0.02336050570011139
56668.0,0.0,0.015413998626172543
56669.0,0.0,0.0015030310023576021
56670.0,0.0,0.01678997464478016
56671.0,0.0,0.016446709632873535
56672.0,0.0,0.024871468544006348
56673.0,0.0,0.04300350323319435
56674.0,0.0,0.05795514956116676
56675.0,0.0,0.003421159228309989
56676.0,1.0,0.6184669733047485
56677.0,0.0,0.016225576400756836
56678.0,1.0,0.4392189085483551
56679.0,0.0,0.0016337033594027162
56680.0,0.0,0.41323480010032654
56681.0,0.0,0.010159410536289215
56682.0,0.0,0.04475943744182587
56683.0,0.0,0.04158467799425125
56684.0,0.0,0.04125974327325821
56685.0,0.0,0.017378058284521103
56686.0,0.0,0.04332609102129936
56687.0,0.0,0.05522727221250534
56688.0,0.0,0.022847406566143036
56689.0,0.0,0.05834890156984329
56690.0,1.0,0.053454283624887466
56691.0,0.0,0.023730525746941566
56692.0,0.0,0.010985071770846844
56693.0,0.0,0.017968246713280678
56694.0,0.0,0.02445853315293789
56695.0,0.0,0.02314114384353161
56696.0,0.0,0.024906201288104057
56697.0,0.0,0.06511613726615906
56698.0,0.0,0.025771109387278557
56699.0,0.0,0.023568198084831238
56700.0,0.0,0.013337628915905952
56701.0,1.0,0.028024164959788322
56702.0,0.0,0.01886281929910183
56703.0,0.0,0.02236247807741165
56704.0,0.0,0.025771109387278557
56705.0,0.0,0.0012970002135261893
56706.0,1.0,0.06474325805902481
56707.0,0.0,0.001437790342606604
56708.0,0.0,0.024906201288104057
56709.0,0.0,0.01899777166545391
56710.0,0.0,0.05931796878576279
56711.0,0.0,0.029535578563809395
56712.0,0.0,0.025172991678118706
56713.0,0.0,0.014817281626164913
56714.0,0.0,0.06865513324737549
56715.0,0.0,0.059674497693777084
56716.0,0.0,0.025346089154481888
56717.0,0.0,0.4370000660419464
56718.0,0.0,0.015223466791212559
56719.0,0.0,0.0014898506924510002
56720.0,0.0,0.024906201288104057
56721.0,0.0,0.0016403414774686098
56722.0,0.0,0.0012772607151418924
56723.0,0.0,0.030270930379629135
56724.0,0.0,0.02663862146437168
56725.0,0.0,0.4287012219429016
56726.0,0.0,0.025651903823018074
56727.0,0.0,0.025771109387278557
56728.0,0.0,0.3513956665992737
56729.0,0.0,0.025771109387278557
56730.0,0.0,0.046390924602746964
56731.0,0.0,0.016435613855719566
56732.0,0.0,0.024717602878808975
56733.0,0.0,0.0029626779723912477
56734.0,0.0,0.019502442330121994
56735.0,0.0,0.01722889207303524
56736.0,0.0,0.023922305554151535
56737.0,0.0,0.024906201288104057
56738.0,0.0,0.016994355246424675
56739.0,0.0,0.04437562823295593
56740.0,0.0,0.032610755413770676
56741.0,0.0,0.015413998626172543
56742.0,0.0,0.028187638148665428
56743.0,1.0,0.02314114384353161
56744.0,0.0,0.05826232582330704
56745.0,0.0,0.02663862146437168
56746.0,0.0,0.0014551917556673288
56747.0,0.0,0.03627697005867958
56748.0,0.0,0.01746722124516964
56749.0,0.0,0.05522727221250534
56750.0,0.0,0.029021726921200752
56751.0,0.0,0.025771109387278557
56752.0,0.0,0.02273487113416195
56753.0,0.0,0.016225576400756836
56754.0,0.0,0.015116751194000244
56755.0,0.0,0.05708349123597145
56756.0,0.0,0.33967503905296326
56757.0,0.0,0.06344211101531982
56758.0,0.0,0.03490782901644707
56759.0,0.0,0.03458906710147858
56760.0,0.0,0.025771109387278557
56761.0,0.0,0.02641528844833374
56762.0,0.0,0.024871468544006348
56763.0,0.0,0.05496212840080261
56764.0,0.0,0.027008822187781334
56765.0,0.0,0.06136394292116165
56766.0,0.0,0.025651903823018074
56767.0,0.0,0.025771109387278557
56768.0,0.0,0.0012555853463709354
56769.0,0.0,0.04056795686483383
56770.0,0.0,0.018040908500552177
56771.0,0.0,0.016994355246424675
56772.0,0.0,0.41751599311828613
56773.0,0.0,0.023853830993175507
56774.0,0.0,0.02814936637878418
56775.0,1.0,0.9199919700622559
56776.0,0.0,0.4342096447944641
56777.0,0.0,0.025771109387278557
56778.0,0.0,0.027021421119570732
56779.0,0.0,0.0014572733780369163
56780.0,0.0,0.039172541350126266
56781.0,0.0,0.024717602878808975
56782.0,0.0,0.024717602878808975
56783.0,0.0,0.02632135897874832
56784.0,0.0,0.027955632656812668
56785.0,0.0,0.016435613855719566
56786.0,0.0,0.024871468544006348
56787.0,0.0,0.015986574813723564
56788.0,0.0,0.01758851297199726
56789.0,0.0,0.0012283599935472012
56790.0,0.0,0.016435613855719566
56791.0,0.0,0.050298530608415604
56792.0,0.0,0.06024523451924324
56793.0,0.0,0.023922305554151535
56794.0,0.0,0.014555196277797222
56795.0,0.0,0.024906201288104057
56796.0,0.0,0.02663862146437168
56797.0,0.0,0.027234036475419998
56798.0,0.0,0.02526475116610527
56799.0,0.0,0.023888908326625824
56800.0,0.0,0.019073618575930595
56801.0,0.0,0.025771109387278557
56802.0,0.0,0.036284543573856354
56803.0,0.0,0.05522727221250534
56804.0,0.0,0.017378058284521103
56805.0,0.0,0.027913730591535568
56806.0,0.0,0.0015030310023576021
56807.0,1.0,0.016225576400756836
56808.0,0.0,0.05454898998141289
56809.0,0.0,0.014621013775467873
56810.0,0.0,0.02314114384353161
56811.0,0.0,0.024717602878808975
56812.0,0.0,0.024717602878808975
56813.0,0.0,0.024717602878808975
56814.0,1.0,0.8261604309082031
56815.0,0.0,0.025005033239722252
56816.0,0.0,0.43061134219169617
56817.0,0.0,0.025771403685212135
56818.0,0.0,0.0033689364790916443
56819.0,0.0,0.02663862146437168
56820.0,0.0,0.016122156754136086
56821.0,0.0,0.029018620029091835
56822.0,0.0,0.0597548745572567
56823.0,0.0,0.003297729417681694
56824.0,0.0,0.025771109387278557
56825.0,0.0,0.016225576400756836
56826.0,0.0,0.0013160249218344688
56827.0,0.0,0.026141773909330368
56828.0,0.0,0.024717602878808975
56829.0,0.0,0.016435613855719566
56830.0,0.0,0.030076319351792336
56831.0,0.0,0.017739813774824142
56832.0,0.0,0.43061134219169617
56833.0,0.0,0.027234036475419998
56834.0,0.0,0.025771109387278557
56835.0,0.0,0.02445853315293789
56836.0,0.0,0.0013516949256882071
56837.0,0.0,0.0014401210937649012
56838.0,0.0,0.027234036475419998
56839.0,0.0,0.026405904442071915
56840.0,0.0,0.0014202744932845235
56841.0,0.0,0.009263969026505947
56842.0,0.0,0.026141773909330368
56843.0,0.0,0.027341853827238083
56844.0,0.0,0.04828060418367386
56845.0,0.0,0.02314114384353161
56846.0,0.0,0.03587275370955467
56847.0,0.0,0.024327654391527176
56848.0,0.0,0.025873281061649323
56849.0,0.0,0.02445853315293789
56850.0,0.0,0.03533579409122467
56851.0,1.0,0.02314114384353161
56852.0,0.0,0.0008162669837474823
56853.0,0.0,0.02651994675397873
56854.0,0.0,0.05826232582330704
56855.0,0.0,0.0014693202683702111
56856.0,0.0,0.02814936637878418
56857.0,1.0,0.43061134219169617
56858.0,0.0,0.01521681435406208
56859.0,0.0,0.015574609860777855
56860.0,0.0,0.0219366904348135
56861.0,0.0,0.0013193896738812327
56862.0,0.0,0.027234036475419998
56863.0,0.0,0.022847406566143036
56864.0,0.0,0.024906201288104057
56865.0,0.0,0.01899777166545391
56866.0,0.0,0.025771109387278557
56867.0,0.0,0.026425663381814957
56868.0,0.0,0.026425663381814957
56869.0,0.0,0.016225576400756836
56870.0,0.0,0.015246058814227581
56871.0,0.0,0.01722889207303524
56872.0,0.0,0.025873281061649323
56873.0,0.0,0.024970166385173798
56874.0,0.0,0.4476095139980316
56875.0,0.0,0.025514967739582062
56876.0,0.0,0.4616709053516388
56877.0,0.0,0.022451452910900116
56878.0,0.0,0.027001334354281425
56879.0,0.0,0.04104843735694885
56880.0,1.0,0.0014572733780369163
56881.0,0.0,0.06384751200675964
56882.0,0.0,0.01722889207303524
56883.0,0.0,0.025873281061649323
56884.0,0.0,0.028085563331842422
56885.0,0.0,0.023922305554151535
56886.0,0.0,0.022135263308882713
56887.0,0.0,0.0262258630245924
56888.0,0.0,0.016435613855719566
56889.0,1.0,0.04148964211344719
56890.0,0.0,0.0013354358961805701
56891.0,0.0,0.003202454885467887
56892.0,0.0,0.014891373924911022
56893.0,0.0,0.027234036475419998
56894.0,0.0,0.023636609315872192
56895.0,0.0,0.024717602878808975
56896.0,0.0,0.025005033239722252
56897.0,0.0,0.015228435397148132
56898.0,0.0,0.027234036475419998
56899.0,0.0,0.03853261470794678
56900.0,0.0,0.012340794317424297
56901.0,0.0,0.01574668474495411
56902.0,0.0,0.0014018514193594456
56903.0,0.0,0.025873281061649323
56904.0,0.0,0.0013714581727981567
56905.0,0.0,0.02544485405087471
56906.0,0.0,0.02314114384353161
56907.0,0.0,0.024717602878808975
56908.0,0.0,0.027234036475419998
56909.0,0.0,0.025771109387278557
56910.0,0.0,0.02236247807741165
56911.0,0.0,0.025283005088567734
56912.0,0.0,0.02314114384353161
56913.0,0.0,0.025514967739582062
56914.0,0.0,0.015223466791212559
56915.0,0.0,0.015467743389308453
56916.0,0.0,0.02628469653427601
56917.0,0.0,0.027234036475419998
56918.0,0.0,0.03516509383916855
56919.0,0.0,0.028148459270596504
56920.0,0.0,0.025245940312743187
56921.0,0.0,0.025771109387278557
56922.0,0.0,0.014733846299350262
56923.0,0.0,0.024871468544006348
56924.0,0.0,0.03627697005867958
56925.0,0.0,0.02440434880554676
56926.0,0.0,0.025545770302414894
56927.0,0.0,0.06266964226961136
56928.0,0.0,0.02314114384353161
56929.0,0.0,0.016435613855719566
56930.0,0.0,0.02314114384353161
56931.0,0.0,0.016435613855719566
56932.0,0.0,0.0013421393232420087
56933.0,0.0,0.01729780063033104
56934.0,0.0,0.027234036475419998
56935.0,0.0,0.02314114384353161
56936.0,0.0,0.002962704747915268
56937.0,0.0,0.027001334354281425
56938.0,0.0,0.02632135897874832
56939.0,0.0,0.3513956665992737
56940.0,0.0,0.025771109387278557
56941.0,0.0,0.027046462520956993
56942.0,0.0,0.024906201288104057
56943.0,1.0,0.4197966754436493
56944.0,0.0,0.024871468544006348
56945.0,0.0,0.02592580020427704
56946.0,0.0,0.0012999485479667783
56947.0,0.0,0.05795514956116676
56948.0,0.0,0.01678997464478016
56949.0,0.0,0.027234036475419998
56950.0,0.0,0.03725476562976837
56951.0,0.0,0.056640829890966415
56952.0,0.0,0.017969094216823578
56953.0,0.0,0.025771109387278557
56954.0,0.0,0.02323314920067787
56955.0,0.0,0.024717602878808975
56956.0,0.0,0.01445102971047163
56957.0,0.0,0.05795514956116676
56958.0,0.0,0.05730250105261803
56959.0,0.0,0.025771109387278557
56960.0,0.0,0.015116751194000244
56961.0,0.0,0.03950551897287369
56962.0,0.0,0.025771109387278557
56963.0,0.0,0.0015091396635398269
56964.0,0.0,0.024906201288104057
56965.0,0.0,0.01646127924323082
56966.0,0.0,0.027234036475419998
56967.0,0.0,0.026425663381814957
56968.0,0.0,0.05708349123597145
56969.0,0.0,0.04041016474366188
56970.0,0.0,0.05916696786880493
56971.0,0.0,0.022938264533877373
56972.0,0.0,0.02709795907139778
56973.0,0.0,0.026131460443139076
56974.0,0.0,0.025771109387278557
56975.0,0.0,0.05522727221250534
56976.0,0.0,0.027426468208432198
56977.0,0.0,0.026301685720682144
56978.0,0.0,0.05795514956116676
56979.0,0.0,0.01081225648522377
56980.0,0.0,0.01886281929910183
56981.0,0.0,0.024717602878808975
56982.0,0.0,0.023922305554151535
56983.0,0.0,0.024555636569857597
56984.0,0.0,0.01575755886733532
56985.0,0.0,0.029535578563809395
56986.0,0.0,0.025417903438210487
56987.0,1.0,0.9938628673553467
56988.0,0.0,0.023730525746941566
56989.0,0.0,0.017969094216823578
56990.0,0.0,0.0014260467141866684
56991.0,0.0,0.014297300949692726
56992.0,0.0,0.025873281061649323
56993.0,0.0,0.024717602878808975
56994.0,0.0,0.011593515053391457
56995.0,0.0,0.024906201288104057
56996.0,0.0,0.025771109387278557
56997.0,0.0,0.0031837711576372385
56998.0,0.0,0.0012555853463709354
56999.0,0.0,0.01646127924323082
57000.0,0.0,0.017969094216823578
57001.0,0.0,0.4122503101825714
57002.0,0.0,0.03415052965283394
57003.0,0.0,0.02814936637878418
57004.0,0.0,0.017378058284521103
57005.0,0.0,0.02314114384353161
57006.0,0.0,0.04006950929760933
57007.0,0.0,0.0246882326900959
57008.0,0.0,0.02526475116610527
57009.0,0.0,0.0411844328045845
57010.0,0.0,0.024717602878808975
57011.0,0.0,0.027722949162125587
57012.0,0.0,0.0013714581727981567
57013.0,0.0,0.07083132863044739
57014.0,0.0,0.011426706798374653
57015.0,0.0,0.025771109387278557
57016.0,0.0,0.06512225419282913
57017.0,1.0,0.025283005088567734
57018.0,0.0,0.018215972930192947
57019.0,0.0,0.025873281061649323
57020.0,0.0,0.017969094216823578
57021.0,0.0,0.02236247807741165
57022.0,0.0,0.0013431700645014644
57023.0,0.0,0.0013770321384072304
57024.0,0.0,0.025771109387278557
57025.0,0.0,0.017969094216823578
57026.0,0.0,0.05795514956116676
57027.0,0.0,0.024717602878808975
57028.0,0.0,0.02814936637878418
57029.0,0.0,0.018040908500552177
57030.0,0.0,0.02632135897874832
57031.0,0.0,0.014555196277797222
57032.0,1.0,0.060643456876277924
57033.0,0.0,0.024906201288104057
57034.0,0.0,0.023887183517217636
57035.0,0.0,0.05831605941057205
57036.0,0.0,0.025771109387278557
57037.0,0.0,0.04596257954835892
57038.0,0.0,0.024555636569857597
57039.0,0.0,0.025245940312743187
57040.0,0.0,0.025771109387278557
57041.0,0.0,0.025873281061649323
57042.0,0.0,0.017969094216823578
57043.0,0.0,0.014605714939534664
57044.0,0.0,0.014700775034725666
57045.0,0.0,0.025550583377480507
57046.0,0.0,0.06175331398844719
57047.0,0.0,0.025073513388633728
57048.0,0.0,0.05522727221250534
57049.0,0.0,0.024590618908405304
57050.0,0.0,0.025771109387278557
57051.0,0.0,0.03529460355639458
57052.0,0.0,0.04095249995589256
57053.0,0.0,0.0013516949256882071
57054.0,0.0,0.059674497693777084
57055.0,0.0,0.025550583377480507
57056.0,0.0,0.024906201288104057
57057.0,0.0,0.02663862146437168
57058.0,0.0,0.013825992122292519
57059.0,0.0,0.029535578563809395
57060.0,0.0,0.022420059889554977
57061.0,0.0,0.02814936637878418
57062.0,0.0,0.016994355246424675
57063.0,0.0,0.02544485405087471
57064.0,0.0,0.027234036475419998
57065.0,0.0,0.01757531799376011
57066.0,0.0,0.0013140484225004911
57067.0,1.0,0.06865513324737549
57068.0,0.0,0.022166267037391663
57069.0,0.0,0.024906201288104057
57070.0,0.0,0.024717602878808975
57071.0,0.0,0.025873281061649323
57072.0,0.0,0.015423089265823364
57073.0,0.0,0.023922305554151535
57074.0,0.0,0.02323314920067787
57075.0,0.0,0.02426704578101635
57076.0,0.0,0.025771109387278557
57077.0,0.0,0.05983950197696686
57078.0,0.0,0.02314114384353161
57079.0,0.0,0.025771109387278557
57080.0,0.0,0.023636609315872192
57081.0,0.0,0.024871468544006348
57082.0,0.0,0.024906201288104057
57083.0,0.0,0.04354483634233475
57084.0,0.0,0.025245940312743187
57085.0,0.0,0.03012186661362648
57086.0,0.0,0.023710720241069794
57087.0,0.0,0.046390924602746964
57088.0,1.0,0.02236247807741165
57089.0,0.0,0.05237181484699249
57090.0,0.0,0.02351333759725094
57091.0,0.0,0.3431324362754822
57092.0,1.0,0.3879939615726471
57093.0,0.0,0.02526475116610527
57094.0,0.0,0.02641528844833374
57095.0,0.0,0.04179711267352104
57096.0,0.0,0.025771109387278557
57097.0,0.0,0.06100006029009819
57098.0,1.0,0.4037907123565674
57099.0,0.0,0.010729867033660412
57100.0,0.0,0.025873281061649323
57101.0,0.0,0.05795514956116676
57102.0,0.0,0.024804100394248962
57103.0,0.0,0.025771109387278557
57104.0,0.0,0.0013750650687143207
57105.0,0.0,0.06175331398844719
57106.0,1.0,0.02314114384353161
57107.0,0.0,0.02803678810596466
57108.0,0.0,0.0033153772819787264
57109.0,1.0,0.596596896648407
57110.0,0.0,0.024871468544006348
57111.0,0.0,0.02544485405087471
57112.0,0.0,0.05607227236032486
57113.0,0.0,0.01613527350127697
57114.0,0.0,0.024717602878808975
57115.0,0.0,0.027341853827238083
57116.0,0.0,0.018225423991680145
57117.0,0.0,0.05598025768995285
57118.0,1.0,0.468829482793808
57119.0,0.0,0.024906201288104057
57120.0,0.0,0.05817730352282524
57121.0,0.0,0.019073618575930595
57122.0,1.0,0.9961205124855042
57123.0,0.0,0.06629518419504166
57124.0,0.0,0.023721186444163322
57125.0,0.0,0.0035406588576734066
57126.0,0.0,0.025172991678118706
57127.0,0.0,0.015878908336162567
57128.0,0.0,0.016435613855719566
57129.0,0.0,0.01575755886733532
57130.0,0.0,0.0013462231727316976
57131.0,0.0,0.057245396077632904
57132.0,1.0,0.4006469249725342
57133.0,0.0,0.016293639317154884
57134.0,0.0,0.026301685720682144
57135.0,0.0,0.025073513388633728
57136.0,0.0,0.017739813774824142
57137.0,0.0,0.027234036475419998
57138.0,0.0,0.02663862146437168
57139.0,0.0,0.0012720894301310182
57140.0,0.0,0.03559589013457298
57141.0,0.0,0.025771109387278557
57142.0,0.0,0.03683403134346008
57143.0,0.0,0.0013140484225004911
57144.0,0.0,0.02421925775706768
57145.0,0.0,0.019136080518364906
57146.0,0.0,0.014243694953620434
57147.0,0.0,0.025913292542099953
57148.0,0.0,0.02814936637878418
57149.0,0.0,0.02123132161796093
57150.0,0.0,0.03634200617671013
57151.0,0.0,0.02826070226728916
57152.0,0.0,0.039957284927368164
57153.0,0.0,0.025771109387278557
57154.0,0.0,0.016936318948864937
57155.0,0.0,0.0014693202683702111
57156.0,1.0,0.05454898998141289
57157.0,0.0,0.026122327893972397
57158.0,0.0,0.01575755886733532
57159.0,0.0,0.02445853315293789
57160.0,0.0,0.01629883050918579
57161.0,0.0,0.05708349123597145
57162.0,0.0,0.025005033239722252
57163.0,0.0,0.02061801590025425
57164.0,0.0,0.02824964001774788
57165.0,1.0,0.048965539783239365
57166.0,0.0,0.015878908336162567
57167.0,0.0,0.024556316435337067
57168.0,0.0,0.0014078195672482252
57169.0,0.0,0.023887183517217636
57170.0,0.0,0.02314114384353161
57171.0,0.0,0.05708349123597145
57172.0,1.0,0.02663862146437168
57173.0,0.0,0.015856554731726646
57174.0,0.0,0.0014949098695069551
57175.0,0.0,0.024717602878808975
57176.0,0.0,0.059674497693777084
57177.0,0.0,0.014243694953620434
57178.0,0.0,0.01506237406283617
57179.0,0.0,0.022847406566143036
57180.0,0.0,0.02632135897874832
57181.0,0.0,0.02632135897874832
57182.0,0.0,0.02064189873635769
57183.0,0.0,0.039624374359846115
57184.0,0.0,0.030525844544172287
57185.0,0.0,0.05916696786880493
57186.0,0.0,0.02814936637878418
57187.0,0.0,0.017969094216823578
57188.0,0.0,0.04565148428082466
57189.0,0.0,0.06512225419282913
57190.0,0.0,0.01702914573252201
57191.0,0.0,0.022331207990646362
57192.0,0.0,0.024871468544006348
57193.0,0.0,0.04081787168979645
57194.0,0.0,0.017478905618190765
57195.0,0.0,0.02632135897874832
57196.0,0.0,0.01729780063033104
57197.0,0.0,0.015107985585927963
57198.0,0.0,0.4620184004306793
57199.0,0.0,0.025005033239722252
57200.0,0.0,0.014430656097829342
57201.0,0.0,0.025771109387278557
57202.0,0.0,0.014588294550776482
57203.0,0.0,0.01230571698397398
57204.0,0.0,0.0035756344441324472
57205.0,0.0,0.0262258630245924
57206.0,0.0,0.05448870733380318
57207.0,0.0,0.025229815393686295
57208.0,0.0,0.0013121713418513536
57209.0,0.0,0.025005033239722252
57210.0,0.0,0.026122327893972397
57211.0,0.0,0.02317703142762184
57212.0,0.0,0.0012772607151418924
57213.0,0.0,0.02236247807741165
57214.0,0.0,0.025771109387278557
57215.0,0.0,0.02632135897874832
57216.0,0.0,0.00330717652104795
57217.0,0.0,0.026963751763105392
57218.0,0.0,0.01899777166545391
57219.0,0.0,0.025283005088567734
57220.0,0.0,0.02632135897874832
57221.0,0.0,0.4122503101825714
57222.0,0.0,0.4392189085483551
57223.0,0.0,0.02314114384353161
57224.0,0.0,0.014680053107440472
57225.0,1.0,0.015878908336162567
57226.0,0.0,0.024590618908405304
57227.0,0.0,0.026141773909330368
57228.0,0.0,0.024717602878808975
57229.0,0.0,0.014605714939534664
57230.0,0.0,0.0680353119969368
57231.0,0.0,0.05525955930352211
57232.0,0.0,0.016435613855719566
57233.0,0.0,0.025873281061649323
57234.0,0.0,0.02814936637878418
57235.0,0.0,0.0246882326900959
57236.0,0.0,0.021197669208049774
57237.0,0.0,0.024590618908405304
57238.0,0.0,0.024590618908405304
57239.0,0.0,0.0597548745572567
57240.0,0.0,0.009604624472558498
57241.0,0.0,0.019178984686732292
57242.0,0.0,0.022775495424866676
57243.0,0.0,0.03755959868431091
57244.0,0.0,0.4392189085483551
57245.0,0.0,0.02628469653427601
57246.0,0.0,0.027341853827238083
57247.0,0.0,0.4287012219429016
57248.0,0.0,0.02440434880554676
57249.0,0.0,0.0031046827789396048
57250.0,0.0,0.014297300949692726
57251.0,0.0,0.025005033239722252
57252.0,0.0,0.023922305554151535
57253.0,0.0,0.0376441553235054
57254.0,0.0,0.06615528464317322
57255.0,0.0,0.027341853827238083
57256.0,0.0,0.058941278606653214
57257.0,0.0,0.01629883050918579
57258.0,0.0,0.05616211146116257
57259.0,0.0,0.06175331398844719
57260.0,0.0,0.06474325805902481
57261.0,0.0,0.0015030310023576021
57262.0,0.0,0.4476095139980316
57263.0,0.0,0.024871468544006348
57264.0,0.0,0.024223828688263893
57265.0,0.0,0.024717602878808975
57266.0,0.0,0.02481570467352867
57267.0,0.0,0.025245940312743187
57268.0,0.0,0.02355126105248928
57269.0,0.0,0.07461477071046829
57270.0,0.0,0.027234036475419998
57271.0,0.0,0.01685047335922718
57272.0,0.0,0.030483517795801163
57273.0,0.0,0.0015091396635398269
57274.0,0.0,0.017378058284521103
57275.0,0.0,0.016121400520205498
57276.0,0.0,0.027234036475419998
57277.0,0.0,0.02207839861512184
57278.0,0.0,0.06689666211605072
57279.0,0.0,0.011426706798374653
57280.0,0.0,0.025550583377480507
57281.0,0.0,0.06512225419282913
57282.0,0.0,0.015280703082680702
57283.0,0.0,0.06574150919914246
57284.0,0.0,0.05522727221250534
57285.0,0.0,0.05826232582330704
57286.0,0.0,0.025771109387278557
57287.0,0.0,0.017739813774824142
57288.0,0.0,0.016853002831339836
57289.0,0.0,0.02544485405087471
57290.0,0.0,0.03634200617671013
57291.0,0.0,0.025771109387278557
57292.0,0.0,0.024871468544006348
57293.0,0.0,0.028057031333446503
57294.0,0.0,0.023922305554151535
57295.0,0.0,0.013879301957786083
57296.0,0.0,0.05708349123597145
57297.0,1.0,0.4338580071926117
57298.0,0.0,0.025873281061649323
57299.0,0.0,0.017969094216823578
57300.0,0.0,0.014243694953620434
57301.0,0.0,0.05454898998141289
57302.0,0.0,0.015413998626172543
57303.0,0.0,0.025771109387278557
57304.0,0.0,0.04192513972520828
57305.0,0.0,0.016435613855719566
57306.0,0.0,0.015979811549186707
57307.0,0.0,0.015413998626172543
57308.0,0.0,0.0013121713418513536
57309.0,0.0,0.026963751763105392
57310.0,0.0,0.015916135162115097
57311.0,0.0,0.028981421142816544
57312.0,0.0,0.0550478957593441
57313.0,0.0,0.03184150531888008
57314.0,0.0,0.025005033239722252
57315.0,0.0,0.06301617622375488
57316.0,0.0,0.03710399940609932
57317.0,0.0,0.06113040819764137
57318.0,0.0,0.02531747706234455
57319.0,0.0,0.011220792308449745
57320.0,1.0,0.9962475895881653
57321.0,0.0,0.02632135897874832
57322.0,0.0,0.023612098768353462
57323.0,0.0,0.03513512387871742
57324.0,0.0,0.025771109387278557
57325.0,0.0,0.030143672600388527
57326.0,0.0,0.0263888631016016
57327.0,0.0,0.022420059889554977
57328.0,0.0,0.017693044617772102
57329.0,1.0,0.024906201288104057
57330.0,0.0,0.018215972930192947
57331.0,0.0,0.0013431700645014644
57332.0,0.0,0.4122503101825714
57333.0,0.0,0.024906201288104057
57334.0,0.0,0.0013663552235811949
57335.0,0.0,0.04243891313672066
57336.0,0.0,0.023887183517217636
57337.0,0.0,0.02532961592078209
57338.0,1.0,0.024555636569857597
57339.0,0.0,0.0012266056146472692
57340.0,0.0,0.05607227236032486
57341.0,0.0,0.015355028212070465
57342.0,0.0,0.01947602443397045
57343.0,0.0,0.025771109387278557
57344.0,0.0,0.02628469653427601
57345.0,0.0,0.02632135897874832
57346.0,0.0,0.025771109387278557
57347.0,0.0,0.01678997464478016
57348.0,0.0,0.026744144037365913
57349.0,0.0,0.014276108704507351
57350.0,0.0,0.024906201288104057
57351.0,0.0,0.015675872564315796
57352.0,0.0,0.02544485405087471
57353.0,0.0,0.0013714581727981567
57354.0,0.0,0.02663862146437168
57355.0,0.0,0.016766361892223358
57356.0,0.0,0.0012908532517030835
57357.0,0.0,0.0012720894301310182
57358.0,0.0,0.05623804032802582
57359.0,0.0,0.027234036475419998
57360.0,0.0,0.024717602878808975
57361.0,0.0,0.014276108704507351
57362.0,0.0,0.017969094216823578
57363.0,0.0,0.015355028212070465
57364.0,1.0,0.3246987462043762
57365.0,0.0,0.017969094216823578
57366.0,0.0,0.024590618908405304
57367.0,0.0,0.025771109387278557
57368.0,0.0,0.015223466791212559
57369.0,0.0,0.0018966671777889132
57370.0,0.0,0.015803491696715355
57371.0,0.0,0.017895635217428207
57372.0,0.0,0.06399565190076828
57373.0,0.0,0.0014401210937649012
57374.0,0.0,0.017968246713280678
57375.0,0.0,0.02651994675397873
57376.0,0.0,0.02663862146437168
57377.0,0.0,0.0035406588576734066
57378.0,0.0,0.026141773909330368
57379.0,0.0,0.015878908336162567
57380.0,0.0,0.025771109387278557
57381.0,0.0,0.01750071719288826
57382.0,0.0,0.014870388433337212
57383.0,0.0,0.0013770321384072304
57384.0,0.0,0.03970363736152649
57385.0,0.0,0.016994355246424675
57386.0,0.0,0.02323314920067787
57387.0,0.0,0.4392189085483551
57388.0,0.0,0.016122156754136086
57389.0,0.0,0.03901994973421097
57390.0,0.0,0.028981421142816544
57391.0,0.0,0.01678997464478016
57392.0,1.0,0.42740845680236816
57393.0,1.0,0.05708349123597145
57394.0,0.0,0.045566823333501816
57395.0,0.0,0.02264479734003544
57396.0,0.0,0.0015549295349046588
57397.0,0.0,0.02663862146437168
57398.0,0.0,0.06175331398844719
57399.0,0.0,0.024717602878808975
57400.0,0.0,0.025771109387278557
57401.0,0.0,0.01729780063033104
57402.0,1.0,0.024717602878808975
57403.0,0.0,0.016766361892223358
57404.0,0.0,0.024218076840043068
57405.0,0.0,0.023922305554151535
57406.0,0.0,0.024293702095746994
57407.0,0.0,0.02445853315293789
57408.0,0.0,0.02663862146437168
57409.0,0.0,0.02663862146437168
57410.0,1.0,0.025771109387278557
57411.0,1.0,0.4392189085483551
57412.0,1.0,0.018215972930192947
57413.0,0.0,0.024906201288104057
57414.0,0.0,0.0015030310023576021
57415.0,0.0,0.02207839861512184
57416.0,0.0,0.02632135897874832
57417.0,0.0,0.000805672025308013
57418.0,0.0,0.014743927866220474
57419.0,0.0,0.017969094216823578
57420.0,0.0,0.025771109387278557
57421.0,0.0,0.024590618908405304
57422.0,0.0,0.01629883050918579
57423.0,0.0,0.0014572733780369163
57424.0,0.0,0.024590618908405304
57425.0,0.0,0.0014202744932845235
57426.0,0.0,0.02544485405087471
57427.0,0.0,0.023096319288015366
57428.0,0.0,0.06344211101531982
57429.0,0.0,0.022847406566143036
57430.0,0.0,0.05638376995921135
57431.0,0.0,0.024906201288104057
57432.0,0.0,0.01840336248278618
57433.0,1.0,0.02544485405087471
57434.0,0.0,0.017992932349443436
57435.0,0.0,0.025229530408978462
57436.0,0.0,0.0015775627689436078
57437.0,0.0,0.02336050570011139
57438.0,0.0,0.039824340492486954
57439.0,0.0,0.023922305554151535
57440.0,0.0,0.0013714581727981567
57441.0,0.0,0.016661789268255234
57442.0,1.0,0.4122503101825714
57443.0,0.0,0.025771109387278557
57444.0,0.0,0.022847406566143036
57445.0,0.0,0.05522727221250534
57446.0,0.0,0.05821302905678749
57447.0,0.0,0.017969094216823578
57448.0,0.0,0.011716638691723347
57449.0,0.0,0.017969094216823578
57450.0,0.0,0.015590906143188477
57451.0,0.0,0.01506237406283617
57452.0,0.0,0.027234036475419998
57453.0,0.0,0.01575755886733532
57454.0,0.0,0.02314114384353161
57455.0,0.0,0.0013714581727981567
57456.0,0.0,0.04019296169281006
57457.0,0.0,0.02544485405087471
57458.0,0.0,0.02544485405087471
57459.0,0.0,0.06168273836374283
57460.0,0.0,0.02236247807741165
57461.0,0.0,0.0034143375232815742
57462.0,0.0,0.34205642342567444
57463.0,1.0,0.553551197052002
57464.0,0.0,0.0013770321384072304
57465.0,0.0,0.02398207224905491
57466.0,0.0,0.024906201288104057
57467.0,0.0,0.016122156754136086
57468.0,0.0,0.023636609315872192
57469.0,0.0,0.026122327893972397
57470.0,0.0,0.024717602878808975
57471.0,0.0,0.02061801590025425
57472.0,0.0,0.011426706798374653
57473.0,0.0,0.0013516949256882071
57474.0,0.0,0.027341853827238083
57475.0,0.0,0.025771109387278557
57476.0,0.0,0.015590906143188477
57477.0,0.0,0.05638376995921135
57478.0,0.0,0.024717602878808975
57479.0,0.0,0.02632135897874832
57480.0,0.0,0.024231432005763054
57481.0,0.0,0.023924192413687706
57482.0,0.0,0.02358420193195343
57483.0,0.0,0.0246882326900959
57484.0,0.0,0.026141773909330368
57485.0,0.0,0.02445853315293789
57486.0,0.0,0.04125974327325821
57487.0,0.0,0.025771109387278557
57488.0,0.0,0.06428132206201553
57489.0,0.0,0.025545770302414894
57490.0,0.0,0.019640684127807617
57491.0,0.0,0.0008638596627861261
57492.0,0.0,0.024906201288104057
57493.0,0.0,0.023474901914596558
57494.0,0.0,0.0015115386340767145
57495.0,1.0,0.5655777454376221
57496.0,0.0,0.016475658863782883
57497.0,0.0,0.03634200617671013
57498.0,0.0,0.02814936637878418
57499.0,0.0,0.0014202744932845235
57500.0,0.0,0.030076995491981506
57501.0,0.0,0.024970166385173798
57502.0,0.0,0.01629883050918579
57503.0,0.0,0.0013462231727316976
57504.0,0.0,0.027234036475419998
57505.0,0.0,0.025771109387278557
57506.0,0.0,0.06549248099327087
57507.0,0.0,0.025873281061649323
57508.0,0.0,0.4436468780040741
57509.0,0.0,0.0262258630245924
57510.0,0.0,0.023948587477207184
57511.0,0.0,0.0013315248070284724
57512.0,0.0,0.024871468544006348
57513.0,0.0,0.06131014972925186
57514.0,0.0,0.02323314920067787
57515.0,0.0,0.02526475116610527
57516.0,0.0,0.022331207990646362
57517.0,0.0,0.015223466791212559
57518.0,0.0,0.024906201288104057
57519.0,0.0,0.02628469653427601
57520.0,0.0,0.024906201288104057
57521.0,0.0,0.025771109387278557
57522.0,0.0,0.05812613666057587
57523.0,0.0,0.016435613855719566
57524.0,0.0,0.04475943744182587
57525.0,0.0,0.016435613855719566
57526.0,0.0,0.042215436697006226
57527.0,0.0,0.026405904442071915
57528.0,0.0,0.003296883078292012
57529.0,0.0,0.0014018514193594456
57530.0,0.0,0.03634200617671013
57531.0,0.0,0.027234036475419998
57532.0,0.0,0.022331207990646362
57533.0,0.0,0.030163714662194252
57534.0,0.0,0.024717602878808975
57535.0,0.0,0.003731371136382222
57536.0,0.0,0.024556316435337067
57537.0,0.0,0.014255979098379612
57538.0,0.0,0.024590618908405304
57539.0,0.0,0.019941624253988266
57540.0,0.0,0.024717602878808975
57541.0,0.0,0.016435613855719566
57542.0,0.0,0.0044645508751273155
57543.0,0.0,0.02207839861512184
57544.0,0.0,0.026141773909330368
57545.0,0.0,0.026425663381814957
57546.0,0.0,0.0597548745572567
57547.0,0.0,0.0014459739904850721
57548.0,0.0,0.017378058284521103
57549.0,0.0,0.0012315916828811169
57550.0,0.0,0.026141773909330368
57551.0,0.0,0.06565363705158234
57552.0,0.0,0.0014672224642708898
57553.0,0.0,0.0012283599935472012
57554.0,0.0,0.015675872564315796
57555.0,1.0,0.43229568004608154
57556.0,0.0,0.025771109387278557
57557.0,0.0,0.027341853827238083
57558.0,0.0,0.4287012219429016
57559.0,0.0,0.02236247807741165
57560.0,0.0,0.035236213356256485
57561.0,0.0,0.44021958112716675
57562.0,0.0,0.026122327893972397
57563.0,0.0,0.025545770302414894
57564.0,0.0,0.04041016474366188
57565.0,0.0,0.017378058284521103
57566.0,0.0,0.025005033239722252
57567.0,0.0,0.01704694889485836
57568.0,0.0,0.02314114384353161
57569.0,1.0,0.8454277515411377
57570.0,0.0,0.0182296484708786
57571.0,0.0,0.016994355246424675
57572.0,0.0,0.0018368932651355863
57573.0,0.0,0.0014202744932845235
57574.0,0.0,0.025771109387278557
57575.0,0.0,0.019073618575930595
57576.0,0.0,0.017969094216823578
57577.0,0.0,0.02534790337085724
57578.0,0.0,0.027001334354281425
57579.0,0.0,0.05530938133597374
57580.0,0.0,0.4445684850215912
57581.0,1.0,0.027234036475419998
57582.0,0.0,0.025283005088567734
57583.0,0.0,0.024906201288104057
57584.0,0.0,0.01462045032531023
57585.0,0.0,0.01830248348414898
57586.0,0.0,0.03634200617671013
57587.0,0.0,0.024906201288104057
57588.0,0.0,0.025771109387278557
57589.0,0.0,0.024906201288104057
57590.0,0.0,0.025043737143278122
57591.0,0.0,0.003620080417022109
57592.0,0.0,0.023636609315872192
57593.0,0.0,0.02361888997256756
57594.0,0.0,0.04120316356420517
57595.0,0.0,0.026405904442071915
57596.0,0.0,0.024906201288104057
57597.0,0.0,0.024906201288104057
57598.0,0.0,0.02995872125029564
57599.0,0.0,0.013185258023440838
57600.0,0.0,0.010713044553995132
57601.0,0.0,0.022451452910900116
57602.0,0.0,0.01646127924323082
57603.0,0.0,0.05616211146116257
57604.0,0.0,0.02632135897874832
57605.0,0.0,0.06474325805902481
57606.0,0.0,0.02663862146437168
57607.0,0.0,0.024501239880919456
57608.0,0.0,0.024717602878808975
57609.0,0.0,0.0014202744932845235
57610.0,0.0,0.025873281061649323
57611.0,0.0,0.027234036475419998
57612.0,0.0,0.046736687421798706
57613.0,0.0,0.0014202744932845235
57614.0,1.0,0.05915085971355438
57615.0,0.0,0.025771109387278557
57616.0,0.0,0.02339089661836624
57617.0,0.0,0.016122156754136086
57618.0,0.0,0.02663862146437168
57619.0,0.0,0.015590906143188477
57620.0,0.0,0.016008522361516953
57621.0,0.0,0.010245205834507942
57622.0,0.0,0.023887183517217636
57623.0,0.0,0.06131014972925186
57624.0,0.0,0.025283005088567734
57625.0,0.0,0.024555636569857597
57626.0,0.0,0.017969094216823578
57627.0,0.0,0.01899777166545391
57628.0,0.0,0.015878908336162567
57629.0,1.0,0.06344211101531982
57630.0,0.0,0.015878908336162567
57631.0,0.0,0.0016021872870624065
57632.0,0.0,0.03300219401717186
57633.0,0.0,0.0013694989029318094
57634.0,0.0,0.0012772607151418924
57635.0,0.0,0.011426706798374653
57636.0,0.0,0.02314114384353161
57637.0,0.0,0.02314114384353161
57638.0,0.0,0.025771109387278557
57639.0,0.0,0.02314114384353161
57640.0,0.0,0.025873281061649323
57641.0,0.0,0.0013663552235811949
57642.0,0.0,0.026744144037365913
57643.0,0.0,0.025550583377480507
57644.0,0.0,0.016435613855719566
57645.0,0.0,0.028332654386758804
57646.0,0.0,0.015878908336162567
57647.0,1.0,0.018225423991680145
57648.0,0.0,0.025771109387278557
57649.0,0.0,0.015202022157609463
57650.0,0.0,0.023887183517217636
57651.0,0.0,0.0013121713418513536
57652.0,0.0,0.016994355246424675
57653.0,0.0,0.02663862146437168
57654.0,0.0,0.08143749833106995
57655.0,0.0,0.0013193896738812327
57656.0,0.0,0.02663862146437168
57657.0,0.0,0.0012720894301310182
57658.0,0.0,0.02314114384353161
57659.0,0.0,0.016435613855719566
57660.0,0.0,0.024906201288104057
57661.0,0.0,0.01722889207303524
57662.0,0.0,0.024906201288104057
57663.0,0.0,0.026744144037365913
57664.0,0.0,0.02734609693288803
57665.0,0.0,0.016435613855719566
57666.0,0.0,0.016435613855719566
57667.0,0.0,0.0015091396635398269
57668.0,0.0,0.0262258630245924
57669.0,0.0,0.025346089154481888
57670.0,0.0,0.05599655583500862
57671.0,0.0,0.02536497637629509
57672.0,0.0,0.024906201288104057
57673.0,0.0,0.023887183517217636
57674.0,0.0,0.06131014972925186
57675.0,0.0,0.025005033239722252
57676.0,0.0,0.03975355252623558
57677.0,0.0,0.014891373924911022
57678.0,1.0,0.027234036475419998
57679.0,0.0,0.02632135897874832
57680.0,0.0,0.022938264533877373
57681.0,0.0,0.024906201288104057
57682.0,0.0,0.025771109387278557
57683.0,0.0,0.05812613666057587
57684.0,0.0,0.0013121713418513536
57685.0,0.0,0.013825992122292519
57686.0,0.0,0.02632135897874832
57687.0,0.0,0.024590618908405304
57688.0,0.0,0.023585906252264977
57689.0,0.0,0.025771109387278557
57690.0,0.0,0.022420059889554977
57691.0,0.0,0.025771109387278557
57692.0,1.0,0.4445684850215912
57693.0,0.0,0.024906201288104057
57694.0,0.0,0.021657899022102356
57695.0,0.0,0.025771109387278557
57696.0,0.0,0.024556316435337067
57697.0,0.0,0.02653190866112709
57698.0,0.0,0.016122156754136086
57699.0,0.0,0.016435613855719566
57700.0,0.0,0.0009595869341865182
57701.0,0.0,0.024717602878808975
57702.0,0.0,0.027234036475419998
57703.0,0.0,0.0014260467141866684
57704.0,0.0,0.05937730893492699
57705.0,0.0,0.0262258630245924
57706.0,0.0,0.0034053996205329895
57707.0,0.0,0.023922305554151535
57708.0,0.0,0.014891373924911022
57709.0,0.0,0.06469675898551941
57710.0,0.0,0.019941624253988266
57711.0,0.0,0.027234036475419998
57712.0,0.0,0.017336970195174217
57713.0,0.0,0.0273841954767704
57714.0,0.0,0.43061134219169617
57715.0,0.0,0.02536497637629509
57716.0,0.0,0.017969094216823578
57717.0,0.0,0.024906201288104057
57718.0,0.0,0.02445853315293789
57719.0,0.0,0.023853830993175507
57720.0,0.0,0.0013714581727981567
57721.0,0.0,0.025873281061649323
57722.0,0.0,0.014870388433337212
57723.0,0.0,0.024717602878808975
57724.0,0.0,0.01758851297199726
57725.0,0.0,0.025771109387278557
57726.0,0.0,0.025771109387278557
57727.0,0.0,0.01830248348414898
57728.0,0.0,0.014605714939534664
57729.0,1.0,0.05522727221250534
57730.0,0.0,0.029535578563809395
57731.0,0.0,0.025771109387278557
57732.0,0.0,0.05795514956116676
57733.0,0.0,0.060015689581632614
57734.0,0.0,0.025771109387278557
57735.0,0.0,0.02314114384353161
57736.0,0.0,0.037497278302907944
57737.0,0.0,0.023853830993175507
57738.0,0.0,0.06113040819764137
57739.0,0.0,0.010333484970033169
57740.0,0.0,0.015028689987957478
57741.0,1.0,0.06353750824928284
57742.0,0.0,0.02526475116610527
57743.0,0.0,0.015413998626172543
57744.0,0.0,0.001449301722459495
57745.0,0.0,0.05916696786880493
57746.0,0.0,0.00330717652104795
57747.0,0.0,0.039598796516656876
57748.0,0.0,0.037240318953990936
57749.0,0.0,0.0014401210937649012
57750.0,0.0,0.013356479816138744
57751.0,0.0,0.47445109486579895
57752.0,0.0,0.06344211101531982
57753.0,0.0,0.017969094216823578
57754.0,0.0,0.03636007010936737
57755.0,0.0,0.0558706633746624
57756.0,0.0,0.02481570467352867
57757.0,0.0,0.028110241517424583
57758.0,0.0,0.02663862146437168
57759.0,0.0,0.02358420193195343
57760.0,0.0,0.02314114384353161
57761.0,0.0,0.08702489733695984
57762.0,0.0,0.017739813774824142
57763.0,0.0,0.02663862146437168
57764.0,0.0,0.02061801590025425
57765.0,0.0,0.015963472425937653
57766.0,0.0,0.024906201288104057
57767.0,0.0,0.0016337033594027162
57768.0,0.0,0.0623965822160244
57769.0,0.0,0.0013517334591597319
57770.0,0.0,0.015590906143188477
57771.0,0.0,0.01678997464478016
57772.0,0.0,0.015202022157609463
57773.0,0.0,0.015878908336162567
57774.0,0.0,0.026122327893972397
57775.0,1.0,0.015338543802499771
57776.0,0.0,0.023636609315872192
57777.0,0.0,0.024970166385173798
57778.0,1.0,0.4122503101825714
57779.0,0.0,0.024871468544006348
57780.0,0.0,0.016293639317154884
57781.0,0.0,0.023636609315872192
57782.0,0.0,0.025229530408978462
57783.0,0.0,0.05582575500011444
57784.0,0.0,0.01575755886733532
57785.0,0.0,0.015413998626172543
57786.0,0.0,0.003938108682632446
57787.0,1.0,0.02544485405087471
57788.0,0.0,0.02663862146437168
57789.0,0.0,0.016435613855719566
57790.0,0.0,0.04182201623916626
57791.0,1.0,0.02632135897874832
57792.0,0.0,0.024906201288104057
57793.0,0.0,0.025771109387278557
57794.0,0.0,0.318710595369339
57795.0,0.0,0.017969094216823578
57796.0,0.0,0.025005033239722252
57797.0,0.0,0.024717602878808975
57798.0,0.0,0.0037465007044374943
57799.0,1.0,0.993314802646637
57800.0,0.0,0.025545770302414894
57801.0,0.0,0.012085461057722569
57802.0,0.0,0.024871468544006348
57803.0,0.0,0.05599655583500862
57804.0,0.0,0.003551457542926073
57805.0,0.0,0.017969094216823578
57806.0,0.0,0.025873281061649323
57807.0,0.0,0.027234036475419998
57808.0,0.0,0.015856554731726646
57809.0,0.0,0.014891373924911022
57810.0,0.0,0.015556056052446365
57811.0,0.0,0.018330127000808716
57812.0,0.0,0.0628470703959465
57813.0,0.0,0.04415956512093544
57814.0,0.0,0.018074018880724907
57815.0,0.0,0.018040908500552177
57816.0,0.0,0.015413998626172543
57817.0,0.0,0.05698017776012421
57818.0,0.0,0.0034105125814676285
57819.0,0.0,0.014743927866220474
57820.0,0.0,0.04596911370754242
57821.0,0.0,0.026425663381814957
57822.0,0.0,0.0017137171234935522
57823.0,0.0,0.024906201288104057
57824.0,0.0,0.03683403134346008
57825.0,0.0,0.024590618908405304
57826.0,0.0,0.05708349123597145
57827.0,0.0,0.022451452910900116
57828.0,0.0,0.02381543442606926
57829.0,0.0,0.015916068106889725
57830.0,0.0,0.02440434880554676
57831.0,0.0,0.03761137276887894
57832.0,1.0,0.9933859705924988
57833.0,0.0,0.003206670517101884
57834.0,0.0,0.02544485405087471
57835.0,0.0,0.01506237406283617
57836.0,0.0,0.05066057667136192
57837.0,0.0,0.016435613855719566
57838.0,0.0,0.0032576294615864754
57839.0,0.0,0.024906201288104057
57840.0,0.0,0.14687220752239227
57841.0,0.0,0.023636609315872192
57842.0,0.0,0.02314114384353161
57843.0,0.0,0.01722889207303524
57844.0,0.0,0.02445853315293789
57845.0,0.0,0.015413998626172543
57846.0,0.0,0.05826232582330704
57847.0,0.0,0.0690503939986229
57848.0,0.0,0.026301685720682144
57849.0,0.0,0.025245940312743187
57850.0,0.0,0.0014693202683702111
57851.0,0.0,0.023853830993175507
57852.0,0.0,0.05983950197696686
57853.0,0.0,0.020227687433362007
57854.0,0.0,0.015028689987957478
57855.0,0.0,0.024906201288104057
57856.0,0.0,0.013648834079504013
57857.0,0.0,0.0014459739904850721
57858.0,0.0,0.02475586347281933
57859.0,0.0,0.010565029457211494
57860.0,0.0,0.01729780063033104
57861.0,0.0,0.0035782535560429096
57862.0,0.0,0.025245940312743187
57863.0,0.0,0.025873281061649323
57864.0,0.0,0.025873281061649323
57865.0,0.0,0.014743927866220474
57866.0,1.0,0.43061134219169617
57867.0,0.0,0.05421041324734688
57868.0,1.0,0.6625932455062866
57869.0,0.0,0.06511613726615906
57870.0,0.0,0.026141773909330368
57871.0,0.0,0.02526475116610527
57872.0,0.0,0.4167942404747009
57873.0,0.0,0.025873281061649323
57874.0,1.0,0.055439580231904984
57875.0,0.0,0.026301685720682144
57876.0,0.0,0.02062038704752922
57877.0,0.0,0.022847406566143036
57878.0,0.0,0.025771109387278557
57879.0,0.0,0.017969094216823578
57880.0,0.0,0.029652222990989685
57881.0,0.0,0.024717602878808975
57882.0,0.0,0.059325143694877625
57883.0,0.0,0.0014202744932845235
57884.0,0.0,0.0015030310023576021
57885.0,0.0,0.0014401210937649012
57886.0,0.0,0.02660154178738594
57887.0,1.0,0.05607227236032486
57888.0,0.0,0.010836593806743622
57889.0,0.0,0.023922305554151535
57890.0,0.0,0.025913292542099953
57891.0,0.0,0.027234036475419998
57892.0,0.0,0.05366620793938637
57893.0,0.0,0.05860500782728195
57894.0,0.0,0.025771109387278557
57895.0,0.0,0.02236247807741165
57896.0,0.0,0.025771109387278557
57897.0,0.0,0.0012283599935472012
57898.0,0.0,0.025771109387278557
57899.0,1.0,0.9779431819915771
57900.0,0.0,0.014276108704507351
57901.0,0.0,0.018040908500552177
57902.0,0.0,0.020962970331311226
57903.0,0.0,0.01158476434648037
57904.0,0.0,0.024556316435337067
57905.0,0.0,0.02632135897874832
57906.0,0.0,0.014621013775467873
57907.0,0.0,0.0013608243316411972
57908.0,0.0,0.017378058284521103
57909.0,0.0,0.0034053996205329895
57910.0,0.0,0.027913730591535568
57911.0,0.0,0.024231432005763054
57912.0,0.0,0.0262258630245924
57913.0,0.0,0.03683403134346008
57914.0,0.0,0.014430656097829342
57915.0,0.0,0.014743927866220474
57916.0,0.0,0.022847406566143036
57917.0,0.0,0.025771109387278557
57918.0,0.0,0.02658638171851635
57919.0,0.0,0.025771109387278557
57920.0,0.0,0.028819752857089043
57921.0,0.0,0.015413998626172543
57922.0,0.0,0.01740630343556404
57923.0,0.0,0.05812613666057587
57924.0,0.0,0.0013770321384072304
57925.0,0.0,0.03901994973421097
57926.0,0.0,0.2373291254043579
57927.0,0.0,0.015338543802499771
57928.0,0.0,0.024717602878808975
57929.0,0.0,0.02628469653427601
57930.0,0.0,0.016435613855719566
57931.0,0.0,0.0015030310023576021
57932.0,0.0,0.05730250105261803
57933.0,0.0,0.023888908326625824
57934.0,0.0,0.023922305554151535
57935.0,0.0,0.06123312562704086
57936.0,1.0,0.41536352038383484
57937.0,0.0,0.01607489213347435
57938.0,0.0,0.0014412200544029474
57939.0,0.0,0.4287012219429016
57940.0,1.0,0.4215022325515747
57941.0,0.0,0.06940219551324844
57942.0,0.0,0.025771109387278557
57943.0,0.0,0.02361888997256756
57944.0,0.0,0.022047515958547592
57945.0,0.0,0.03683403134346008
57946.0,0.0,0.003337465226650238
57947.0,0.0,0.025771109387278557
57948.0,0.0,0.0015108594670891762
57949.0,0.0,0.05538422241806984
57950.0,0.0,0.03339214250445366
57951.0,0.0,0.04371431842446327
57952.0,0.0,0.024871468544006348
57953.0,0.0,0.024970166385173798
57954.0,0.0,0.016122156754136086
57955.0,0.0,0.04475943744182587
57956.0,0.0,0.050926804542541504
57957.0,0.0,0.025771109387278557
57958.0,0.0,0.025771109387278557
57959.0,0.0,0.001392714912071824
57960.0,1.0,0.35567474365234375
57961.0,0.0,0.029632944613695145
57962.0,0.0,0.016435613855719566
57963.0,0.0,0.02323314920067787
57964.0,0.0,0.026275571435689926
57965.0,0.0,0.015675872564315796
57966.0,0.0,0.025229530408978462
57967.0,0.0,0.019073618575930595
57968.0,0.0,0.02709795907139778
57969.0,0.0,0.0012720894301310182
57970.0,0.0,0.016435613855719566
57971.0,0.0,0.016122156754136086
57972.0,0.0,0.029535578563809395
57973.0,0.0,0.023948587477207184
57974.0,0.0,0.022532787173986435
57975.0,0.0,0.02314114384353161
57976.0,0.0,0.024556316435337067
57977.0,1.0,0.783696711063385
57978.0,0.0,0.016435613855719566
57979.0,0.0,0.023887183517217636
57980.0,1.0,0.4392189085483551
57981.0,0.0,0.0013334295945242047
57982.0,0.0,0.02314114384353161
57983.0,0.0,0.4476095139980316
57984.0,0.0,0.02663862146437168
57985.0,0.0,0.0012720894301310182
57986.0,1.0,0.44021958112716675
57987.0,0.0,0.010245205834507942
57988.0,1.0,0.4392189085483551
57989.0,0.0,0.02544485405087471
57990.0,1.0,0.9295973181724548
57991.0,0.0,0.03516509383916855
57992.0,1.0,0.05812613666057587
57993.0,0.0,0.02236247807741165
57994.0,0.0,0.022913336753845215
57995.0,0.0,0.03683403134346008
57996.0,0.0,0.02314114384353161
57997.0,0.0,0.0262258630245924
57998.0,0.0,0.05364430323243141
57999.0,0.0,0.015856554731726646
58000.0,0.0,0.017378058284521103
58001.0,1.0,0.05908733606338501
58002.0,0.0,0.03224973380565643
58003.0,0.0,0.02632135897874832
58004.0,0.0,0.015224582515656948
58005.0,1.0,0.9964537620544434
58006.0,0.0,0.023568198084831238
58007.0,0.0,0.022451452910900116
58008.0,0.0,0.07063893973827362
58009.0,0.0,0.01899777166545391
58010.0,0.0,0.015413998626172543
58011.0,0.0,0.02323314920067787
58012.0,1.0,0.016766361892223358
58013.0,0.0,0.060015689581632614
58014.0,0.0,0.056373950093984604
58015.0,0.0,0.01445102971047163
58016.0,0.0,0.1252300888299942
58017.0,0.0,0.02323314920067787
58018.0,0.0,0.017378058284521103
58019.0,1.0,0.9962475895881653
58020.0,0.0,0.03645686060190201
58021.0,0.0,0.024433191865682602
58022.0,0.0,0.017969094216823578
58023.0,0.0,0.04475943744182587
58024.0,0.0,0.0376441553235054
58025.0,0.0,0.0015030310023576021
58026.0,0.0,0.024717602878808975
58027.0,0.0,0.02660154178738594
58028.0,0.0,0.014621013775467873
58029.0,0.0,0.025550583377480507
58030.0,0.0,0.01629883050918579
58031.0,0.0,0.02360360138118267
58032.0,0.0,0.02653190866112709
58033.0,0.0,0.05607227236032486
58034.0,0.0,0.024590618908405304
58035.0,0.0,0.05515262857079506
58036.0,0.0,0.0012720894301310182
58037.0,0.0,0.025005033239722252
58038.0,0.0,0.01722889207303524
58039.0,0.0,0.039906181395053864
58040.0,1.0,0.44021958112716675
58041.0,1.0,0.4961549639701843
58042.0,0.0,0.025514967739582062
58043.0,0.0,0.4454721212387085
58044.0,0.0,0.04006208851933479
58045.0,0.0,0.4445684850215912
58046.0,0.0,0.23806510865688324
58047.0,0.0,0.025245940312743187
58048.0,0.0,0.02236247807741165
58049.0,0.0,0.0417434461414814
58050.0,0.0,0.003202454885467887
58051.0,0.0,0.025771109387278557
58052.0,0.0,0.04174934700131416
58053.0,0.0,0.026642637327313423
58054.0,0.0,0.024906201288104057
58055.0,0.0,0.06865513324737549
58056.0,0.0,0.024717602878808975
58057.0,0.0,0.017969094216823578
58058.0,0.0,0.017969094216823578
58059.0,0.0,0.023420259356498718
58060.0,0.0,0.0028569442220032215
58061.0,0.0,0.025005033239722252
58062.0,0.0,0.02660154178738594
58063.0,0.0,0.01678997464478016
58064.0,0.0,0.02663862146437168
58065.0,0.0,0.43125638365745544
58066.0,0.0,0.02632135897874832
58067.0,0.0,0.022938264533877373
58068.0,0.0,0.038543496280908585
58069.0,0.0,0.017969094216823578
58070.0,0.0,0.022938264533877373
58071.0,0.0,0.0034886039793491364
58072.0,0.0,0.0013916846364736557
58073.0,0.0,0.02544485405087471
58074.0,0.0,0.027234036475419998
58075.0,0.0,0.03702286630868912
58076.0,0.0,0.025550583377480507
58077.0,0.0,0.056692253798246384
58078.0,0.0,0.024906201288104057
58079.0,0.0,0.05795514956116676
58080.0,0.0,0.027341853827238083
58081.0,0.0,0.34842145442962646
58082.0,0.0,0.06175331398844719
58083.0,0.0,0.0014202744932845235
58084.0,0.0,0.06344211101531982
58085.0,0.0,0.030646273866295815
58086.0,0.0,0.02440434880554676
58087.0,0.0,0.036940768361091614
58088.0,0.0,0.0014202744932845235
58089.0,0.0,0.022451452910900116
58090.0,0.0,0.02632135897874832
58091.0,0.0,0.017739813774824142
58092.0,0.0,0.039917442947626114
58093.0,0.0,0.016435613855719566
58094.0,0.0,0.025771109387278557
58095.0,0.0,0.0013663552235811949
58096.0,0.0,0.0012999485479667783
58097.0,0.0,0.015590906143188477
58098.0,0.0,0.01521681435406208
58099.0,0.0,0.017969094216823578
58100.0,0.0,0.025771109387278557
58101.0,0.0,0.02544485405087471
58102.0,0.0,0.0013447955716401339
58103.0,0.0,0.0014401210937649012
58104.0,1.0,0.023887183517217636
58105.0,0.0,0.026425663381814957
58106.0,0.0,0.01704694889485836
58107.0,0.0,0.02331724390387535
58108.0,0.0,0.016964009031653404
58109.0,1.0,0.024590618908405304
58110.0,0.0,0.001466364716179669
58111.0,1.0,0.9775524139404297
58112.0,0.0,0.44283321499824524
58113.0,0.0,0.06278541684150696
58114.0,0.0,0.01899777166545391
58115.0,0.0,0.026141773909330368
58116.0,0.0,0.0014075487852096558
58117.0,0.0,0.02445853315293789
58118.0,0.0,0.41751599311828613
58119.0,0.0,0.038782041519880295
58120.0,0.0,0.02663862146437168
58121.0,0.0,0.02641528844833374
58122.0,0.0,0.43704754114151
58123.0,0.0,0.05237181484699249
58124.0,0.0,0.0012442073784768581
58125.0,0.0,0.0014202744932845235
58126.0,0.0,0.024255694821476936
58127.0,0.0,0.0013517334591597319
58128.0,0.0,0.003328826045617461
58129.0,0.0,0.03363712877035141
58130.0,0.0,0.04019296169281006
58131.0,0.0,0.02314114384353161
58132.0,0.0,0.02663862146437168
58133.0,0.0,0.027234036475419998
58134.0,0.0,0.02481570467352867
58135.0,0.0,0.0037894947454333305
58136.0,0.0,0.027234036475419998
58137.0,0.0,0.027184927836060524
58138.0,0.0,0.02544485405087471
58139.0,0.0,0.0012999485479667783
58140.0,0.0,0.9330760836601257
58141.0,0.0,0.025771109387278557
58142.0,1.0,0.024871468544006348
58143.0,0.0,0.025771109387278557
58144.0,0.0,0.023887183517217636
58145.0,0.0,0.025545770302414894
58146.0,0.0,0.015107985585927963
58147.0,0.0,0.02814936637878418
58148.0,0.0,0.02207839861512184
58149.0,0.0,0.023853830993175507
58150.0,0.0,0.04475943744182587
58151.0,0.0,0.06722301989793777
58152.0,0.0,0.02544485405087471
58153.0,0.0,0.015413998626172543
58154.0,0.0,0.05708349123597145
58155.0,0.0,0.05468479543924332
58156.0,0.0,0.025873281061649323
58157.0,0.0,0.026425663381814957
58158.0,0.0,0.4392189085483551
58159.0,0.0,0.0012720894301310182
58160.0,0.0,0.024906201288104057
58161.0,0.0,0.0013516949256882071
58162.0,0.0,0.02526475116610527
58163.0,0.0,0.018330127000808716
58164.0,0.0,0.04006208851933479
58165.0,0.0,0.04749922454357147
58166.0,0.0,0.025771109387278557
58167.0,0.0,0.016661789268255234
58168.0,0.0,0.0015612490242347121
58169.0,0.0,0.0013431700645014644
58170.0,0.0,0.025073513388633728
58171.0,1.0,0.45423975586891174
58172.0,0.0,0.024906201288104057
58173.0,0.0,0.3311502933502197
58174.0,0.0,0.025073513388633728
58175.0,0.0,0.014891373924911022
58176.0,0.0,0.01722889207303524
58177.0,0.0,0.014743927866220474
58178.0,0.0,0.023887183517217636
58179.0,0.0,0.02663862146437168
58180.0,0.0,0.0185039434581995
58181.0,0.0,0.039906181395053864
58182.0,0.0,0.06375277787446976
58183.0,0.0,0.027341853827238083
58184.0,0.0,0.023887183517217636
58185.0,0.0,0.009548312984406948
58186.0,0.0,0.016435613855719566
58187.0,0.0,0.017810726538300514
58188.0,0.0,0.014891373924911022
58189.0,0.0,0.02445853315293789
58190.0,0.0,0.017336970195174217
58191.0,0.0,0.015223466791212559
58192.0,0.0,0.02660154178738594
58193.0,0.0,0.0037004416808485985
58194.0,0.0,0.34842145442962646
58195.0,0.0,0.016994355246424675
58196.0,0.0,0.027234036475419998
58197.0,0.0,0.014555196277797222
58198.0,0.0,0.02544485405087471
58199.0,0.0,0.029535578563809395
58200.0,0.0,0.024052487686276436
58201.0,0.0,0.016122156754136086
58202.0,0.0,0.014185122214257717
58203.0,0.0,0.05812613666057587
58204.0,0.0,0.03190137818455696
58205.0,0.0,0.023887183517217636
58206.0,0.0,0.039598796516656876
58207.0,0.0,0.026122327893972397
58208.0,0.0,0.0014502613339573145
58209.0,0.0,0.025771109387278557
58210.0,0.0,0.024717602878808975
58211.0,0.0,0.0014693202683702111
58212.0,1.0,0.023474901914596558
58213.0,0.0,0.0013770321384072304
58214.0,0.0,0.02398207224905491
58215.0,0.0,0.03563237935304642
58216.0,1.0,0.9936758875846863
58217.0,0.0,0.02236247807741165
58218.0,0.0,0.015878908336162567
58219.0,0.0,0.026122327893972397
58220.0,0.0,0.020184483379125595
58221.0,0.0,0.024871468544006348
58222.0,1.0,0.036820992827415466
58223.0,0.0,0.03710935637354851
58224.0,0.0,0.025771109387278557
58225.0,1.0,0.34842145442962646
58226.0,0.0,0.02521074190735817
58227.0,0.0,0.02445853315293789
58228.0,1.0,0.011426706798374653
58229.0,0.0,0.05607227236032486
58230.0,0.0,0.05554807558655739
58231.0,0.0,0.04743117094039917
58232.0,0.0,0.02453019469976425
58233.0,0.0,0.02481570467352867
58234.0,0.0,0.05582575500011444
58235.0,0.0,0.056776631623506546
58236.0,0.0,0.015856554731726646
58237.0,0.0,0.025873281061649323
58238.0,0.0,0.015413998626172543
58239.0,0.0,0.05520085245370865
58240.0,0.0,0.01899777166545391
58241.0,0.0,0.0013608243316411972
58242.0,0.0,0.016435613855719566
58243.0,1.0,0.996327817440033
58244.0,0.0,0.02207839861512184
58245.0,0.0,0.022331207990646362
58246.0,0.0,0.02544485405087471
58247.0,0.0,0.017969094216823578
58248.0,0.0,0.022331207990646362
58249.0,0.0,0.037497278302907944
58250.0,0.0,0.035611413419246674
58251.0,0.0,0.038531553000211716
58252.0,0.0,0.025771109387278557
58253.0,0.0,0.02628469653427601
58254.0,0.0,0.0013462231727316976
58255.0,0.0,0.01678997464478016
58256.0,0.0,0.024906201288104057
58257.0,0.0,0.0271451435983181
58258.0,0.0,0.023636609315872192
58259.0,0.0,0.024871468544006348
58260.0,0.0,0.023579120635986328
58261.0,0.0,0.0013486293610185385
58262.0,0.0,0.0013714581727981567
58263.0,0.0,0.024555636569857597
58264.0,0.0,0.020916162058711052
58265.0,0.0,0.03856055065989494
58266.0,0.0,0.017969094216823578
58267.0,0.0,0.02663862146437168
58268.0,0.0,0.0014202744932845235
58269.0,0.0,0.05685824900865555
58270.0,1.0,0.02663862146437168
58271.0,0.0,0.022331207990646362
58272.0,0.0,0.0031798570416867733
58273.0,0.0,0.025771109387278557
58274.0,0.0,0.025771109387278557
58275.0,0.0,0.025718815624713898
58276.0,0.0,0.015878908336162567
58277.0,0.0,0.026141773909330368
58278.0,0.0,0.01704694889485836
58279.0,0.0,0.023887183517217636
58280.0,0.0,0.02632135897874832
58281.0,0.0,0.013124067336320877
58282.0,0.0,0.04094049707055092
58283.0,0.0,0.017115140333771706
58284.0,0.0,0.01899777166545391
58285.0,0.0,0.05795514956116676
58286.0,0.0,0.024340610951185226
58287.0,0.0,0.025873281061649323
58288.0,0.0,0.02481570467352867
58289.0,0.0,0.016435613855719566
58290.0,0.0,0.002962704747915268
58291.0,0.0,0.024906201288104057
58292.0,0.0,0.013825992122292519
58293.0,0.0,0.01899777166545391
58294.0,0.0,0.014931535348296165
58295.0,0.0,0.025771109387278557
58296.0,0.0,0.023887183517217636
58297.0,0.0,0.014243694953620434
58298.0,0.0,0.02544485405087471
58299.0,0.0,0.0012283599935472012
58300.0,0.0,0.013356479816138744
58301.0,0.0,0.015878908336162567
58302.0,0.0,0.025873281061649323
58303.0,1.0,0.4392189085483551
58304.0,0.0,0.010952994227409363
58305.0,0.0,0.024717602878808975
58306.0,0.0,0.015938570722937584
58307.0,0.0,0.0385444350540638
58308.0,0.0,0.02995872125029564
58309.0,0.0,0.014777462929487228
58310.0,0.0,0.02314114384353161
58311.0,0.0,0.02445853315293789
58312.0,0.0,0.001437790342606604
58313.0,0.0,0.01722889207303524
58314.0,0.0,0.003202454885467887
58315.0,1.0,0.05623804032802582
58316.0,0.0,0.0014202744932845235
58317.0,1.0,0.02544485405087471
58318.0,0.0,0.016122156754136086
58319.0,0.0,0.017336970195174217
58320.0,0.0,0.027234036475419998
58321.0,0.0,0.02814936637878418
58322.0,0.0,0.026301685720682144
58323.0,0.0,0.036484528332948685
58324.0,0.0,0.015590906143188477
58325.0,0.0,0.02663862146437168
58326.0,0.0,0.02355126105248928
58327.0,0.0,0.01850307360291481
58328.0,0.0,0.0013714581727981567
58329.0,0.0,0.0014202744932845235
58330.0,0.0,0.02544485405087471
58331.0,0.0,0.027341853827238083
58332.0,0.0,0.02481570467352867
58333.0,0.0,0.0017358994809910655
58334.0,0.0,0.0262258630245924
58335.0,0.0,0.024871468544006348
58336.0,0.0,0.0013608243316411972
58337.0,0.0,0.03343838080763817
58338.0,1.0,0.4122503101825714
58339.0,0.0,0.025545770302414894
58340.0,0.0,0.028508367016911507
58341.0,0.0,0.02398207224905491
58342.0,0.0,0.026122327893972397
58343.0,0.0,0.0597548745572567
58344.0,0.0,0.014777462929487228
58345.0,0.0,0.022847406566143036
58346.0,0.0,0.025771109387278557
58347.0,0.0,0.02526475116610527
58348.0,0.0,0.024906201288104057
58349.0,0.0,0.0008263398194685578
58350.0,0.0,0.024906201288104057
58351.0,0.0,0.0182296484708786
58352.0,0.0,0.02323314920067787
58353.0,0.0,0.05582575500011444
58354.0,0.0,0.015856554731726646
58355.0,0.0,0.025005033239722252
58356.0,0.0,0.024906201288104057
58357.0,0.0,0.050926804542541504
58358.0,0.0,0.05865982547402382
58359.0,0.0,0.025771109387278557
58360.0,0.0,0.028660891577601433
58361.0,0.0,0.016994355246424675
58362.0,0.0,0.016225576400756836
58363.0,0.0,0.013337628915905952
58364.0,0.0,0.03944549709558487
58365.0,0.0,0.025545770302414894
58366.0,0.0,0.016122156754136086
58367.0,0.0,0.4090858995914459
58368.0,0.0,0.018622351810336113
58369.0,1.0,0.4616709053516388
58370.0,0.0,0.02814936637878418
58371.0,0.0,0.4532330334186554
58372.0,0.0,0.02481570467352867
58373.0,0.0,0.0014551917556673288
58374.0,0.0,0.003296883078292012
58375.0,0.0,0.015884090214967728
58376.0,0.0,0.024590618908405304
58377.0,0.0,0.02358420193195343
58378.0,0.0,0.015675872564315796
58379.0,0.0,0.025550583377480507
58380.0,0.0,0.015938570722937584
58381.0,0.0,0.026141773909330368
58382.0,0.0,0.028361354023218155
58383.0,0.0,0.02591816894710064
58384.0,0.0,0.025310751050710678
58385.0,0.0,0.022451452910900116
58386.0,0.0,0.023721186444163322
58387.0,0.0,0.024717602878808975
58388.0,0.0,0.03965608775615692
58389.0,0.0,0.4532330334186554
58390.0,0.0,0.0014202744932845235
58391.0,0.0,0.0033205936197191477
58392.0,0.0,0.02398207224905491
58393.0,0.0,0.001552709611132741
58394.0,0.0,0.01899777166545391
58395.0,0.0,0.022420059889554977
58396.0,0.0,0.02663862146437168
58397.0,0.0,0.015375401824712753
58398.0,0.0,0.02445853315293789
58399.0,0.0,0.013825992122292519
58400.0,0.0,0.0472479946911335
58401.0,0.0,0.02632135897874832
58402.0,0.0,0.02663862146437168
58403.0,0.0,0.05607227236032486
58404.0,0.0,0.027234036475419998
58405.0,0.0,0.023721186444163322
58406.0,0.0,0.03637295961380005
58407.0,0.0,0.01747695542871952
58408.0,0.0,0.027913730591535568
58409.0,0.0,0.015856554731726646
58410.0,0.0,0.025346089154481888
58411.0,0.0,0.017336970195174217
58412.0,0.0,0.0013906233943998814
58413.0,0.0,0.026744144037365913
58414.0,0.0,0.4370000660419464
58415.0,0.0,0.025771109387278557
58416.0,0.0,0.059282299131155014
58417.0,0.0,0.025771109387278557
58418.0,0.0,0.014891373924911022
58419.0,0.0,0.02207839861512184
58420.0,0.0,0.023636609315872192
58421.0,0.0,0.001317504676990211
58422.0,0.0,0.016225576400756836
58423.0,0.0,0.02632135897874832
58424.0,0.0,0.0012106910580769181
58425.0,1.0,0.4532330334186554
58426.0,0.0,0.018040908500552177
58427.0,0.0,0.024906201288104057
58428.0,0.0,0.0014513740316033363
58429.0,0.0,0.014114202931523323
58430.0,0.0,0.025616150349378586
58431.0,0.0,0.042148660868406296
58432.0,0.0,0.035130035132169724
58433.0,0.0,0.0014672224642708898
58434.0,0.0,0.0014202744932845235
58435.0,0.0,0.02445853315293789
58436.0,0.0,0.027894753962755203
58437.0,0.0,0.02236247807741165
58438.0,0.0,0.02440434880554676
58439.0,0.0,0.03513512387871742
58440.0,0.0,0.02207839861512184
58441.0,0.0,0.05454898998141289
58442.0,0.0,0.42740845680236816
58443.0,0.0,0.02236247807741165
58444.0,0.0,0.016994355246424675
58445.0,0.0,0.056211650371551514
58446.0,0.0,0.0262258630245924
58447.0,0.0,0.02314114384353161
58448.0,0.0,0.010952994227409363
58449.0,0.0,0.02507074922323227
58450.0,1.0,0.9959011673927307
58451.0,0.0,0.015116751194000244
58452.0,0.0,0.017008891329169273
58453.0,0.0,0.024590618908405304
58454.0,0.0,0.024871468544006348
58455.0,0.0,0.024590618908405304
58456.0,0.0,0.02236247807741165
58457.0,0.0,0.027234036475419998
58458.0,0.0,0.4476095139980316
58459.0,0.0,0.06689666211605072
58460.0,1.0,0.43061134219169617
58461.0,0.0,0.018495531752705574
58462.0,1.0,0.05638376995921135
58463.0,0.0,0.33876457810401917
58464.0,0.0,0.0008202852914109826
58465.0,1.0,0.4300849735736847
58466.0,0.0,0.0012720894301310182
58467.0,0.0,0.027341853827238083
58468.0,0.0,0.025545770302414894
58469.0,0.0,0.016661789268255234
58470.0,0.0,0.01704694889485836
58471.0,0.0,0.0352720282971859
58472.0,0.0,0.022847406566143036
58473.0,0.0,0.0013193896738812327
58474.0,1.0,0.3426138460636139
58475.0,0.0,0.05708349123597145
58476.0,0.0,0.024717602878808975
58477.0,0.0,0.025771109387278557
58478.0,0.0,0.022135263308882713
58479.0,0.0,0.017969094216823578
58480.0,0.0,0.01618671976029873
58481.0,0.0,0.02854803204536438
58482.0,0.0,0.4366953670978546
58483.0,0.0,0.015155063942074776
58484.0,0.0,0.01039495412260294
58485.0,0.0,0.025771109387278557
58486.0,0.0,0.05616211146116257
58487.0,0.0,0.01886281929910183
58488.0,0.0,0.025873281061649323
58489.0,0.0,0.010159410536289215
58490.0,0.0,0.018040908500552177
58491.0,0.0,0.027234036475419998
58492.0,0.0,0.01899777166545391
58493.0,0.0,0.01899777166545391
58494.0,0.0,0.023474901914596558
58495.0,0.0,0.023568198084831238
58496.0,0.0,0.01492331176996231
58497.0,0.0,0.024906201288104057
58498.0,0.0,0.026425663381814957
58499.0,0.0,0.02309388853609562
58500.0,0.0,0.026425663381814957
58501.0,0.0,0.014891373924911022
58502.0,0.0,0.056853342801332474
58503.0,0.0,0.017115604132413864
58504.0,0.0,0.0185039434581995
58505.0,0.0,0.010565029457211494
58506.0,0.0,0.03304668888449669
58507.0,0.0,0.015223466791212559
58508.0,0.0,0.025651903823018074
58509.0,0.0,0.014958435669541359
58510.0,0.0,0.028057031333446503
58511.0,0.0,0.025310751050710678
58512.0,0.0,0.025771109387278557
58513.0,0.0,0.028110241517424583
58514.0,0.0,0.024717602878808975
58515.0,1.0,0.43026041984558105
58516.0,0.0,0.023983800783753395
58517.0,0.0,0.016435613855719566
58518.0,0.0,0.025005033239722252
58519.0,0.0,0.024717602878808975
58520.0,0.0,0.017969094216823578
58521.0,0.0,0.4465901553630829
58522.0,0.0,0.03935639187693596
58523.0,0.0,0.43704754114151
58524.0,0.0,0.023612098768353462
58525.0,0.0,0.06344211101531982
58526.0,0.0,0.0014202744932845235
58527.0,0.0,0.0012720894301310182
58528.0,0.0,0.04075709730386734
58529.0,0.0,0.0031325705349445343
58530.0,0.0,0.025771109387278557
58531.0,0.0,0.02314114384353161
58532.0,0.0,0.06144807115197182
58533.0,0.0,0.024717602878808975
58534.0,0.0,0.040349941700696945
58535.0,0.0,0.01722889207303524
58536.0,0.0,0.0638866275548935
58537.0,0.0,0.024590618908405304
58538.0,0.0,0.016994355246424675
58539.0,0.0,0.05708349123597145
58540.0,0.0,0.0014202744932845235
58541.0,0.0,0.02624538727104664
58542.0,1.0,0.4426445960998535
58543.0,0.0,0.02663862146437168
58544.0,0.0,0.022135263308882713
58545.0,0.0,0.0014018514193594456
58546.0,0.0,0.02544485405087471
58547.0,0.0,0.025873281061649323
58548.0,0.0,0.017008891329169273
58549.0,0.0,0.0013608243316411972
58550.0,0.0,0.016435613855719566
58551.0,0.0,0.050863754004240036
58552.0,0.0,0.014891373924911022
58553.0,0.0,0.025771109387278557
58554.0,0.0,0.016122156754136086
58555.0,0.0,0.017969094216823578
58556.0,0.0,0.0014078195672482252
58557.0,1.0,0.058541614562273026
58558.0,0.0,0.025005033239722252
58559.0,0.0,0.023568198084831238
58560.0,0.0,0.05795514956116676
58561.0,0.0,0.025771109387278557
58562.0,0.0,0.029936516657471657
58563.0,0.0,0.026425663381814957
58564.0,0.0,0.01629883050918579
58565.0,0.0,0.017969094216823578
58566.0,0.0,0.04214458912611008
58567.0,0.0,0.014255979098379612
58568.0,0.0,0.060015689581632614
58569.0,0.0,0.025873281061649323
58570.0,0.0,0.41840609908103943
58571.0,0.0,0.02481570467352867
58572.0,0.0,0.030143672600388527
58573.0,0.0,0.015878908336162567
58574.0,0.0,0.018288765102624893
58575.0,0.0,0.024871468544006348
58576.0,0.0,0.023853830993175507
58577.0,0.0,0.07558200508356094
58578.0,0.0,0.0013462231727316976
58579.0,0.0,0.000811643956694752
58580.0,0.0,0.014743927866220474
58581.0,0.0,0.025283005088567734
58582.0,1.0,0.7801046967506409
58583.0,0.0,0.0014752917923033237
58584.0,0.0,0.05893402174115181
58585.0,0.0,0.02663862146437168
58586.0,0.0,0.05739555507898331
58587.0,0.0,0.025771109387278557
58588.0,0.0,0.05916696786880493
58589.0,0.0,0.027234036475419998
58590.0,0.0,0.02445853315293789
58591.0,0.0,0.024231432005763054
58592.0,0.0,0.02745433896780014
58593.0,0.0,0.022397181019186974
58594.0,0.0,0.025771109387278557
58595.0,0.0,0.025873281061649323
58596.0,0.0,0.0013431700645014644
58597.0,0.0,0.025771109387278557
58598.0,0.0,0.016936318948864937
58599.0,0.0,0.025545770302414894
58600.0,0.0,0.027341853827238083
58601.0,0.0,0.004172900225967169
58602.0,0.0,0.025771109387278557
58603.0,0.0,0.017378058284521103
58604.0,0.0,0.05573805421590805
58605.0,0.0,0.02544485405087471
58606.0,0.0,0.05817730352282524
58607.0,0.0,0.022847406566143036
58608.0,0.0,0.024871468544006348
58609.0,1.0,0.4006469249725342
58610.0,0.0,0.05817730352282524
58611.0,0.0,0.024906201288104057
58612.0,0.0,0.016435613855719566
58613.0,0.0,0.03237675130367279
58614.0,0.0,0.0013714581727981567
58615.0,0.0,0.02663862146437168
58616.0,0.0,0.0014693202683702111
58617.0,0.0,0.0018661250360310078
58618.0,0.0,0.025873281061649323
58619.0,0.0,0.02814936637878418
58620.0,0.0,0.0629376545548439
58621.0,0.0,0.02663862146437168
58622.0,0.0,0.34440651535987854
58623.0,0.0,0.024590618908405304
58624.0,1.0,0.015413998626172543
58625.0,0.0,0.0030558928847312927
58626.0,0.0,0.024906201288104057
58627.0,0.0,0.014276108704507351
58628.0,0.0,0.022451452910900116
58629.0,0.0,0.02544485405087471
58630.0,0.0,0.01722889207303524
58631.0,0.0,0.02236247807741165
58632.0,0.0,0.025227047502994537
58633.0,0.0,0.01722889207303524
58634.0,1.0,0.41536352038383484
58635.0,0.0,0.0031331481877714396
58636.0,0.0,0.017968246713280678
58637.0,0.0,0.015277317725121975
58638.0,1.0,0.027128420770168304
58639.0,0.0,0.02663862146437168
58640.0,0.0,0.04529191553592682
58641.0,0.0,0.025873281061649323
58642.0,0.0,0.02663862146437168
58643.0,0.0,0.017115140333771706
58644.0,0.0,0.06353642046451569
58645.0,0.0,0.027234036475419998
58646.0,0.0,0.014276108704507351
58647.0,0.0,0.025771109387278557
58648.0,1.0,0.4445684850215912
58649.0,0.0,0.015590906143188477
58650.0,0.0,0.015413998626172543
58651.0,0.0,0.02641528844833374
58652.0,0.0,0.014891373924911022
58653.0,0.0,0.0009104121127165854
58654.0,0.0,0.015916068106889725
58655.0,0.0,0.0013963785022497177
58656.0,0.0,0.04266770929098129
58657.0,0.0,0.018330127000808716
58658.0,0.0,0.03896172344684601
58659.0,0.0,0.023948587477207184
58660.0,0.0,0.03426709398627281
58661.0,0.0,0.015223466791212559
58662.0,0.0,0.05795514956116676
58663.0,0.0,0.015856554731726646
58664.0,0.0,0.0013714581727981567
58665.0,0.0,0.02663862146437168
58666.0,0.0,0.026141773909330368
58667.0,0.0,0.02660154178738594
58668.0,0.0,0.02314114384353161
58669.0,0.0,0.027234036475419998
58670.0,0.0,0.026141773909330368
58671.0,0.0,0.059282299131155014
58672.0,0.0,0.025771109387278557
58673.0,0.0,0.017969094216823578
58674.0,0.0,0.02236247807741165
58675.0,0.0,0.023887183517217636
58676.0,0.0,0.037267234176397324
58677.0,0.0,0.01899777166545391
58678.0,0.0,0.024717602878808975
58679.0,0.0,0.05708349123597145
58680.0,0.0,0.0007881945348344743
58681.0,0.0,0.06925836950540543
58682.0,0.0,0.024717602878808975
58683.0,0.0,0.023922305554151535
58684.0,0.0,0.017969094216823578
58685.0,0.0,0.0012772607151418924
58686.0,0.0,0.016777299344539642
58687.0,0.0,0.015413998626172543
58688.0,0.0,0.02236247807741165
58689.0,0.0,0.01687617413699627
58690.0,0.0,0.014555196277797222
58691.0,0.0,0.014743927866220474
58692.0,0.0,0.2273223102092743
58693.0,0.0,0.016435613855719566
58694.0,0.0,0.023887183517217636
58695.0,0.0,0.018074018880724907
58696.0,0.0,0.0014202744932845235
58697.0,0.0,0.02814936637878418
58698.0,0.0,0.024906201288104057
58699.0,1.0,0.024717602878808975
58700.0,0.0,0.010245205834507942
58701.0,0.0,0.0014513740316033363
58702.0,0.0,0.02660154178738594
58703.0,0.0,0.01729780063033104
58704.0,0.0,0.02651994675397873
58705.0,0.0,0.025771109387278557
58706.0,0.0,0.025283005088567734
58707.0,0.0,0.00202526175417006
58708.0,0.0,0.0014202744932845235
58709.0,0.0,0.025771109387278557
58710.0,0.0,0.028148459270596504
58711.0,1.0,0.4632141888141632
58712.0,0.0,0.016435613855719566
58713.0,0.0,0.02314114384353161
58714.0,0.0,0.018215972930192947
58715.0,0.0,0.02445853315293789
58716.0,0.0,0.02651994675397873
58717.0,0.0,0.01740630343556404
58718.0,0.0,0.02236247807741165
58719.0,0.0,0.021602267399430275
58720.0,0.0,0.018199829384684563
58721.0,0.0,0.025771109387278557
58722.0,0.0,0.06175331398844719
58723.0,0.0,0.016293639317154884
58724.0,0.0,0.44324666261672974
58725.0,0.0,0.011426706798374653
58726.0,0.0,0.027234036475419998
58727.0,0.0,0.02445853315293789
58728.0,0.0,0.02608109824359417
58729.0,0.0,0.014243694953620434
58730.0,0.0,0.024717602878808975
58731.0,0.0,0.01521681435406208
58732.0,0.0,0.015041153877973557
58733.0,0.0,0.03922644257545471
58734.0,0.0,0.025771109387278557
58735.0,0.0,0.02667977847158909
58736.0,0.0,0.025771109387278557
58737.0,0.0,0.014700775034725666
58738.0,0.0,0.014175931923091412
58739.0,0.0,0.02663862146437168
58740.0,0.0,0.01335851475596428
58741.0,0.0,0.026481470093131065
58742.0,0.0,0.003731371136382222
58743.0,0.0,0.025771109387278557
58744.0,1.0,0.4835323691368103
58745.0,0.0,0.0028569442220032215
58746.0,0.0,0.015246058814227581
58747.0,0.0,0.02207839861512184
58748.0,0.0,0.024717602878808975
58749.0,0.0,0.019073618575930595
58750.0,0.0,0.01678997464478016
58751.0,0.0,0.02323314920067787
58752.0,0.0,0.022822577506303787
58753.0,0.0,0.026301685720682144
58754.0,0.0,0.023730525746941566
58755.0,0.0,0.031031303107738495
58756.0,0.0,0.027234036475419998
58757.0,0.0,0.015916068106889725
58758.0,0.0,0.014243694953620434
58759.0,0.0,0.043226346373558044
58760.0,1.0,0.4037907123565674
58761.0,0.0,0.05993499979376793
58762.0,0.0,0.017008891329169273
58763.0,0.0,0.02641528844833374
58764.0,0.0,0.0182296484708786
58765.0,0.0,0.038809921592473984
58766.0,0.0,0.001422525616362691
58767.0,0.0,0.02632135897874832
58768.0,0.0,0.024501239880919456
58769.0,0.0,0.024871468544006348
58770.0,0.0,0.015724515542387962
58771.0,0.0,0.010952994227409363
58772.0,0.0,0.024906201288104057
58773.0,0.0,0.02651994675397873
58774.0,0.0,0.43061134219169617
58775.0,0.0,0.014211892150342464
58776.0,0.0,0.016435613855719566
58777.0,0.0,0.026425663381814957
58778.0,0.0,0.023887183517217636
58779.0,0.0,0.015556056052446365
58780.0,0.0,0.025005033239722252
58781.0,0.0,0.03969156742095947
58782.0,0.0,0.01704694889485836
58783.0,0.0,0.4122503101825714
58784.0,0.0,0.025771109387278557
58785.0,0.0,0.02314114384353161
58786.0,0.0,0.027234036475419998
58787.0,0.0,0.023887183517217636
58788.0,0.0,0.02475586347281933
58789.0,0.0,0.02710825391113758
58790.0,0.0,0.015107985585927963
58791.0,0.0,0.037017326802015305
58792.0,0.0,0.03458906710147858
58793.0,0.0,0.024717602878808975
58794.0,0.0,0.02323314920067787
58795.0,0.0,0.025642139837145805
58796.0,0.0,0.015413998626172543
58797.0,1.0,0.05708349123597145
58798.0,0.0,0.02544485405087471
58799.0,0.0,0.03744565322995186
58800.0,0.0,0.025283005088567734
58801.0,0.0,0.02632135897874832
58802.0,0.0,0.018421942368149757
58803.0,0.0,0.0014078195672482252
58804.0,0.0,0.023887183517217636
58805.0,0.0,0.0014202744932845235
58806.0,0.0,0.013825992122292519
58807.0,1.0,0.015413998626172543
58808.0,0.0,0.025771109387278557
58809.0,0.0,0.02398207224905491
58810.0,0.0,0.0014078195672482252
58811.0,0.0,0.05812613666057587
58812.0,0.0,0.015413998626172543
58813.0,0.0,0.03386861830949783
58814.0,0.0,0.024717602878808975
58815.0,0.0,0.01629883050918579
58816.0,0.0,0.02314114384353161
58817.0,0.0,0.056600261479616165
58818.0,0.0,0.04309716820716858
58819.0,0.0,0.024906201288104057
58820.0,0.0,0.023721186444163322
58821.0,0.0,0.02445853315293789
58822.0,0.0,0.01506237406283617
58823.0,0.0,0.058760810643434525
58824.0,0.0,0.0013714581727981567
58825.0,0.0,0.02628469653427601
58826.0,0.0,0.023887183517217636
58827.0,0.0,0.4243214428424835
58828.0,0.0,0.035130035132169724
58829.0,0.0,0.024717602878808975
58830.0,0.0,0.017969094216823578
58831.0,0.0,0.015903720632195473
58832.0,0.0,0.022847406566143036
58833.0,0.0,0.017378058284521103
58834.0,0.0,0.05400810018181801
58835.0,0.0,0.0012283599935472012
58836.0,0.0,0.02663862146437168
58837.0,0.0,0.02314114384353161
58838.0,0.0,0.024906201288104057
58839.0,0.0,0.004551239311695099
58840.0,0.0,0.02188173681497574
58841.0,0.0,0.0626082718372345
58842.0,0.0,0.02826070226728916
58843.0,0.0,0.01697045937180519
58844.0,0.0,0.025771109387278557
58845.0,0.0,0.0014752917923033237
58846.0,0.0,0.001317504676990211
58847.0,0.0,0.02398207224905491
58848.0,0.0,0.027234036475419998
58849.0,0.0,0.01886281929910183
58850.0,0.0,0.016122156754136086
58851.0,0.0,0.01565380021929741
58852.0,0.0,0.016661789268255234
58853.0,1.0,0.028003249317407608
58854.0,0.0,0.02314114384353161
58855.0,0.0,0.025593344122171402
58856.0,0.0,0.026744144037365913
58857.0,0.0,0.015878908336162567
58858.0,0.0,0.027913730591535568
58859.0,0.0,0.04332609102129936
58860.0,0.0,0.029535578563809395
58861.0,0.0,0.03683403134346008
58862.0,0.0,0.40442416071891785
58863.0,0.0,0.02826070226728916
58864.0,0.0,0.024717602878808975
58865.0,0.0,0.03829755261540413
58866.0,0.0,0.03444821760058403
58867.0,0.0,0.023474901914596558
58868.0,0.0,0.02317703142762184
58869.0,0.0,0.02628469653427601
58870.0,0.0,0.02734609693288803
58871.0,0.0,0.02317703142762184
58872.0,0.0,0.017861315980553627
58873.0,0.0,0.025771109387278557
58874.0,0.0,0.05599725991487503
58875.0,0.0,0.01410497073084116
58876.0,0.0,0.024906201288104057
58877.0,0.0,0.025873281061649323
58878.0,0.0,0.02481570467352867
58879.0,0.0,0.010952994227409363
58880.0,0.0,0.0032922266982495785
58881.0,0.0,0.02521074190735817
58882.0,0.0,0.028621075674891472
58883.0,0.0,0.017378058284521103
58884.0,0.0,0.024717602878808975
58885.0,0.0,0.0246882326900959
58886.0,0.0,0.025810956954956055
58887.0,0.0,0.0013462231727316976
58888.0,0.0,0.027234036475419998
58889.0,0.0,0.026425663381814957
58890.0,0.0,0.023721186444163322
58891.0,0.0,0.05515262857079506
58892.0,0.0,0.028187638148665428
58893.0,0.0,0.0179430041462183
58894.0,0.0,0.018040908500552177
58895.0,0.0,0.05730250105261803
58896.0,0.0,0.02632135897874832
58897.0,0.0,0.042050596326589584
58898.0,0.0,0.02361888997256756
58899.0,0.0,0.027234036475419998
58900.0,0.0,0.024906201288104057
58901.0,1.0,0.06066964566707611
58902.0,0.0,0.02618446946144104
58903.0,0.0,0.023479115217924118
58904.0,0.0,0.05599655583500862
58905.0,0.0,0.016829300671815872
58906.0,0.0,0.07182678580284119
58907.0,0.0,0.0014260467141866684
58908.0,0.0,0.024233181029558182
58909.0,0.0,0.019073618575930595
58910.0,0.0,0.026141773909330368
58911.0,1.0,0.016225576400756836
58912.0,0.0,0.017336970195174217
58913.0,0.0,0.02663862146437168
58914.0,0.0,0.024501239880919456
58915.0,0.0,0.0013770321384072304
58916.0,0.0,0.019941624253988266
58917.0,0.0,0.016435613855719566
58918.0,0.0,0.024906201288104057
58919.0,0.0,0.023922305554151535
58920.0,0.0,0.016435613855719566
58921.0,0.0,0.02314114384353161
58922.0,0.0,0.044757403433322906
58923.0,0.0,0.02314114384353161
58924.0,0.0,0.028953054919838905
58925.0,0.0,0.025771109387278557
58926.0,0.0,0.02814936637878418
58927.0,0.0,0.024717602878808975
58928.0,0.0,0.027341853827238083
58929.0,0.0,0.013825992122292519
58930.0,0.0,0.024556316435337067
58931.0,1.0,0.07265160977840424
58932.0,0.0,0.02544485405087471
58933.0,0.0,0.024017333984375
58934.0,0.0,0.017969094216823578
58935.0,0.0,0.029652222990989685
58936.0,0.0,0.015711095184087753
58937.0,0.0,0.06198906525969505
58938.0,0.0,0.05441904067993164
58939.0,0.0,0.025771109387278557
58940.0,0.0,0.025771109387278557
58941.0,0.0,0.025245940312743187
58942.0,0.0,0.022420059889554977
58943.0,0.0,0.05787777155637741
58944.0,0.0,0.02663862146437168
58945.0,0.0,0.025373326614499092
58946.0,1.0,0.4037907123565674
58947.0,0.0,0.3459235727787018
58948.0,0.0,0.0013080606004223228
58949.0,0.0,0.0015091396635398269
58950.0,0.0,0.025873281061649323
58951.0,0.0,0.017739813774824142
58952.0,0.0,0.014743927866220474
58953.0,1.0,0.02826070226728916
58954.0,0.0,0.0012124227359890938
58955.0,0.0,0.027234036475419998
58956.0,0.0,0.0013462231727316976
58957.0,0.0,0.02236247807741165
58958.0,0.0,0.05515262857079506
58959.0,0.0,0.015413998626172543
58960.0,0.0,0.038531553000211716
58961.0,0.0,0.025771109387278557
58962.0,0.0,0.023474901914596558
58963.0,0.0,0.02314114384353161
58964.0,0.0,0.025771109387278557
58965.0,0.0,0.0015030310023576021
58966.0,0.0,0.024906201288104057
58967.0,0.0,0.06498962640762329
58968.0,0.0,0.016122156754136086
58969.0,0.0,0.0014129901537671685
58970.0,0.0,0.017336970195174217
58971.0,0.0,0.05522727221250534
58972.0,0.0,0.024906201288104057
58973.0,0.0,0.01722889207303524
58974.0,0.0,0.02314114384353161
58975.0,0.0,0.001449301722459495
58976.0,0.0,0.05983950197696686
58977.0,0.0,0.015986574813723564
58978.0,0.0,0.05826232582330704
58979.0,0.0,0.024871468544006348
58980.0,0.0,0.024088600650429726
58981.0,0.0,0.01678997464478016
58982.0,0.0,0.015916068106889725
58983.0,0.0,0.05844329297542572
58984.0,0.0,0.016097549349069595
58985.0,0.0,0.017969094216823578
58986.0,0.0,0.06100006029009819
58987.0,0.0,0.016097549349069595
58988.0,0.0,0.0036289540585130453
58989.0,0.0,0.015856554731726646
58990.0,0.0,0.02323314920067787
58991.0,0.0,0.02445853315293789
58992.0,0.0,0.015878908336162567
58993.0,0.0,0.02236247807741165
58994.0,0.0,0.025801602751016617
58995.0,0.0,0.025005033239722252
58996.0,0.0,0.05345886945724487
58997.0,0.0,0.023887183517217636
58998.0,0.0,0.003680066205561161
58999.0,0.0,0.02236247807741165
59000.0,0.0,0.017969094216823578
59001.0,0.0,0.025771109387278557
59002.0,0.0,0.024906201288104057
59003.0,0.0,0.039414212107658386
59004.0,1.0,0.6111487746238708
59005.0,0.0,0.02814936637878418
59006.0,0.0,0.018468478694558144
59007.0,0.0,0.015413998626172543
59008.0,0.0,0.025005033239722252
59009.0,0.0,0.025771109387278557
59010.0,0.0,0.02632135897874832
59011.0,1.0,0.4169633090496063
59012.0,0.0,0.04081787168979645
59013.0,0.0,0.05599655583500862
59014.0,0.0,0.015878908336162567
59015.0,0.0,0.024906201288104057
59016.0,0.0,0.02323314920067787
59017.0,0.0,0.06431885063648224
59018.0,0.0,0.026141773909330368
59019.0,0.0,0.03220509737730026
59020.0,0.0,0.02236247807741165
59021.0,0.0,0.0182296484708786
59022.0,0.0,0.06131014972925186
59023.0,0.0,0.02544485405087471
59024.0,0.0,0.016661789268255234
59025.0,0.0,0.016225576400756836
59026.0,0.0,0.028110241517424583
59027.0,0.0,0.018199829384684563
59028.0,0.0,0.014621013775467873
59029.0,0.0,0.02814936637878418
59030.0,0.0,0.4961549639701843
59031.0,0.0,0.058941278606653214
59032.0,0.0,0.41760286688804626
59033.0,0.0,0.02453019469976425
59034.0,0.0,0.013648834079504013
59035.0,0.0,0.017969094216823578
59036.0,0.0,0.016225576400756836
59037.0,0.0,0.024717602878808975
59038.0,0.0,0.014223608188331127
59039.0,0.0,0.026425663381814957
59040.0,0.0,0.0641307607293129
59041.0,0.0,0.017969094216823578
59042.0,0.0,0.02360360138118267
59043.0,0.0,0.02814936637878418
59044.0,0.0,0.003038539784029126
59045.0,0.0,0.025873281061649323
59046.0,0.0,0.02314114384353161
59047.0,0.0,0.0012970002135261893
59048.0,0.0,0.018700268119573593
59049.0,0.0,0.06369338184595108
59050.0,0.0,0.048187125474214554
59051.0,1.0,0.3147658705711365
59052.0,0.0,0.019022708758711815
59053.0,0.0,0.05638376995921135
59054.0,0.0,0.02814936637878418
59055.0,0.0,0.05848557502031326
59056.0,0.0,0.024906201288104057
59057.0,0.0,0.01607489213347435
59058.0,0.0,0.06113040819764137
59059.0,0.0,0.02663862146437168
59060.0,0.0,0.030195031315088272
59061.0,0.0,0.04518317058682442
59062.0,0.0,0.01899777166545391
59063.0,0.0,0.044249724596738815
59064.0,0.0,0.04426339268684387
59065.0,0.0,0.037240318953990936
59066.0,0.0,0.023853830993175507
59067.0,0.0,0.017969094216823578
59068.0,0.0,0.01899777166545391
59069.0,0.0,0.04094049707055092
59070.0,0.0,0.027234036475419998
59071.0,0.0,0.02544485405087471
59072.0,0.0,0.32667824625968933
59073.0,0.0,0.025771109387278557
59074.0,0.0,0.015413998626172543
59075.0,0.0,0.016122156754136086
59076.0,0.0,0.02663862146437168
59077.0,0.0,0.06139259412884712
59078.0,0.0,0.015413998626172543
59079.0,0.0,0.02632135897874832
59080.0,0.0,0.01899777166545391
59081.0,0.0,0.035290155559778214
59082.0,0.0,0.02632135897874832
59083.0,0.0,0.0013875728473067284
59084.0,0.0,0.016097549349069595
59085.0,0.0,0.06139259412884712
59086.0,0.0,0.024717602878808975
59087.0,0.0,0.035236213356256485
59088.0,0.0,0.024433191865682602
59089.0,0.0,0.0015549295349046588
59090.0,0.0,0.016994355246424675
59091.0,0.0,0.0013770321384072304
59092.0,0.0,0.058941278606653214
59093.0,0.0,0.0019828290678560734
59094.0,0.0,0.025873281061649323
59095.0,0.0,0.003244467545300722
59096.0,0.0,0.0013608243316411972
59097.0,0.0,0.027234036475419998
59098.0,0.0,0.017094489187002182
59099.0,0.0,0.05708349123597145
59100.0,1.0,0.4532330334186554
59101.0,0.0,0.01678997464478016
59102.0,0.0,0.027234036475419998
59103.0,0.0,0.02854803204536438
59104.0,0.0,0.013648834079504013
59105.0,0.0,0.025810956954956055
59106.0,0.0,0.04247872903943062
59107.0,0.0,0.014891373924911022
59108.0,0.0,0.00428552133962512
59109.0,0.0,0.013825992122292519
59110.0,0.0,0.024717602878808975
59111.0,0.0,0.025771109387278557
59112.0,0.0,0.0014513740316033363
59113.0,0.0,0.02526475116610527
59114.0,0.0,0.02660154178738594
59115.0,0.0,0.025245940312743187
59116.0,0.0,0.025771109387278557
59117.0,0.0,0.026300104334950447
59118.0,0.0,0.010861334390938282
59119.0,0.0,0.026141773909330368
59120.0,0.0,0.02628469653427601
59121.0,0.0,0.0246882326900959
59122.0,0.0,0.0013886369997635484
59123.0,0.0,0.0246882326900959
59124.0,0.0,0.02188173681497574
59125.0,0.0,0.016595402732491493
59126.0,0.0,0.016853002831339836
59127.0,0.0,0.06368388235569
59128.0,0.0,0.0014260467141866684
59129.0,0.0,0.02526475116610527
59130.0,0.0,0.037497278302907944
59131.0,0.0,0.025642139837145805
59132.0,0.0,0.015878908336162567
59133.0,0.0,0.027913730591535568
59134.0,0.0,0.025873281061649323
59135.0,0.0,0.02624538727104664
59136.0,0.0,0.011593515053391457
59137.0,0.0,0.0013608243316411972
59138.0,0.0,0.024906201288104057
59139.0,0.0,0.02663862146437168
59140.0,1.0,0.42605772614479065
59141.0,0.0,0.025545770302414894
59142.0,0.0,0.02544485405087471
59143.0,0.0,0.056640829890966415
59144.0,0.0,0.025771109387278557
59145.0,0.0,0.0013770321384072304
59146.0,0.0,0.02628469653427601
59147.0,0.0,0.02481570467352867
59148.0,0.0,0.05698017776012421
59149.0,0.0,0.0015030310023576021
59150.0,0.0,0.023922305554151535
59151.0,0.0,0.06266964226961136
59152.0,0.0,0.025283005088567734
59153.0,0.0,0.48815134167671204
59154.0,0.0,0.027234036475419998
59155.0,0.0,0.05515262857079506
59156.0,0.0,0.025771109387278557
59157.0,0.0,0.025005033239722252
59158.0,0.0,0.017969094216823578
59159.0,1.0,0.9520953893661499
59160.0,0.0,0.06139259412884712
59161.0,0.0,0.023433061316609383
59162.0,0.0,0.011776643805205822
59163.0,0.0,0.017094489187002182
59164.0,0.0,0.0012970002135261893
59165.0,0.0,0.003244467545300722
59166.0,0.0,0.0013536671176552773
59167.0,0.0,0.0014260467141866684
59168.0,0.0,0.024871468544006348
59169.0,0.0,0.6849523782730103
59170.0,0.0,0.027234036475419998
59171.0,0.0,0.014870388433337212
59172.0,0.0,0.003943033050745726
59173.0,0.0,0.0014412200544029474
59174.0,0.0,0.02532961592078209
59175.0,0.0,0.040982529520988464
59176.0,0.0,0.02361888997256756
59177.0,0.0,0.02440434880554676
59178.0,0.0,0.01899777166545391
59179.0,0.0,0.025771109387278557
59180.0,0.0,0.01521681435406208
59181.0,0.0,0.019121738150715828
59182.0,0.0,0.027234036475419998
59183.0,0.0,0.016571078449487686
59184.0,0.0,0.02893596701323986
59185.0,0.0,0.017008891329169273
59186.0,0.0,0.025873281061649323
59187.0,0.0,0.027234036475419998
59188.0,0.0,0.014276108704507351
59189.0,0.0,0.06302212178707123
59190.0,0.0,0.02481570467352867
59191.0,0.0,0.0012283599935472012
59192.0,0.0,0.003296883078292012
59193.0,0.0,0.0014202744932845235
59194.0,0.0,0.011426706798374653
59195.0,0.0,0.014743927866220474
59196.0,0.0,0.019502442330121994
59197.0,0.0,0.025873281061649323
59198.0,0.0,0.014114202931523323
59199.0,0.0,0.025771109387278557
59200.0,0.0,0.02481570467352867
59201.0,0.0,0.016622358933091164
59202.0,0.0,0.0013047066750004888
59203.0,0.0,0.024906201288104057
59204.0,0.0,0.026301685720682144
59205.0,0.0,0.07372260838747025
59206.0,0.0,0.025550583377480507
59207.0,0.0,0.016994355246424675
59208.0,0.0,0.02445853315293789
59209.0,0.0,0.0014078195672482252
59210.0,0.0,0.05774777755141258
59211.0,0.0,0.05373894050717354
59212.0,0.0,0.012085461057722569
59213.0,0.0,0.06166466325521469
59214.0,0.0,0.41751599311828613
59215.0,0.0,0.01678997464478016
59216.0,0.0,0.024556316435337067
59217.0,0.0,0.014555196277797222
59218.0,0.0,0.025873281061649323
59219.0,0.0,0.4047689437866211
59220.0,0.0,0.025005033239722252
59221.0,0.0,0.02663862146437168
59222.0,1.0,0.9469617009162903
59223.0,0.0,0.0013516949256882071
59224.0,0.0,0.018225423991680145
59225.0,0.0,0.017969094216823578
59226.0,0.0,0.0014513740316033363
59227.0,0.0,0.01746722124516964
59228.0,0.0,0.015202022157609463
59229.0,0.0,0.015938570722937584
59230.0,0.0,0.027234036475419998
59231.0,0.0,0.02544485405087471
59232.0,0.0,0.025005033239722252
59233.0,0.0,0.027234036475419998
59234.0,0.0,0.024302981793880463
59235.0,0.0,0.017008891329169273
59236.0,0.0,0.05607227236032486
59237.0,0.0,0.026141773909330368
59238.0,0.0,0.024501239880919456
59239.0,0.0,0.05708349123597145
59240.0,0.0,0.012085461057722569
59241.0,0.0,0.003244467545300722
59242.0,0.0,0.015413998626172543
59243.0,1.0,0.05447521060705185
59244.0,0.0,0.017997104674577713
59245.0,0.0,0.025545770302414894
59246.0,0.0,0.02544485405087471
59247.0,0.0,0.024641184136271477
59248.0,0.0,0.0166352316737175
59249.0,0.0,0.014243694953620434
59250.0,0.0,0.023887183517217636
59251.0,0.0,0.02236247807741165
59252.0,0.0,0.025545770302414894
59253.0,0.0,0.017739813774824142
59254.0,0.0,0.015724515542387962
59255.0,0.0,0.022847406566143036
59256.0,0.0,0.0013608243316411972
59257.0,0.0,0.001260689808987081
59258.0,0.0,0.017868224531412125
59259.0,0.0,0.016293639317154884
59260.0,0.0,0.010836593806743622
59261.0,0.0,0.024906201288104057
59262.0,0.0,0.0013462231727316976
59263.0,0.0,0.024906201288104057
59264.0,0.0,0.022451452910900116
59265.0,0.0,0.05623804032802582
59266.0,0.0,0.017378058284521103
59267.0,0.0,0.0014075487852096558
59268.0,0.0,0.03759479895234108
59269.0,0.0,0.01678997464478016
59270.0,0.0,0.02236247807741165
59271.0,0.0,0.014369134791195393
59272.0,0.0,0.017969094216823578
59273.0,0.0,0.026122327893972397
59274.0,0.0,0.016122156754136086
59275.0,0.0,0.024906201288104057
59276.0,0.0,0.02544485405087471
59277.0,0.0,0.04717712476849556
59278.0,0.0,0.0014459739904850721
59279.0,0.0,0.018199829384684563
59280.0,0.0,0.0032632232178002596
59281.0,0.0,0.024906201288104057
59282.0,0.0,0.05787777155637741
59283.0,0.0,0.05708349123597145
59284.0,0.0,0.060643456876277924
59285.0,1.0,0.4392189085483551
59286.0,0.0,0.02035563439130783
59287.0,0.0,0.0638866275548935
59288.0,0.0,0.019502442330121994
59289.0,0.0,0.02314114384353161
59290.0,0.0,0.015280703082680702
59291.0,0.0,0.02236247807741165
59292.0,1.0,0.4392189085483551
59293.0,0.0,0.02651994675397873
59294.0,0.0,0.003526357701048255
59295.0,1.0,0.6270686984062195
59296.0,0.0,0.022047515958547592
59297.0,0.0,0.02361888997256756
59298.0,0.0,0.024556316435337067
59299.0,0.0,0.023636609315872192
59300.0,0.0,0.02236247807741165
59301.0,0.0,0.0649944394826889
59302.0,0.0,0.025771109387278557
59303.0,0.0,0.017969094216823578
59304.0,0.0,0.025771109387278557
59305.0,0.0,0.05538422241806984
59306.0,0.0,0.024717602878808975
59307.0,1.0,0.02544485405087471
59308.0,0.0,0.024104200303554535
59309.0,0.0,0.0013714581727981567
59310.0,0.0,0.025245940312743187
59311.0,0.0,0.025771109387278557
59312.0,0.0,0.01689310371875763
59313.0,0.0,0.02398207224905491
59314.0,0.0,0.017378058284521103
59315.0,1.0,0.3513956665992737
59316.0,0.0,0.059705499559640884
59317.0,0.0,0.016435613855719566
59318.0,0.0,0.02803678810596466
59319.0,0.0,0.016435613855719566
59320.0,0.0,0.026122327893972397
59321.0,0.0,0.06297677010297775
59322.0,0.0,0.010333484970033169
59323.0,0.0,0.017768170684576035
59324.0,0.0,0.026208091527223587
59325.0,0.0,0.0015549295349046588
59326.0,0.0,0.0013916846364736557
59327.0,1.0,0.4392189085483551
59328.0,0.0,0.02314114384353161
59329.0,0.0,0.058760810643434525
59330.0,0.0,0.02314114384353161
59331.0,0.0,0.02507074922323227
59332.0,0.0,0.03893374651670456
59333.0,0.0,0.025771109387278557
59334.0,0.0,0.02632135897874832
59335.0,0.0,0.024017333984375
59336.0,1.0,0.05515262857079506
59337.0,0.0,0.027001334354281425
59338.0,0.0,0.024906201288104057
59339.0,1.0,0.4532330334186554
59340.0,0.0,0.015413998626172543
59341.0,0.0,0.028660891577601433
59342.0,0.0,0.0017288743983954191
59343.0,1.0,0.8397490978240967
59344.0,0.0,0.05638376995921135
59345.0,0.0,0.027983561158180237
59346.0,0.0,0.02358420193195343
59347.0,0.0,0.025810956954956055
59348.0,0.0,0.023853830993175507
59349.0,0.0,0.027234036475419998
59350.0,0.0,0.0015030310023576021
59351.0,0.0,0.02663862146437168
59352.0,0.0,0.01629883050918579
59353.0,0.0,0.02632135897874832
59354.0,0.0,0.4392189085483551
59355.0,0.0,0.025771109387278557
59356.0,0.0,0.026744144037365913
59357.0,0.0,0.027234036475419998
59358.0,0.0,0.016121400520205498
59359.0,0.0,0.01448389608412981
59360.0,0.0,0.024717602878808975
59361.0,0.0,0.014743927866220474
59362.0,0.0,0.016435613855719566
59363.0,0.0,0.025550583377480507
59364.0,0.0,0.02314114384353161
59365.0,0.0,0.0031331481877714396
59366.0,0.0,0.42740845680236816
59367.0,1.0,0.9661190509796143
59368.0,0.0,0.01629883050918579
59369.0,0.0,0.02544485405087471
59370.0,0.0,0.03922644257545471
59371.0,0.0,0.05599725991487503
59372.0,0.0,0.0013714581727981567
59373.0,0.0,0.06344211101531982
59374.0,0.0,0.0246882326900959
59375.0,1.0,0.43704754114151
59376.0,0.0,0.3521052598953247
59377.0,0.0,0.003244467545300722
59378.0,0.0,0.024717602878808975
59379.0,0.0,0.0034994937013834715
59380.0,0.0,0.010861334390938282
59381.0,1.0,0.4122503101825714
59382.0,0.0,0.0015612490242347121
59383.0,0.0,0.025073513388633728
59384.0,0.0,0.015103204175829887
59385.0,0.0,0.06689666211605072
59386.0,0.0,0.00146260648034513
59387.0,0.0,0.02236247807741165
59388.0,0.0,0.02323314920067787
59389.0,0.0,0.024717602878808975
59390.0,0.0,0.06175331398844719
59391.0,0.0,0.024556316435337067
59392.0,0.0,0.03115367330610752
59393.0,0.0,0.02398207224905491
59394.0,0.0,0.4392189085483551
59395.0,1.0,0.4907330572605133
59396.0,0.0,0.01635638438165188
59397.0,0.0,0.022331207990646362
59398.0,0.0,0.026301685720682144
59399.0,1.0,0.4287012219429016
59400.0,0.0,0.016435613855719566
59401.0,1.0,0.8325076699256897
59402.0,1.0,0.44021958112716675
59403.0,0.0,0.4392189085483551
59404.0,0.0,0.023616880178451538
59405.0,1.0,0.04354483634233475
59406.0,0.0,0.016122156754136086
59407.0,1.0,0.05515262857079506
59408.0,0.0,0.024906201288104057
59409.0,0.0,0.02663862146437168
59410.0,0.0,0.017378058284521103
59411.0,0.0,0.0013140484225004911
59412.0,0.0,0.02663862146437168
59413.0,0.0,0.0013714581727981567
59414.0,0.0,0.017008891329169273
59415.0,0.0,0.018215972930192947
59416.0,0.0,0.027341853827238083
59417.0,0.0,0.024717602878808975
59418.0,0.0,0.0246882326900959
59419.0,0.0,0.017693044617772102
59420.0,0.0,0.02517021633684635
59421.0,0.0,0.014243694953620434
59422.0,0.0,0.025873281061649323
59423.0,0.0,0.016661789268255234
59424.0,0.0,0.031205356121063232
59425.0,1.0,0.41323480010032654
59426.0,0.0,0.0014202744932845235
59427.0,0.0,0.026122327893972397
59428.0,0.0,0.024970166385173798
59429.0,0.0,0.0012283599935472012
59430.0,0.0,0.0014693202683702111
59431.0,0.0,0.024906201288104057
59432.0,0.0,0.025771109387278557
59433.0,0.0,0.0013462231727316976
59434.0,0.0,0.4532330334186554
59435.0,0.0,0.024906201288104057
59436.0,0.0,0.43061134219169617
59437.0,0.0,0.0017473864136263728
59438.0,0.0,0.027234036475419998
59439.0,0.0,0.024906201288104057
59440.0,0.0,0.022166267037391663
59441.0,1.0,0.7086843252182007
59442.0,0.0,0.037079863250255585
59443.0,0.0,0.02314114384353161
59444.0,0.0,0.009604624472558498
59445.0,0.0,0.03452196717262268
59446.0,1.0,0.02632135897874832
59447.0,0.0,0.0031837711576372385
59448.0,0.0,0.012085461057722569
59449.0,0.0,0.024717602878808975
59450.0,0.0,0.02360360138118267
59451.0,0.0,0.0013714581727981567
59452.0,0.0,0.02608109824359417
59453.0,0.0,0.0014572733780369163
59454.0,0.0,0.023887183517217636
59455.0,0.0,0.4047689437866211
59456.0,0.0,0.06689666211605072
59457.0,0.0,0.025005033239722252
59458.0,0.0,0.017739813774824142
59459.0,0.0,0.023922305554151535
59460.0,0.0,0.017810726538300514
59461.0,0.0,0.025873281061649323
59462.0,0.0,0.023887183517217636
59463.0,0.0,0.062166977673769
59464.0,0.0,0.01158476434648037
59465.0,0.0,0.01629883050918579
59466.0,0.0,0.02314114384353161
59467.0,0.0,0.017336970195174217
59468.0,0.0,0.022451452910900116
59469.0,0.0,0.05522727221250534
59470.0,0.0,0.025545770302414894
59471.0,0.0,0.016661789268255234
59472.0,0.0,0.014588294550776482
59473.0,0.0,0.4476095139980316
59474.0,0.0,0.014743927866220474
59475.0,0.0,0.024906201288104057
59476.0,0.0,0.024906201288104057
59477.0,0.0,0.02618446946144104
59478.0,0.0,0.01729780063033104
59479.0,0.0,0.0012106910580769181
59480.0,0.0,0.015803491696715355
59481.0,0.0,0.024906201288104057
59482.0,0.0,0.022685261443257332
59483.0,1.0,0.023922305554151535
59484.0,0.0,0.02632135897874832
59485.0,0.0,0.015502897091209888
59486.0,0.0,0.014555196277797222
59487.0,0.0,0.017968246713280678
59488.0,0.0,0.01692560501396656
59489.0,0.0,0.025550583377480507
59490.0,0.0,0.02445853315293789
59491.0,0.0,0.05454898998141289
59492.0,0.0,0.03859657794237137
59493.0,0.0,0.025771109387278557
59494.0,0.0,0.02632135897874832
59495.0,0.0,0.025873281061649323
59496.0,1.0,0.024871468544006348
59497.0,0.0,0.0263888631016016
59498.0,0.0,0.0012283599935472012
59499.0,0.0,0.024717602878808975
59500.0,0.0,0.025771109387278557
59501.0,0.0,0.017115140333771706
59502.0,0.0,0.02323314920067787
59503.0,0.0,0.025873281061649323
59504.0,0.0,0.0007881945348344743
59505.0,0.0,0.0012315916828811169
59506.0,0.0,0.02544485405087471
59507.0,0.0,0.016293639317154884
59508.0,1.0,0.4617565870285034
59509.0,0.0,0.024906201288104057
59510.0,0.0,0.024717602878808975
59511.0,0.0,0.028748469427227974
59512.0,0.0,0.024717602878808975
59513.0,0.0,0.01575755886733532
59514.0,0.0,0.024871468544006348
59515.0,0.0,0.02521074190735817
59516.0,0.0,0.02560640685260296
59517.0,0.0,0.024555636569857597
59518.0,0.0,0.06469675898551941
59519.0,0.0,0.02445853315293789
59520.0,0.0,0.010952994227409363
59521.0,0.0,0.025073513388633728
59522.0,0.0,0.023474901914596558
59523.0,0.0,0.025771109387278557
59524.0,0.0,0.02628469653427601
59525.0,0.0,0.0014202744932845235
59526.0,0.0,0.039917442947626114
59527.0,0.0,0.01704694889485836
59528.0,0.0,0.0013608243316411972
59529.0,0.0,0.01566341333091259
59530.0,0.0,0.01924145594239235
59531.0,0.0,0.01678997464478016
59532.0,0.0,0.05454898998141289
59533.0,0.0,0.028332654386758804
59534.0,0.0,0.018461834639310837
59535.0,0.0,0.030525844544172287
59536.0,0.0,0.06368388235569
59537.0,0.0,0.016170164570212364
59538.0,0.0,0.014891373924911022
59539.0,0.0,0.02481570467352867
59540.0,0.0,0.010333484970033169
59541.0,0.0,0.017969094216823578
59542.0,0.0,0.039598796516656876
59543.0,0.0,0.02606891840696335
59544.0,0.0,0.027234036475419998
59545.0,0.0,0.02445853315293789
59546.0,0.0,0.013791310600936413
59547.0,0.0,0.43229568004608154
59548.0,0.0,0.03969156742095947
59549.0,0.0,0.0015415605157613754
59550.0,0.0,0.014245864003896713
59551.0,0.0,0.02398207224905491
59552.0,0.0,0.017969094216823578
59553.0,0.0,0.03251703828573227
59554.0,0.0,0.027424313127994537
59555.0,0.0,0.022822577506303787
59556.0,0.0,0.027234036475419998
59557.0,0.0,0.4167942404747009
59558.0,0.0,0.02358420193195343
59559.0,0.0,0.024906201288104057
59560.0,0.0,0.027234036475419998
59561.0,0.0,0.014621013775467873
59562.0,0.0,0.04094049707055092
59563.0,0.0,0.023612098768353462
59564.0,0.0,0.44021958112716675
59565.0,0.0,0.0013714581727981567
59566.0,0.0,0.023887183517217636
59567.0,1.0,0.06441973894834518
59568.0,0.0,0.04041016474366188
59569.0,0.0,0.05834890156984329
59570.0,0.0,0.025873281061649323
59571.0,0.0,0.02653190866112709
59572.0,0.0,0.02544485405087471
59573.0,0.0,0.025873281061649323
59574.0,0.0,0.01607489213347435
59575.0,0.0,0.015878908336162567
59576.0,0.0,0.018215972930192947
59577.0,0.0,0.013526675291359425
59578.0,0.0,0.025005033239722252
59579.0,0.0,0.017969094216823578
59580.0,0.0,0.029045484960079193
59581.0,0.0,0.05708349123597145
59582.0,0.0,0.029021726921200752
59583.0,0.0,0.06100006029009819
59584.0,0.0,0.010245205834507942
59585.0,0.0,0.024590618908405304
59586.0,0.0,0.024906201288104057
59587.0,0.0,0.023730525746941566
59588.0,0.0,0.05903339758515358
59589.0,0.0,0.0012999485479667783
59590.0,1.0,0.4384027123451233
59591.0,0.0,0.022775495424866676
59592.0,0.0,0.02314114384353161
59593.0,0.0,0.02207839861512184
59594.0,0.0,0.010159410536289215
59595.0,0.0,0.02544485405087471
59596.0,0.0,0.027341853827238083
59597.0,0.0,0.02314114384353161
59598.0,1.0,0.4166153073310852
59599.0,0.0,0.015413998626172543
59600.0,0.0,0.0890488252043724
59601.0,0.0,0.016853002831339836
59602.0,0.0,0.02624538727104664
59603.0,0.0,0.024906201288104057
59604.0,0.0,0.0015196154126897454
59605.0,0.0,0.02440434880554676
59606.0,0.0,0.045390501618385315
59607.0,0.0,0.025771109387278557
59608.0,0.0,0.01722889207303524
59609.0,0.0,0.003328826045617461
59610.0,0.0,0.017969094216823578
59611.0,0.0,0.025550583377480507
59612.0,0.0,0.025771109387278557
59613.0,0.0,0.02440434880554676
59614.0,0.0,0.025283005088567734
59615.0,1.0,0.9786312580108643
59616.0,0.0,0.025771109387278557
59617.0,0.0,0.02323314920067787
59618.0,0.0,0.35115551948547363
59619.0,0.0,0.022847406566143036
59620.0,0.0,0.018040908500552177
59621.0,0.0,0.017969094216823578
59622.0,0.0,0.02323314920067787
59623.0,0.0,0.0012720894301310182
59624.0,0.0,0.02314114384353161
59625.0,0.0,0.025245940312743187
59626.0,0.0,0.01704694889485836
59627.0,0.0,0.016097549349069595
59628.0,0.0,0.037081919610500336
59629.0,0.0,0.0014202744932845235
59630.0,0.0,0.015675872564315796
59631.0,0.0,0.02314114384353161
59632.0,0.0,0.024717602878808975
59633.0,0.0,0.06175331398844719
59634.0,1.0,0.9676710963249207
59635.0,0.0,0.03705219551920891
59636.0,0.0,0.016435613855719566
59637.0,0.0,0.027234036475419998
59638.0,0.0,0.02544485405087471
59639.0,0.0,0.02536497637629509
59640.0,0.0,0.05623804032802582
59641.0,0.0,0.039172541350126266
59642.0,0.0,0.34205642342567444
59643.0,0.0,0.055439580231904984
59644.0,0.0,0.026141773909330368
59645.0,0.0,0.017171300947666168
59646.0,0.0,0.039073653519153595
59647.0,0.0,0.010245205834507942
59648.0,0.0,0.06212304159998894
59649.0,0.0,0.01608697883784771
59650.0,0.0,0.0015988856321200728
59651.0,0.0,0.020962970331311226
59652.0,0.0,0.018040908500552177
59653.0,0.0,0.02814936637878418
59654.0,1.0,0.4392189085483551
59655.0,0.0,0.02608109824359417
59656.0,0.0,0.017739813774824142
59657.0,0.0,0.018215972930192947
59658.0,0.0,0.02628469653427601
59659.0,0.0,0.023568198084831238
59660.0,0.0,0.015675872564315796
59661.0,0.0,0.023948587477207184
59662.0,0.0,0.042148660868406296
59663.0,0.0,0.023433061316609383
59664.0,0.0,0.024717602878808975
59665.0,0.0,0.02314114384353161
59666.0,0.0,0.02323314920067787
59667.0,0.0,0.06549248099327087
59668.0,0.0,0.013356479816138744
59669.0,0.0,0.024906201288104057
59670.0,0.0,0.018040908500552177
59671.0,0.0,0.022938264533877373
59672.0,0.0,0.02628469653427601
59673.0,0.0,0.0012333538616076112
59674.0,0.0,0.04041016474366188
59675.0,0.0,0.0626082718372345
59676.0,0.0,0.0014412200544029474
59677.0,0.0,0.06321687996387482
59678.0,0.0,0.026122327893972397
59679.0,0.0,0.0032541954424232244
59680.0,0.0,0.0262258630245924
59681.0,0.0,0.024871468544006348
59682.0,0.0,0.0014752917923033237
59683.0,0.0,0.025771109387278557
59684.0,0.0,0.027234036475419998
59685.0,0.0,0.023853830993175507
59686.0,0.0,0.027341853827238083
59687.0,0.0,0.016225576400756836
59688.0,0.0,0.024624401703476906
59689.0,0.0,0.014743927866220474
59690.0,0.0,0.06344211101531982
59691.0,0.0,0.01678997464478016
59692.0,0.0,0.025873281061649323
59693.0,1.0,0.053925301879644394
59694.0,0.0,0.025771109387278557
59695.0,0.0,0.017997104674577713
59696.0,0.0,0.016225576400756836
59697.0,0.0,0.0016901070484891534
59698.0,0.0,0.01678997464478016
59699.0,0.0,0.024970166385173798
59700.0,0.0,0.01013657171279192
59701.0,0.0,0.024906201288104057
59702.0,1.0,0.02641528844833374
59703.0,0.0,0.025771109387278557
59704.0,0.0,0.05812613666057587
59705.0,0.0,0.025873281061649323
59706.0,1.0,0.417167991399765
59707.0,0.0,0.02314114384353161
59708.0,1.0,0.7737871408462524
59709.0,0.0,0.018040908500552177
59710.0,0.0,0.015194912441074848
59711.0,0.0,0.0015549295349046588
59712.0,0.0,0.05730250105261803
59713.0,0.0,0.027128420770168304
59714.0,0.0,0.016435613855719566
59715.0,0.0,0.0013906233943998814
59716.0,0.0,0.0013714581727981567
59717.0,0.0,0.0322309210896492
59718.0,0.0,0.07317094504833221
59719.0,0.0,0.024871468544006348
59720.0,0.0,0.01575755886733532
59721.0,0.0,0.02314114384353161
59722.0,0.0,0.023922305554151535
59723.0,0.0,0.02323314920067787
59724.0,0.0,0.0012720894301310182
59725.0,0.0,0.025771109387278557
59726.0,0.0,0.024906201288104057
59727.0,0.0,0.022847406566143036
59728.0,0.0,0.024970166385173798
59729.0,0.0,0.4370000660419464
59730.0,0.0,0.02632135897874832
59731.0,0.0,0.06777822971343994
59732.0,0.0,0.023677917197346687
59733.0,0.0,0.03956959396600723
59734.0,0.0,0.016122156754136086
59735.0,0.0,0.027021421119570732
59736.0,0.0,0.025227047502994537
59737.0,0.0,0.4392189085483551
59738.0,0.0,0.02526475116610527
59739.0,0.0,0.027234036475419998
59740.0,0.0,0.018215972930192947
59741.0,0.0,0.01702914573252201
59742.0,0.0,0.012085461057722569
59743.0,0.0,0.04174934700131416
59744.0,0.0,0.039917442947626114
59745.0,0.0,0.029021726921200752
59746.0,0.0,0.053975846618413925
59747.0,1.0,0.40442416071891785
59748.0,0.0,0.04692196473479271
59749.0,0.0,0.016435613855719566
59750.0,0.0,0.024717602878808975
59751.0,0.0,0.025771109387278557
59752.0,1.0,0.05522727221250534
59753.0,0.0,0.03458906710147858
59754.0,0.0,0.025771109387278557
59755.0,0.0,0.022331207990646362
59756.0,0.0,0.01618671976029873
59757.0,0.0,0.015556056052446365
59758.0,0.0,0.05623804032802582
59759.0,0.0,0.01618671976029873
59760.0,0.0,0.024590618908405304
59761.0,0.0,0.04158467799425125
59762.0,0.0,0.01689310371875763
59763.0,0.0,0.01729780063033104
59764.0,0.0,0.03458906710147858
59765.0,0.0,0.003142543137073517
59766.0,0.0,0.017739813774824142
59767.0,1.0,0.03858567029237747
59768.0,0.0,0.057245396077632904
59769.0,0.0,0.03511656075716019
59770.0,0.0,0.025873281061649323
59771.0,0.0,0.026744144037365913
59772.0,0.0,0.014555196277797222
59773.0,0.0,0.01442502997815609
59774.0,0.0,0.4392189085483551
59775.0,0.0,0.023887183517217636
59776.0,0.0,0.024871468544006348
59777.0,0.0,0.027341853827238083
59778.0,0.0,0.025873281061649323
59779.0,0.0,0.023887183517217636
59780.0,0.0,0.02445853315293789
59781.0,0.0,0.027234036475419998
59782.0,0.0,0.0263888631016016
59783.0,0.0,0.025771109387278557
59784.0,0.0,0.018040908500552177
59785.0,0.0,0.04125974327325821
59786.0,0.0,0.016661789268255234
59787.0,0.0,0.024555636569857597
59788.0,0.0,0.0008660730673000216
59789.0,0.0,0.06131014972925186
59790.0,0.0,0.025005033239722252
59791.0,0.0,0.0015091396635398269
59792.0,0.0,0.025771109387278557
59793.0,0.0,0.04420370236039162
59794.0,0.0,0.027234036475419998
59795.0,0.0,0.024590618908405304
59796.0,0.0,0.015413998626172543
59797.0,0.0,0.027234036475419998
59798.0,0.0,0.02475586347281933
59799.0,0.0,0.02358420193195343
59800.0,1.0,0.022847406566143036
59801.0,0.0,0.025771109387278557
59802.0,1.0,0.025550583377480507
59803.0,0.0,0.016435613855719566
59804.0,0.0,0.0013431700645014644
59805.0,0.0,0.024717602878808975
59806.0,0.0,0.02632135897874832
59807.0,0.0,0.024906201288104057
59808.0,0.0,0.02361888997256756
59809.0,0.0,0.016435613855719566
59810.0,0.0,0.0013694989029318094
59811.0,0.0,0.023922305554151535
59812.0,0.0,0.019532792270183563
59813.0,0.0,0.025771109387278557
59814.0,0.0,0.0014202744932845235
59815.0,0.0,0.017378058284521103
59816.0,0.0,0.039073653519153595
59817.0,0.0,0.02013702318072319
59818.0,0.0,0.04174934700131416
59819.0,0.0,0.05623804032802582
59820.0,0.0,0.025771109387278557
59821.0,0.0,0.02445853315293789
59822.0,0.0,0.025771109387278557
59823.0,0.0,0.0012283599935472012
59824.0,0.0,0.05812613666057587
59825.0,0.0,0.025873281061649323
59826.0,0.0,0.01704694889485836
59827.0,0.0,0.034694552421569824
59828.0,0.0,0.05698017776012421
59829.0,0.0,0.03304668888449669
59830.0,0.0,0.02445853315293789
59831.0,0.0,0.015116751194000244
59832.0,0.0,0.016435613855719566
59833.0,0.0,0.4595222473144531
59834.0,0.0,0.026122327893972397
59835.0,0.0,0.023094264790415764
59836.0,0.0,0.0014693202683702111
59837.0,0.0,0.0014401210937649012
59838.0,0.0,0.027955632656812668
59839.0,0.0,0.02236247807741165
59840.0,0.0,0.05708349123597145
59841.0,0.0,0.001163068925961852
59842.0,0.0,0.0008638596627861261
59843.0,0.0,0.35474446415901184
59844.0,0.0,0.02314114384353161
59845.0,0.0,0.024906201288104057
59846.0,0.0,0.05607227236032486
59847.0,1.0,0.06457481533288956
59848.0,0.0,0.02481570467352867
59849.0,0.0,0.024871468544006348
59850.0,0.0,0.02902810275554657
59851.0,0.0,0.02632135897874832
59852.0,0.0,0.001392714912071824
59853.0,0.0,0.025873281061649323
59854.0,0.0,0.003296883078292012
59855.0,0.0,0.024555636569857597
59856.0,0.0,0.023887183517217636
59857.0,0.0,0.03950551897287369
59858.0,0.0,0.02628469653427601
59859.0,0.0,0.024970166385173798
59860.0,0.0,0.022331207990646362
59861.0,0.0,0.02719457447528839
59862.0,0.0,0.025810956954956055
59863.0,0.0,0.01092991791665554
59864.0,0.0,0.014777462929487228
59865.0,0.0,0.025005033239722252
59866.0,0.0,0.017503555864095688
59867.0,0.0,0.04475943744182587
59868.0,0.0,0.027001334354281425
59869.0,0.0,0.01722889207303524
59870.0,0.0,0.05582575500011444
59871.0,0.0,0.024906201288104057
59872.0,0.0,0.06512225419282913
59873.0,0.0,0.4392189085483551
59874.0,0.0,0.025593344122171402
59875.0,0.0,0.010836593806743622
59876.0,0.0,0.026301685720682144
59877.0,0.0,0.055471550673246384
59878.0,0.0,0.4476095139980316
59879.0,0.0,0.016097549349069595
59880.0,0.0,0.025771109387278557
59881.0,0.0,0.017378058284521103
59882.0,0.0,0.4717468023300171
59883.0,0.0,0.025383250787854195
59884.0,0.0,0.015223466791212559
59885.0,0.0,0.024717602878808975
59886.0,0.0,0.0246882326900959
59887.0,0.0,0.023922305554151535
59888.0,0.0,0.0513494536280632
59889.0,0.0,0.02521074190735817
59890.0,0.0,0.015202022157609463
59891.0,0.0,0.017969094216823578
59892.0,0.0,0.06344211101531982
59893.0,0.0,0.0012283599935472012
59894.0,0.0,0.016435613855719566
59895.0,0.0,0.026744144037365913
59896.0,0.0,0.027234036475419998
59897.0,0.0,0.026122327893972397
59898.0,0.0,0.026744144037365913
59899.0,0.0,0.05846336856484413
59900.0,0.0,0.024906201288104057
59901.0,0.0,0.024717602878808975
59902.0,0.0,0.022847406566143036
59903.0,0.0,0.025771109387278557
59904.0,0.0,0.024017333984375
59905.0,0.0,0.027955632656812668
59906.0,0.0,0.016994355246424675
59907.0,0.0,0.025873281061649323
59908.0,0.0,0.02445853315293789
59909.0,0.0,0.024906201288104057
59910.0,0.0,0.02440434880554676
59911.0,0.0,0.06290864944458008
59912.0,1.0,0.015413998626172543
59913.0,0.0,0.024906201288104057
59914.0,0.0,0.0013536671176552773
59915.0,0.0,0.02632135897874832
59916.0,0.0,0.028978295624256134
59917.0,0.0,0.025771109387278557
59918.0,0.0,0.04019296169281006
59919.0,0.0,0.023887183517217636
59920.0,0.0,0.026122327893972397
59921.0,0.0,0.0008371466537937522
59922.0,0.0,0.02358420193195343
59923.0,0.0,0.05708349123597145
59924.0,0.0,0.015675872564315796
59925.0,0.0,0.01687617413699627
59926.0,0.0,0.024717602878808975
59927.0,0.0,0.06021404266357422
59928.0,0.0,0.02632135897874832
59929.0,0.0,0.022653555497527122
59930.0,0.0,0.06465663015842438
59931.0,0.0,0.0014202744932845235
59932.0,1.0,0.4310002028942108
59933.0,0.0,0.025545770302414894
59934.0,0.0,0.0034331486094743013
59935.0,0.0,0.02236247807741165
59936.0,0.0,0.025550583377480507
59937.0,0.0,0.019073618575930595
59938.0,1.0,0.4392189085483551
59939.0,0.0,0.02481570467352867
59940.0,0.0,0.015413998626172543
59941.0,0.0,0.060643456876277924
59942.0,0.0,0.06044430285692215
59943.0,0.0,0.062286633998155594
59944.0,1.0,0.7876763343811035
59945.0,0.0,0.025771109387278557
59946.0,0.0,0.025771109387278557
59947.0,0.0,0.0013714581727981567
59948.0,0.0,0.05846336856484413
59949.0,0.0,0.025771109387278557
59950.0,0.0,0.023636609315872192
59951.0,0.0,0.025771109387278557
59952.0,0.0,0.0013663552235811949
59953.0,0.0,0.025771109387278557
59954.0,0.0,0.04142071679234505
59955.0,0.0,0.058765873312950134
59956.0,0.0,0.017336970195174217
59957.0,0.0,0.025873281061649323
59958.0,1.0,0.04019296169281006
59959.0,0.0,0.017739813774824142
59960.0,0.0,0.025771109387278557
59961.0,0.0,0.024906201288104057
59962.0,0.0,0.05599725991487503
59963.0,0.0,0.017378058284521103
59964.0,0.0,0.025873281061649323
59965.0,0.0,0.04056795686483383
59966.0,0.0,0.01133112795650959
59967.0,0.0,0.02624538727104664
59968.0,0.0,0.026301685720682144
59969.0,0.0,0.0030272032599896193
59970.0,0.0,0.0182296484708786
59971.0,0.0,0.017997104674577713
59972.0,0.0,0.017969094216823578
59973.0,0.0,0.015413998626172543
59974.0,0.0,0.02632135897874832
59975.0,0.0,0.025073513388633728
59976.0,0.0,0.013356479816138744
59977.0,0.0,0.0013447955716401339
59978.0,0.0,0.017969094216823578
59979.0,0.0,0.025873281061649323
59980.0,0.0,0.011022149585187435
59981.0,0.0,0.06618747115135193
59982.0,0.0,0.025771109387278557
59983.0,0.0,0.015903720632195473
59984.0,0.0,0.025771109387278557
59985.0,0.0,0.0013591691385954618
59986.0,0.0,0.02544485405087471
59987.0,0.0,0.04019111022353172
59988.0,0.0,0.02632135897874832
59989.0,0.0,0.053104232996702194
59990.0,0.0,0.02814936637878418
59991.0,0.0,0.025771109387278557
59992.0,0.0,0.024556316435337067
59993.0,0.0,0.0032960905227810144
59994.0,0.0,0.025651903823018074
59995.0,0.0,0.028221415355801582
59996.0,0.0,0.027234036475419998
59997.0,0.0,0.003620080417022109
59998.0,0.0,0.04041016474366188
59999.0,0.0,0.0036478666588664055
